-0.011353 0.401855 0.789551 -0.025300 0.090546 0.176298
0.031128 0.345459 0.758911 -0.109188 0.028762 0.232490
0.032715 0.361450 0.771729 -0.186684 -0.005859 0.239947
0.060425 0.358643 0.743164 -0.258855 -0.046072 0.207457
0.069580 0.342163 0.722168 -0.335286 -0.059920 0.144075
0.072998 0.329346 0.708984 -0.403196 -0.071638 0.067909
0.068237 0.309570 0.695923 -0.465779 -0.104927 0.009055
0.058472 0.295044 0.685669 -0.520639 -0.139015 -0.022104
0.026733 0.291260 0.684082 -0.570972 -0.161917 -0.038083
0.000244 0.289429 0.678223 -0.622104 -0.178429 -0.037550
-0.024536 0.281128 0.667603 -0.679095 -0.183222 -0.014115
-0.046875 0.299561 0.659790 -0.749401 -0.166711 0.045273
-0.044434 0.318848 0.638306 -0.836751 -0.132357 0.145140
-0.026611 0.325195 0.635986 -0.943009 -0.070839 0.240479
-0.008667 0.324097 0.647583 -1.064181 0.001065 0.298003
0.001587 0.315063 0.670166 -1.204794 0.042344 0.315047
0.006226 0.310425 0.712769 -1.332090 0.019441 0.304660
0.005127 0.283081 0.789185 -1.430359 -0.080692 0.278828
0.015747 0.262085 0.879395 -1.477763 -0.271105 0.240746
0.029175 0.256104 0.991821 -1.482024 -0.515047 0.184820
0.050781 0.238525 1.105347 -1.459920 -0.774168 0.124634
0.065063 0.255127 1.209717 -1.397603 -0.994674 0.081225
0.090820 0.295898 1.313110 -1.289747 -1.132890 0.110786
0.139038 0.341187 1.396973 -1.160852 -1.149933 0.209321
0.200684 0.374023 1.463745 -1.054061 -1.010919 0.316644
0.239746 0.408813 1.545532 -0.984288 -0.711318 0.384288
0.255127 0.432129 1.660767 -0.956591 -0.345140 0.408256
0.268433 0.425659 1.798706 -0.921438 -0.045806 0.417310
0.282837 0.397827 1.979248 -0.801598 0.117443 0.403462
0.298218 0.349854 2.187866 -0.552064 0.103862 0.346205
0.300659 0.301880 2.377808 -0.131025 -0.095073 0.251398
0.318481 0.274292 2.495239 0.476431 -0.417044 0.163249
0.357910 0.274658 2.527954 1.190945 -0.706525 0.108655
0.387329 0.308105 2.479370 1.897470 -0.838881 0.075899
0.416504 0.353149 2.360840 2.505459 -0.774434 0.063382
0.439331 0.376099 2.217163 2.955260 -0.533688 0.054061
0.442383 0.380005 2.086060 3.236218 -0.197337 0.042876
0.436646 0.353271 1.960449 3.417044 0.156858 0.032490
0.423584 0.307617 1.854126 3.568841 0.434620 0.021838
0.403931 0.269775 1.736328 3.729960 0.584288 0.004261
0.386230 0.233643 1.602173 3.908921 0.615979 -0.033289
0.375000 0.190430 1.459473 4.085220 0.559787 -0.104927
0.365356 0.161499 1.310181 4.232224 0.462583 -0.201864
0.365845 0.144409 1.152466 4.331025 0.381624 -0.292144
0.364380 0.133179 1.010498 4.351798 0.359521 -0.372037
0.371948 0.126099 0.871216 4.315845 0.411984 -0.437550
0.383667 0.116089 0.753296 4.245806 0.526764 -0.472437
0.397461 0.102417 0.636841 4.152863 0.669507 -0.473236
0.417969 0.107544 0.512085 4.038615 0.813316 -0.470839
0.453979 0.114868 0.393921 3.900932 0.948868 -0.493209
0.469849 0.115356 0.269043 3.729694 1.066578 -0.572304
0.454712 0.112427 0.171997 3.516644 1.125433 -0.716911
0.422119 0.105103 0.090332 3.302530 1.090280 -0.898802
0.394775 0.101196 0.023682 3.117177 0.946738 -1.059121
0.386963 0.089722 -0.051147 2.977630 0.701465 -1.168842
0.394531 0.099976 -0.118652 2.867377 0.392543 -1.238615
0.424683 0.108765 -0.200073 2.752330 0.063648 -1.272703
0.455688 0.119019 -0.279907 2.590413 -0.227430 -1.325166
0.473022 0.109619 -0.350586 2.387750 -0.437284 -1.429561
0.458008 0.117920 -0.399780 2.132890 -0.546471 -1.582956
0.412109 0.137695 -0.442383 1.816245 -0.565113 -1.754194
0.350586 0.130249 -0.454956 1.452996 -0.554194 -1.894008
0.268921 0.135864 -0.447388 1.105726 -0.561118 -1.995206
0.178223 0.147461 -0.435181 0.802663 -0.621039 -2.040746
0.093628 0.162964 -0.416748 0.558189 -0.743542 -2.034621
0.020020 0.164063 -0.409546 0.358722 -0.948868 -1.998668
-0.065308 0.174683 -0.389771 0.196005 -1.219441 -1.951531
-0.132446 0.185181 -0.385376 0.049800 -1.538748 -1.903063
-0.193237 0.205444 -0.388794 -0.142477 -1.831691 -1.868442
-0.267456 0.231934 -0.373779 -0.407190 -2.031691 -1.845007
-0.358276 0.261353 -0.334717 -0.734754 -2.147537 -1.817577
-0.452393 0.290649 -0.262085 -1.089214 -2.190679 -1.747537
-0.536377 0.305176 -0.199341 -1.428229 -2.191478 -1.596005
-0.599243 0.305054 -0.121826 -1.777630 -2.163249 -1.395473
-0.653931 0.303589 -0.025146 -2.149401 -2.063915 -1.156059
-0.705688 0.304077 0.090698 -2.531824 -1.905992 -0.882823
-0.755981 0.285522 0.251099 -2.918242 -1.724367 -0.611718
-0.819580 0.277344 0.439331 -3.237550 -1.594141 -0.368575
-0.874268 0.286621 0.633423 -3.383489 -1.550732 -0.128362
-0.882813 0.282104 0.765625 -3.329161 -1.606924 0.133422
-0.848633 0.281372 0.890625 -3.152330 -1.627963 0.407190
-0.789185 0.306885 0.963379 -2.969907 -1.585087 0.660453
-0.721313 0.344971 1.053223 -2.895073 -1.344075 0.904660
-0.663696 0.390625 1.145996 -2.932091 -0.952330 1.141944
-0.652832 0.442139 1.301392 -3.028229 -0.479893 1.372037
-0.644897 0.470581 1.464355 -3.063382 -0.053262 1.626099
-0.619751 0.457397 1.609985 -2.942477 0.259121 1.877230
-0.599976 0.444580 1.723511 -2.629560 0.427696 2.085752
-0.564575 0.467041 1.759277 -2.180293 0.431425 2.227430
-0.498657 0.524536 1.766724 -1.708389 0.356858 2.318242
-0.404053 0.598877 1.760254 -1.319840 0.259121 2.407190
-0.289917 0.658691 1.747681 -1.020240 0.202397 2.514780
-0.150879 0.695068 1.736816 -0.758722 0.226897 2.612783
-0.019165 0.730713 1.722900 -0.503063 0.336085 2.666045
0.093262 0.733887 1.685791 -0.239947 0.499867 2.646605
0.191650 0.765869 1.651245 0.021571 0.664980 2.549933
0.274780 0.803711 1.617065 0.279361 0.792810 2.450866
0.389526 0.826904 1.554932 0.527830 0.872437 2.400799
0.513062 0.851929 1.481079 0.765646 0.952064 2.354461
0.628174 0.861328 1.399536 0.966178 1.035952 2.253795
0.716064 0.856934 1.303711 1.122237 1.117177 2.064181
0.768311 0.831543 1.205811 1.229294 1.167776 1.784554
0.778931 0.807739 1.129150 1.294274 1.169640 1.454061
0.750366 0.780518 1.033325 1.353662 1.109454 1.120639
0.717163 0.735840 0.943359 1.403995 1.001332 0.818908
0.690918 0.696533 0.848145 1.457523 0.865779 0.571505
0.667236 0.658081 0.763306 1.506258 0.747270 0.389614
0.648560 0.620605 0.672119 1.541944 0.648735 0.263648
0.634521 0.598389 0.579346 1.548336 0.590679 0.159254
0.619751 0.566162 0.487427 1.499601 0.573635 0.056192
0.590576 0.536743 0.400757 1.384554 0.588815 -0.060453
0.547729 0.501343 0.341309 1.226631 0.596804 -0.192543
0.502441 0.469116 0.269775 1.060719 0.562184 -0.327563
0.459595 0.447876 0.225220 0.902264 0.475100 -0.444740
0.424561 0.431030 0.180420 0.762450 0.334754 -0.523036
0.400635 0.423340 0.132935 0.635686 0.159254 -0.564048
0.380859 0.413208 0.089233 0.513449 -0.027164 -0.582157
0.375977 0.410156 0.055176 0.389081 -0.214647 -0.585619
0.378540 0.409424 0.017212 0.251132 -0.386951 -0.595739
0.382690 0.404663 -0.019653 0.085220 -0.505459 -0.634620
0.383911 0.399780 -0.031616 -0.122770 -0.567776 -0.706791
0.367798 0.406372 -0.043213 -0.354461 -0.602397 -0.795206
0.346680 0.411255 -0.030518 -0.575499 -0.630892 -0.879095
0.336426 0.408569 -0.018799 -0.760586 -0.691079 -0.929427
0.338745 0.400513 -0.018799 -0.903595 -0.798935 -0.948069
0.356445 0.394165 -0.025146 -1.021838 -0.934487 -0.959254
0.366577 0.383545 -0.037964 -1.140612 -1.097736 -0.991212
0.368774 0.381104 -0.058960 -1.299600 -1.268708 -1.062850
0.360596 0.406128 -0.080688 -1.539015 -1.421838 -1.193609
0.336914 0.396362 -0.080933 -1.888948 -1.543542 -1.373103
0.287476 0.410767 -0.017822 -2.328096 -1.624501 -1.572037
0.246948 0.393311 0.087524 -2.811718 -1.712384 -1.736884
0.215576 0.348877 0.205811 -3.257790 -1.813316 -1.830626
0.186157 0.278320 0.382813 -3.623169 -1.880692 -1.865246
0.143311 0.199829 0.619141 -3.864714 -1.956059 -1.860186
0.111816 0.133667 0.831787 -3.912384 -2.112650 -1.834887
0.102051 0.063477 1.040161 -3.834354 -2.345140 -1.814913
0.090942 0.028320 1.220825 -3.682823 -2.604527 -1.800799
0.115723 -0.010864 1.352051 -3.577097 -2.727297 -1.792810
0.106079 -0.037476 1.501099 -3.487617 -2.609055 -1.808788
0.073364 -0.060913 1.606934 -3.305193 -2.321172 -1.794407
0.043945 -0.076416 1.656982 -3.052730 -1.971238 -1.701198
0.004761 -0.087036 1.717041 -2.722503 -1.618642 -1.495340
-0.016724 -0.078125 1.718384 -2.370706 -1.403728 -1.236485
-0.010376 -0.042603 1.693970 -2.086285 -1.279361 -0.986152
-0.012329 -0.012451 1.672485 -1.906525 -1.156857 -0.814913
-0.024902 0.055542 1.657471 -1.771771 -1.011451 -0.739281
-0.029785 0.075928 1.603638 -1.650067 -0.796804 -0.732889
-0.042358 0.060547 1.600464 -1.614913 -0.623435 -0.751265
-0.091675 0.095215 1.598389 -1.522237 -0.505726 -0.757390
