0.223633 0.932007 0.321533 0.034088 -0.209055 -0.043675
0.264526 0.898315 0.257813 -0.006391 -0.238881 -0.026897
0.251465 0.920776 0.251099 -0.045806 -0.182956 -0.042610
0.250977 0.903687 0.246826 -0.104394 -0.130759 -0.046072
0.231323 0.908691 0.267334 -0.159787 -0.061518 -0.023435
0.226318 0.896362 0.280029 -0.193076 -0.013582 0.023702
0.232910 0.885864 0.278564 -0.197337 0.020240 0.070306
0.230103 0.881470 0.284424 -0.167244 0.051664 0.096671
0.235352 0.872314 0.291504 -0.121438 0.056458 0.110519
0.249634 0.864258 0.276855 -0.083356 0.027430 0.106258
0.264282 0.864990 0.259644 -0.070040 0.002663 0.080692
0.275513 0.860962 0.247681 -0.082823 -0.007457 0.038083
0.269165 0.850952 0.242676 -0.106525 0.005593 -0.013316
0.254395 0.837280 0.245605 -0.123569 0.020772 -0.050866
0.236816 0.826416 0.228638 -0.129427 0.016245 -0.068708
0.215820 0.815308 0.225586 -0.136618 -0.003728 -0.070839
0.208740 0.784912 0.207275 -0.145140 -0.042077 -0.059387
0.207031 0.766479 0.187012 -0.155260 -0.081225 -0.052996
0.204590 0.726196 0.158081 -0.178429 -0.098269 -0.052996
0.202393 0.676636 0.133179 -0.217577 -0.090546 -0.058322
0.185791 0.618530 0.109375 -0.270040 -0.063648 -0.069241
0.152344 0.533081 0.104736 -0.343808 -0.035686 -0.081758
0.101440 0.447876 0.099731 -0.421039 -0.039680 -0.108123
0.032227 0.379517 0.106201 -0.479893 -0.098802 -0.131824
-0.036133 0.328125 0.107788 -0.503595 -0.218109 -0.104660
-0.094360 0.304321 0.095581 -0.486019 -0.380826 -0.002929
-0.128418 0.319336 0.045410 -0.440213 -0.553928 0.176298
-0.137451 0.322632 -0.008789 -0.400533 -0.688415 0.408788
-0.136963 0.316284 -0.047119 -0.419973 -0.765646 0.642077
-0.133423 0.305664 -0.085938 -0.522237 -0.791744 0.848469
-0.121582 0.301636 -0.106079 -0.711318 -0.759787 1.037550
-0.100464 0.295044 -0.098267 -0.979760 -0.654061 1.222903
-0.061401 0.284790 -0.066528 -1.295340 -0.487883 1.421039
-0.018311 0.285034 -0.016724 -1.626365 -0.284421 1.621837
0.015747 0.326050 0.058472 -1.950466 -0.059654 1.780293
0.070435 0.348511 0.147705 -2.220240 0.149401 1.938216
0.131348 0.355103 0.259399 -2.387750 0.317976 2.133688
0.194702 0.382568 0.346436 -2.441545 0.411984 2.351265
0.287231 0.407471 0.433960 -2.423702 0.432756 2.587217
0.405273 0.411865 0.520874 -2.429028 0.413582 2.790413
0.522583 0.458130 0.613647 -2.511585 0.386152 2.873236
0.612427 0.495117 0.767578 -2.609055 0.345140 2.840213
0.723389 0.491943 0.913574 -2.625832 0.223169 2.732357
0.838867 0.510742 0.975708 -2.511318 0.034354 2.553928
0.949341 0.525146 1.058960 -2.315047 -0.090546 2.320639
1.015625 0.565674 1.042480 -2.073502 -0.166977 2.048735
1.026855 0.654907 1.019409 -1.902264 -0.133156 1.786152
1.002686 0.720947 1.037598 -1.869507 -0.032756 1.591212
0.977661 0.785889 1.077881 -1.908655 0.061252 1.485220
0.951904 0.834717 1.155396 -1.895606 0.120107 1.458056
0.960571 0.834473 1.219360 -1.754194 0.102530 1.498269
1.009155 0.824707 1.250977 -1.496138 0.022636 1.588282
1.103638 0.827637 1.231567 -1.215446 -0.048735 1.678029
1.203125 0.862793 1.204590 -1.031691 -0.040213 1.675899
1.267944 0.917969 1.191162 -0.957923 0.089214 1.551531
1.295288 0.968750 1.219238 -0.932091 0.288149 1.352330
1.302856 1.001343 1.265991 -0.858589 0.448469 1.137150
1.317871 0.998779 1.316528 -0.707856 0.490546 0.940612
1.360596 1.024292 1.341553 -0.490812 0.397869 0.758455
1.420898 1.032593 1.364746 -0.245007 0.244740 0.576032
1.475708 1.013672 1.383789 0.016511 0.071372 0.345140
1.517090 0.997559 1.374146 0.266844 -0.098802 0.051398
1.516235 0.988892 1.357300 0.492943 -0.219441 -0.272170
1.490112 0.956055 1.323730 0.708122 -0.272969 -0.580559
1.445557 0.931152 1.277954 0.909454 -0.273768 -0.854594
1.398193 0.889038 1.218384 1.085752 -0.224767 -1.087350
1.329956 0.832153 1.160522 1.243409 -0.144075 -1.294008
1.256104 0.777222 1.103882 1.379760 -0.068975 -1.472437
1.182129 0.718872 1.041870 1.496405 -0.027164 -1.613848
1.107300 0.660889 0.985474 1.594674 -0.023702 -1.735553
1.041626 0.602173 0.929077 1.670040 -0.041012 -1.846338
0.977417 0.555664 0.866943 1.723835 -0.063915 -1.951531
0.914551 0.520264 0.808716 1.760053 -0.064181 -2.042344
0.852905 0.470215 0.747070 1.777630 -0.047936 -2.115579
0.783081 0.438110 0.681885 1.778429 -0.021571 -2.176032
0.716187 0.423096 0.620605 1.765380 0.011984 -2.208522
0.651978 0.404541 0.549561 1.742743 0.058322 -2.208522
0.590576 0.391479 0.486938 1.697470 0.116644 -2.193609
0.535034 0.376465 0.428345 1.632224 0.174967 -2.169374
0.468994 0.370850 0.380737 1.558189 0.214381 -2.131025
0.417358 0.356323 0.328613 1.492144 0.224234 -2.067111
0.375977 0.337402 0.272095 1.418109 0.209055 -1.992011
0.337646 0.333008 0.226563 1.325699 0.187217 -1.924101
0.294556 0.320557 0.188477 1.215712 0.157923 -1.857790
0.252563 0.303345 0.164185 1.095073 0.117976 -1.785885
0.206421 0.294189 0.135742 0.978961 0.054594 -1.705726
0.157959 0.292358 0.119873 0.872437 -0.022636 -1.617577
0.117554 0.279053 0.097900 0.785886 -0.118242 -1.516644
0.082397 0.272461 0.080322 0.721438 -0.229827 -1.409055
0.046265 0.285034 0.050049 0.659920 -0.336352 -1.289747
0.018311 0.291260 0.004028 0.591212 -0.422903 -1.158722
-0.006836 0.302002 -0.007202 0.503862 -0.472437 -1.026631
-0.023071 0.295410 -0.036987 0.415180 -0.483622 -0.883355
-0.039063 0.288330 -0.059204 0.302530 -0.493209 -0.749933
-0.049194 0.285400 -0.078003 0.175233 -0.487084 -0.631957
-0.068359 0.283691 -0.085571 0.026631 -0.469507 -0.525433
-0.075195 0.288696 -0.095215 -0.135020 -0.452996 -0.426365
-0.075317 0.299194 -0.101318 -0.310786 -0.425300 -0.336085
-0.079590 0.318970 -0.095459 -0.491079 -0.393875 -0.242344
-0.085938 0.332520 -0.087402 -0.672969 -0.369108 -0.144341
-0.091553 0.345093 -0.068115 -0.852463 -0.358455 -0.045007
-0.104248 0.349365 -0.044556 -1.026365 -0.358455 0.054594
-0.098267 0.353271 -0.011230 -1.185619 -0.373103 0.151798
-0.089966 0.342529 0.025024 -1.324634 -0.403728 0.245007
-0.075195 0.324341 0.074585 -1.437816 -0.445539 0.333422
-0.043335 0.302246 0.123779 -1.532889 -0.508389 0.419707
-0.010620 0.299316 0.188110 -1.637017 -0.585353 0.493742
0.023193 0.314087 0.254761 -1.754194 -0.651664 0.536884
0.052002 0.344727 0.318115 -1.863915 -0.672703 0.544075
0.065918 0.393066 0.391235 -1.968575 -0.650599 0.542477
0.076782 0.430786 0.467163 -2.049800 -0.610919 0.563782
0.093262 0.453125 0.516602 -2.074834 -0.566178 0.619973
0.113647 0.464600 0.565918 -2.058322 -0.518775 0.716112
0.144409 0.489868 0.588135 -2.057257 -0.459387 0.837550
0.178833 0.530151 0.614624 -2.105459 -0.345672 0.978695
0.230591 0.563599 0.663330 -2.216778 -0.182690 1.137150
0.286621 0.565918 0.713867 -2.387483 0.013848 1.274567
0.331055 0.566528 0.797607 -2.558988 0.232490 1.361385
0.397583 0.574219 0.908691 -2.694807 0.410386 1.391478
0.450195 0.565186 1.015381 -2.759254 0.528096 1.341944
0.465088 0.560913 1.122192 -2.706525 0.560586 1.232224
0.470337 0.581787 1.194824 -2.511052 0.484421 1.125433
0.483032 0.606079 1.220337 -2.222104 0.320373 1.074567
0.519043 0.634766 1.214844 -1.920905 0.123302 1.080160
0.564331 0.662842 1.193604 -1.650333 -0.047670 1.119308
0.634399 0.689453 1.173218 -1.482557 -0.156059 1.139281
0.703125 0.702148 1.168457 -1.422637 -0.171238 1.083089
0.772705 0.709229 1.195801 -1.415180 -0.104394 0.913715
0.814453 0.701782 1.223145 -1.414381 0.020506 0.630360
0.813721 0.689697 1.249878 -1.397071 0.174168 0.298269
0.784912 0.668213 1.280273 -1.350732 0.309454 0.008788
0.735962 0.632324 1.310181 -1.261252 0.370972 -0.168842
0.687622 0.597656 1.326660 -1.101198 0.307856 -0.226099
0.663086 0.579224 1.311035 -0.873768 0.134487 -0.197870
0.655396 0.585083 1.261475 -0.623702 -0.052463 -0.143009
0.659546 0.600342 1.212158 -0.426099 -0.159787 -0.103595
0.658936 0.600586 1.173462 -0.326498 -0.147270 -0.088415
0.645142 0.583740 1.145508 -0.296937 -0.039148 -0.087350
0.617676 0.558594 1.142212 -0.288149 0.116644 -0.084687
0.591064 0.526001 1.148804 -0.259920 0.249001 -0.070306
0.566772 0.491211 1.142822 -0.186418 0.329694 -0.049268
0.549194 0.465698 1.122925 -0.073768 0.349667 -0.027963
0.528198 0.447876 1.106934 0.065513 0.327031 -0.002663
0.522339 0.439819 1.064087 0.214381 0.267643 0.030626
0.516602 0.441528 1.012573 0.349667 0.204527 0.054328
0.512939 0.443726 0.972168 0.456991 0.168842 0.070839
0.510376 0.441772 0.921143 0.534221 0.158722 0.077497
0.503296 0.436768 0.880737 0.578695 0.167776 0.069241
0.496948 0.427856 0.843018 0.594141 0.184021 0.042876
0.494019 0.416992 0.813599 0.586951 0.196272 0.001598
