-0.100952 0.690918 0.358276 -0.502264 0.299334 0.142743
-0.077759 0.618286 0.362549 -0.686019 0.437017 0.134487
-0.092407 0.598267 0.394653 -0.772836 0.525965 0.113715
-0.093384 0.580322 0.396973 -0.790679 0.535819 0.088948
-0.100586 0.546875 0.394775 -0.756591 0.501198 0.056192
-0.116455 0.520874 0.375122 -0.689481 0.426365 0.023702
-0.130005 0.487671 0.343750 -0.600000 0.316378 0.006658
-0.142090 0.455078 0.317749 -0.504128 0.188016 0.007190
-0.138550 0.405884 0.276367 -0.415979 0.020772 0.041278
-0.124146 0.361450 0.204956 -0.357390 -0.151265 0.088948
-0.118042 0.335449 0.128418 -0.363249 -0.294541 0.127563
-0.122192 0.308350 0.066406 -0.463915 -0.374700 0.128628
-0.135376 0.278564 0.020020 -0.631691 -0.409587 0.109720
-0.142944 0.239990 -0.011108 -0.819973 -0.457523 0.101731
-0.133423 0.193726 -0.036011 -1.020240 -0.521438 0.115047
-0.133545 0.184326 -0.050537 -1.233023 -0.578429 0.140080
-0.126221 0.191650 -0.061035 -1.473236 -0.619973 0.169907
-0.129150 0.206787 -0.032837 -1.740080 -0.642876 0.201864
-0.161743 0.266479 0.043213 -2.006392 -0.684953 0.223702
-0.182861 0.302368 0.172852 -2.213582 -0.803462 0.210919
-0.171753 0.284424 0.317505 -2.275366 -1.065513 0.207190
-0.116333 0.240845 0.430664 -2.175499 -1.475633 0.259654
-0.016846 0.193481 0.476685 -1.976298 -1.923302 0.333156
0.109009 0.205078 0.439575 -1.848469 -2.154461 0.366977
0.181641 0.198486 0.464233 -1.968309 -1.964314 0.344341
0.162476 0.223389 0.517578 -2.321971 -1.495872 0.300399
0.083252 0.272583 0.631958 -2.816511 -0.927031 0.290812
0.007324 0.242676 0.787842 -3.288948 -0.441278 0.390413
-0.032349 0.201172 0.968140 -3.562450 -0.182956 0.575499
-0.002930 0.147217 1.135742 -3.577363 -0.194141 0.804261
0.090698 0.102661 1.246216 -3.427430 -0.416245 0.996272
0.163208 0.119385 1.336060 -3.269507 -0.687084 1.015712
0.172974 0.177856 1.419800 -3.200266 -0.882823 0.828762
0.130249 0.251465 1.567505 -3.175766 -1.030892 0.605593
0.123413 0.277832 1.731689 -3.074035 -1.231158 0.507856
0.162476 0.297607 1.882080 -2.827696 -1.463116 0.576565
0.289917 0.341309 1.967163 -2.463915 -1.636218 0.792543
0.477295 0.408569 1.996582 -2.105459 -1.614115 1.041278
0.645630 0.468872 1.990234 -1.889214 -1.280959 1.130759
0.730469 0.520508 1.981934 -1.836218 -0.664714 0.979494
0.684204 0.559570 2.018066 -1.874834 0.055925 0.672170
0.558716 0.590698 2.071777 -1.884154 0.622370 0.376298
0.421387 0.622192 2.125610 -1.784021 0.887617 0.189880
0.331421 0.613770 2.149902 -1.543542 0.793342 0.110253
0.313477 0.589966 2.177979 -1.206658 0.500133 0.086551
0.339355 0.574219 2.177979 -0.829827 0.147537 0.084154
0.395508 0.572754 2.163940 -0.486019 -0.121971 0.094008
0.457642 0.563599 2.143921 -0.223702 -0.240213 0.086019
0.503052 0.536255 2.163330 -0.027963 -0.186951 0.021039
0.523926 0.504517 2.183594 0.165113 -0.023435 -0.083888
0.508301 0.456177 2.223267 0.403196 0.176032 -0.193609
0.481689 0.416626 2.239136 0.728895 0.319041 -0.275366
0.455444 0.383789 2.211670 1.143808 0.395739 -0.321971
0.433228 0.352173 2.137085 1.610120 0.436218 -0.345140
0.411865 0.339478 2.023926 2.056458 0.460719 -0.368309
0.406250 0.312012 1.894043 2.421838 0.485220 -0.396005
0.397461 0.293213 1.755737 2.697470 0.520107 -0.438615
0.391724 0.278687 1.620728 2.882024 0.565912 -0.491345
0.392700 0.260010 1.492798 2.987750 0.625832 -0.550999
0.384277 0.248291 1.363892 3.046605 0.703862 -0.630626
0.363892 0.230591 1.249146 3.071105 0.798668 -0.733688
0.331543 0.204102 1.137329 3.076432 0.891611 -0.843142
0.293701 0.181396 1.033691 3.072170 0.953928 -0.935286
0.246460 0.165527 0.937988 3.064714 0.973103 -1.001598
0.204956 0.157471 0.831177 3.066312 0.936352 -1.045273
0.173340 0.149170 0.717773 3.064181 0.867909 -1.068975
0.147949 0.141968 0.607910 3.038615 0.794940 -1.073768
0.138428 0.140503 0.513306 2.967776 0.717177 -1.075100
0.133057 0.144165 0.420654 2.853262 0.641012 -1.078029
0.113037 0.140137 0.346069 2.703595 0.578162 -1.082290
0.092773 0.142700 0.263916 2.539281 0.516378 -1.082823
0.065063 0.154663 0.193237 2.371238 0.452197 -1.076431
0.046265 0.143921 0.129028 2.195473 0.394940 -1.073502
0.029419 0.136230 0.072998 2.018908 0.334221 -1.071372
0.012573 0.138672 0.023071 1.845007 0.268975 -1.062850
-0.002197 0.129028 -0.021362 1.659121 0.203995 -1.050333
-0.015137 0.117798 -0.070190 1.466312 0.143276 -1.037017
-0.033936 0.103027 -0.095581 1.262051 0.091345 -1.015979
-0.055786 0.094971 -0.116333 1.063648 0.030093 -0.979760
-0.078979 0.092651 -0.133179 0.877230 -0.045806 -0.923036
-0.083984 0.086670 -0.153931 0.687350 -0.133422 -0.852730
-0.090088 0.084229 -0.180786 0.478296 -0.207190 -0.786951
-0.101440 0.103271 -0.207153 0.252730 -0.255393 -0.731558
-0.109985 0.107300 -0.202515 0.009854 -0.282024 -0.680692
-0.121704 0.114746 -0.205444 -0.231425 -0.323835 -0.629294
-0.131470 0.142334 -0.201904 -0.459920 -0.373901 -0.570706
-0.132935 0.169434 -0.193115 -0.682557 -0.421571 -0.501198
-0.134277 0.199463 -0.171265 -0.893475 -0.459920 -0.421838
-0.128418 0.211548 -0.145874 -1.087350 -0.488415 -0.351798
-0.116943 0.221069 -0.111084 -1.276165 -0.523036 -0.311318
-0.115967 0.220825 -0.056396 -1.480959 -0.578429 -0.306258
-0.111450 0.203613 0.010010 -1.698802 -0.666844 -0.335553
-0.117188 0.200806 0.081787 -1.919041 -0.786418 -0.403995
-0.129761 0.195313 0.166138 -2.113449 -0.922770 -0.529161
-0.168823 0.193726 0.273804 -2.250865 -1.072969 -0.678296
-0.218506 0.205811 0.388794 -2.330226 -1.261518 -0.764847
-0.233032 0.211426 0.490234 -2.351531 -1.486551 -0.747270
-0.260254 0.257324 0.562866 -2.334487 -1.719840 -0.650333
-0.204590 0.250244 0.639893 -2.336352 -1.859121 -0.527563
-0.149414 0.226318 0.716675 -2.395206 -1.860719 -0.427696
-0.109131 0.220215 0.811890 -2.541145 -1.743542 -0.382157
-0.098755 0.212280 0.938477 -2.758455 -1.529427 -0.370706
-0.134766 0.217896 1.099854 -2.982424 -1.266844 -0.366445
-0.178101 0.223755 1.259521 -3.118509 -1.063116 -0.315846
-0.211914 0.234863 1.435181 -3.099867 -0.971505 -0.178695
-0.182983 0.242798 1.545288 -2.928895 -1.005593 0.011984
-0.124878 0.250122 1.643677 -2.674035 -1.056192 0.205859
-0.044312 0.270142 1.707764 -2.373901 -1.078296 0.356325
0.017578 0.298828 1.757568 -2.087883 -1.030626 0.411718
0.057983 0.344116 1.779907 -1.843409 -0.921704 0.357124
0.074951 0.381104 1.788330 -1.644474 -0.745406 0.254061
0.070923 0.417969 1.790649 -1.480426 -0.550999 0.171238
0.063599 0.446777 1.782471 -1.329694 -0.388016 0.138748
0.081665 0.458130 1.757813 -1.183755 -0.252730 0.150200
0.108643 0.443115 1.726440 -1.051931 -0.113449 0.167776
0.121094 0.433105 1.696533 -0.945406 0.041811 0.153928
0.117676 0.406494 1.674683 -0.848735 0.209055 0.116644
0.096436 0.386963 1.651611 -0.732091 0.344607 0.072437
0.072144 0.355835 1.620605 -0.580027 0.434887 0.031158
0.041382 0.323120 1.577393 -0.401065 0.466578 -0.011451
-0.001221 0.312134 1.528931 -0.202929 0.445007 -0.043409
-0.040894 0.298584 1.473511 -0.002929 0.374700 -0.031691
-0.061401 0.289063 1.410400 0.189614 0.269241 0.027963
-0.048218 0.282227 1.331299 0.356325 0.167244 0.109188
-0.039185 0.278442 1.282227 0.468442 0.105459 0.185087
-0.009277 0.277710 1.214478 0.543542 0.070839 0.245539
0.013428 0.272339 1.166504 0.580027 0.071372 0.272170
0.026978 0.271973 1.123901 0.583489 0.096671 0.260719
0.027588 0.269287 1.093506 0.570173 0.134221 0.217843
0.027710 0.252686 1.070313 0.563249 0.165912 0.162716
0.016968 0.240601 1.039307 0.572304 0.180559 0.101198
0.000366 0.234741 1.013184 0.582690 0.185885 0.042344
-0.015747 0.224243 0.980103 0.594940 0.182690 0.006924
-0.035278 0.220825 0.949219 0.611718 0.169108 -0.000799
-0.049927 0.219360 0.916870 0.635686 0.138216 0.023169
-0.050293 0.217407 0.879517 0.655127 0.096138 0.067111
-0.032837 0.220215 0.849731 0.662850 0.052730 0.122503
-0.015259 0.221558 0.824219 0.641811 0.020240 0.175766
0.018066 0.224609 0.791992 0.584021 0.019707 0.213848
0.038330 0.228394 0.776733 0.494274 0.064447 0.223702
0.046021 0.227783 0.774780 0.394940 0.140080 0.209321
0.036743 0.227539 0.769043 0.304128 0.213316 0.182157
0.025269 0.231567 0.771606 0.222636 0.259121 0.150200
0.013184 0.234253 0.789063 0.154727 0.270839 0.119574
0.000977 0.228394 0.796021 0.114780 0.242876 0.095073
-0.008789 0.237915 0.795410 0.098535 0.189348 0.079095
-0.014282 0.249756 0.799561 0.100133 0.127830 0.084154
-0.001709 0.261841 0.786987 0.114514 0.060186 0.110253
0.011230 0.278442 0.780518 0.117976 0.017044 0.136352
0.031128 0.283569 0.772339 0.098535 0.004261 0.151798
