0.107300 0.220337 1.366577 -0.661518 -0.531292 0.058855
0.105347 0.202393 1.499512 -0.574168 -0.484154 0.142210
0.129761 0.218628 1.602783 -0.450067 -0.438881 0.219707
0.163818 0.204956 1.709229 -0.288149 -0.376298 0.303329
0.190796 0.201782 1.805542 -0.098003 -0.298535 0.341411
0.203491 0.187500 1.887817 0.101198 -0.212517 0.339547
0.213501 0.179932 1.966309 0.323302 -0.152863 0.316644
0.196045 0.197510 2.012329 0.593342 -0.122770 0.287883
0.196899 0.206177 2.027832 0.913449 -0.123302 0.285752
0.201538 0.202026 2.012817 1.260186 -0.120107 0.308123
0.215454 0.241333 1.975220 1.591744 -0.111851 0.339547
0.256958 0.245972 1.904053 1.861518 -0.069507 0.382690
0.295898 0.246704 1.838257 2.047936 0.034088 0.405326
0.311401 0.255859 1.783936 2.176032 0.192277 0.397337
0.313232 0.254395 1.743774 2.290013 0.341145 0.369374
0.313843 0.237915 1.696167 2.427963 0.421571 0.338216
0.330322 0.227661 1.617554 2.604527 0.428229 0.308921
0.360718 0.223022 1.531860 2.784820 0.402397 0.279627
0.395264 0.223145 1.430054 2.949934 0.385619 0.247670
0.445801 0.215454 1.318481 3.093475 0.400799 0.202130
0.495117 0.218872 1.182861 3.195206 0.468975 0.127830
0.523926 0.228638 1.048218 3.219441 0.629028 0.017044
0.534058 0.231201 0.923340 3.169641 0.848469 -0.122503
0.523682 0.230835 0.835815 3.069507 1.057257 -0.270306
0.507935 0.218506 0.747192 2.969108 1.194407 -0.394940
0.510742 0.205444 0.679565 2.887084 1.237550 -0.501731
0.509277 0.206177 0.608643 2.820506 1.186684 -0.608788
0.509644 0.202881 0.531250 2.772836 1.079361 -0.707590
0.499634 0.191650 0.456909 2.737683 0.920639 -0.811185
0.496460 0.192627 0.394531 2.722237 0.717710 -0.937417
0.500122 0.185059 0.331909 2.726498 0.465513 -1.062051
0.520874 0.181641 0.265503 2.755526 0.155526 -1.177097
0.549316 0.185669 0.197632 2.792011 -0.183755 -1.273768
0.588379 0.178467 0.101685 2.810120 -0.491611 -1.364314
0.608032 0.183594 -0.007202 2.760053 -0.670040 -1.511585
0.584106 0.205322 -0.103271 2.593076 -0.675366 -1.712650
0.525879 0.215820 -0.163696 2.299601 -0.522770 -1.923569
0.450928 0.207031 -0.184814 1.925699 -0.316112 -2.093475
0.353149 0.190796 -0.182373 1.561917 -0.152330 -2.196804
0.251709 0.176758 -0.169189 1.264181 -0.095606 -2.234621
0.160156 0.159546 -0.144165 1.063382 -0.152064 -2.210120
0.063721 0.149902 -0.146484 0.948868 -0.319041 -2.132357
-0.015503 0.166870 -0.152100 0.882290 -0.581891 -2.021837
-0.071167 0.181885 -0.167725 0.815446 -0.895872 -1.898269
-0.115479 0.194214 -0.189697 0.742743 -1.204527 -1.785353
-0.160034 0.214355 -0.224121 0.648469 -1.456192 -1.706791
-0.202148 0.216187 -0.278687 0.495340 -1.580826 -1.679361
-0.276245 0.199951 -0.319336 0.255659 -1.537417 -1.717443
-0.406860 0.169434 -0.324097 -0.098535 -1.396272 -1.811984
-0.588745 0.146362 -0.276123 -0.527563 -1.259920 -1.936618
-0.785034 0.137329 -0.177368 -0.934754 -1.244474 -2.003995
-0.922974 0.117065 -0.058228 -1.241811 -1.432490 -1.922503
-0.986938 0.109985 0.054688 -1.418642 -1.773103 -1.715313
-0.974243 0.071167 0.142212 -1.495073 -2.131558 -1.398136
-0.924316 0.058838 0.205078 -1.549667 -2.364847 -1.038615
-0.880859 0.068481 0.285522 -1.679095 -2.361917 -0.712384
-0.872559 0.095581 0.356567 -1.928096 -2.127297 -0.459387
-0.916626 0.132568 0.480591 -2.263649 -1.716378 -0.288149
-0.983032 0.160767 0.618774 -2.608256 -1.250599 -0.143009
-1.050659 0.174683 0.785156 -2.861252 -0.845007 0.031425
-1.114624 0.208008 0.931519 -2.959787 -0.584288 0.253262
-1.130859 0.242920 1.054932 -2.887350 -0.461518 0.565646
-1.069458 0.250610 1.135010 -2.702796 -0.397869 0.984021
-0.960571 0.261841 1.192749 -2.529428 -0.304927 1.439414
-0.845459 0.293579 1.283203 -2.461252 -0.100666 1.863116
-0.712891 0.305420 1.392456 -2.503861 0.209055 2.218908
-0.614746 0.335205 1.546753 -2.576032 0.556591 2.475899
-0.530273 0.369263 1.717285 -2.582956 0.835952 2.643142
-0.461426 0.408325 1.870361 -2.411718 0.970972 2.749401
-0.377686 0.460327 1.982666 -2.047404 0.930759 2.846605
-0.244385 0.489868 2.033936 -1.561118 0.752863 2.962450
-0.092773 0.526733 2.038696 -1.059654 0.525433 3.053262
0.053223 0.589600 2.009399 -0.609055 0.349134 3.095340
0.197876 0.684570 1.966309 -0.237017 0.284421 3.098535
0.337891 0.732178 1.923218 0.035419 0.361118 3.091611
0.488403 0.792358 1.858765 0.213049 0.497736 3.040213
0.588989 0.774048 1.835693 0.351265 0.684953 2.899334
0.674561 0.742920 1.792847 0.514248 0.823968 2.673236
0.716431 0.699829 1.723755 0.735020 0.911851 2.364048
0.715210 0.654541 1.619995 0.989348 0.914514 2.004794
0.689697 0.617188 1.492554 1.242610 0.826631 1.661784
0.664185 0.581543 1.343750 1.457257 0.670573 1.370173
0.651733 0.565430 1.187256 1.613316 0.522237 1.142477
0.658447 0.547729 1.041992 1.690013 0.452463 0.998935
0.659790 0.515137 0.898315 1.687616 0.490013 0.900399
0.654175 0.494995 0.776001 1.605859 0.614115 0.790413
0.644775 0.482178 0.670288 1.471105 0.788282 0.684953
0.634033 0.466431 0.571289 1.316644 0.956591 0.580559
0.613525 0.444580 0.494751 1.146738 1.094274 0.448202
0.575439 0.423706 0.420410 0.979760 1.161651 0.276431
0.530029 0.406128 0.363037 0.834621 1.161385 0.079893
0.495361 0.401367 0.323853 0.721438 1.063915 -0.103595
0.461548 0.401733 0.276001 0.652197 0.876964 -0.244474
0.434204 0.382446 0.241821 0.634887 0.652197 -0.343542
0.433594 0.371338 0.176514 0.670040 0.388815 -0.419174
0.462646 0.361328 0.099609 0.703595 0.124900 -0.491079
0.487305 0.361206 0.030640 0.692943 -0.104927 -0.569108
0.512695 0.356689 -0.036865 0.615446 -0.265779 -0.671372
0.543945 0.330811 -0.095703 0.461784 -0.359521 -0.805060
0.555054 0.306152 -0.134644 0.240479 -0.386951 -0.977097
0.546387 0.274658 -0.151611 -0.019707 -0.366711 -1.170972
0.516602 0.241699 -0.159302 -0.310253 -0.300932 -1.366178
0.463257 0.228760 -0.156982 -0.631691 -0.210919 -1.556591
0.404785 0.238647 -0.138550 -0.977097 -0.124368 -1.717177
0.351807 0.275757 -0.091309 -1.307856 -0.071904 -1.792011
0.330566 0.294434 -0.037354 -1.585353 -0.091079 -1.752330
0.330933 0.283813 0.014160 -1.805326 -0.191478 -1.680692
0.325928 0.280884 0.056763 -1.972570 -0.352330 -1.666578
0.319092 0.272705 0.127441 -2.092676 -0.561651 -1.711851
0.306274 0.225952 0.206543 -2.156059 -0.830892 -1.809055
0.262329 0.182495 0.289185 -2.161917 -1.195206 -1.951531
0.183472 0.190674 0.360229 -2.145672 -1.650067 -2.150732
0.129272 0.193604 0.454956 -2.178429 -2.146738 -2.402930
0.086670 0.172119 0.527832 -2.344873 -2.621039 -2.711318
0.013794 0.165649 0.617310 -2.671638 -2.996804 -3.068176
-0.026367 0.096191 0.744751 -3.111052 -3.206392 -3.415180
-0.100220 -0.005737 0.959229 -3.548868 -3.227164 -3.696671
-0.214722 -0.082886 1.155273 -3.818109 -3.181358 -3.824234
-0.394287 -0.175293 1.495483 -3.852730 -3.076964 -3.713449
-0.513550 -0.211182 1.692871 -3.606924 -3.041012 -3.318242
-0.528442 -0.243896 1.809692 -3.140346 -2.923568 -2.698535
-0.484985 -0.308350 1.824829 -2.649800 -2.666312 -1.976298
-0.422974 -0.308960 1.846069 -2.301997 -2.220506 -1.248202
-0.320801 -0.311646 1.882568 -2.166445 -1.633289 -0.632490
-0.246338 -0.313477 1.917358 -2.175233 -0.997337 -0.218642
-0.228882 -0.323730 2.013306 -2.175233 -0.416511 0.035419
-0.228760 -0.306885 2.037476 -2.059654 -0.071105 0.202397
-0.250977 -0.261230 2.054810 -1.807989 0.123835 0.321172
-0.253418 -0.210571 2.023438 -1.451664 0.165113 0.409321
-0.248291 -0.152222 1.971680 -1.056991 0.088948 0.469774
-0.230713 -0.089844 1.871704 -0.671105 -0.064447 0.514514
-0.203369 -0.027832 1.766846 -0.327297 -0.201864 0.536352
-0.154907 0.018188 1.656250 -0.046338 -0.291611 0.541678
-0.105835 0.049561 1.548340 0.142210 -0.307324 0.531558
-0.056641 0.075073 1.461060 0.235952 -0.244208 0.504660
-0.014893 0.066040 1.394287 0.249800 -0.118775 0.462583
-0.008301 0.094727 1.349487 0.215446 0.017310 0.408256
0.003784 0.087036 1.304810 0.194674 0.165646 0.377630
0.009766 0.081055 1.290161 0.193875 0.274301 0.352330
0.014648 0.080688 1.262329 0.222636 0.331824 0.323569
0.018921 0.070679 1.236084 0.270306 0.348868 0.285486
0.020630 0.069824 1.218384 0.315313 0.340080 0.240479
0.016113 0.063721 1.195190 0.361651 0.317443 0.207989
0.024414 0.048096 1.169556 0.415180 0.269241 0.187217
0.028564 0.054199 1.136719 0.479893 0.205326 0.180559
0.037109 0.062866 1.113647 0.547004 0.163782 0.204261
0.059448 0.054565 1.074707 0.595739 0.154993 0.239680
0.070435 0.053223 1.029541 0.625300 0.172304 0.270306
0.069214 0.061890 1.002075 0.642077 0.221838 0.299334
0.076660 0.059448 0.975098 0.646338 0.264980 0.333422
