0.077393 0.356445 0.613403 -0.405859 0.119574 0.028762
0.106201 0.312012 0.616333 -0.553129 0.072969 0.010919
0.070435 0.314209 0.649780 -0.647936 0.083888 -0.052996
0.058838 0.299805 0.662354 -0.725166 0.046605 -0.082557
0.058350 0.286255 0.676758 -0.777896 -0.025033 -0.079627
0.056763 0.272095 0.693481 -0.788016 -0.122770 -0.066045
0.052979 0.270874 0.705566 -0.779760 -0.225033 -0.045806
0.056885 0.268311 0.710815 -0.791478 -0.321971 -0.019973
0.057007 0.274414 0.719360 -0.835419 -0.396005 -0.002663
0.063843 0.285645 0.743774 -0.913715 -0.435686 0.010919
0.080688 0.299438 0.765869 -1.021838 -0.415180 0.021571
0.079590 0.316772 0.800903 -1.133688 -0.341944 0.008788
0.058350 0.327393 0.865967 -1.232490 -0.272969 -0.011984
0.031982 0.346802 0.934570 -1.275366 -0.260719 -0.007190
0.028198 0.375000 0.998657 -1.243409 -0.331025 0.037816
0.038940 0.398804 1.080322 -1.163782 -0.449534 0.102264
0.074341 0.431152 1.159790 -1.064181 -0.570439 0.151265
0.102295 0.504639 1.249634 -0.965646 -0.636218 0.172570
0.114136 0.619629 1.366089 -0.890280 -0.634887 0.189348
0.110352 0.718506 1.523193 -0.842610 -0.548868 0.221305
0.109619 0.744995 1.736206 -0.773103 -0.418109 0.264714
0.137939 0.718872 1.956299 -0.604527 -0.335020 0.298535
0.190918 0.657837 2.142822 -0.277230 -0.320373 0.308655
0.249390 0.599487 2.279175 0.196804 -0.368842 0.278296
0.300903 0.518677 2.349854 0.756858 -0.433555 0.223702
0.338257 0.479126 2.343872 1.315579 -0.484687 0.169640
0.353516 0.477051 2.276367 1.813316 -0.455126 0.144607
0.352417 0.497314 2.175537 2.235686 -0.331558 0.162716
0.351196 0.513306 2.046265 2.584820 -0.117710 0.202663
0.336182 0.504272 1.903198 2.872969 0.144607 0.232756
0.313110 0.495605 1.765503 3.084154 0.370173 0.238881
0.295166 0.478638 1.640503 3.225300 0.516378 0.234621
0.294556 0.452881 1.526489 3.321438 0.574168 0.230626
0.291138 0.438110 1.416870 3.393342 0.577097 0.211984
0.304321 0.401367 1.336304 3.456724 0.533422 0.170439
0.327026 0.353882 1.242310 3.534221 0.451132 0.110786
0.356567 0.320068 1.147095 3.625566 0.362983 0.041811
0.406738 0.289429 1.035400 3.711052 0.297470 -0.024501
0.452881 0.260498 0.918091 3.755260 0.281758 -0.097736
0.480835 0.240479 0.798218 3.749135 0.313449 -0.186684
0.496216 0.218506 0.686401 3.701731 0.368842 -0.292676
0.494263 0.202515 0.585938 3.609587 0.405326 -0.407989
0.489380 0.203491 0.484741 3.485486 0.417044 -0.513449
0.490479 0.218628 0.378052 3.333688 0.415979 -0.598402
0.492432 0.234741 0.274902 3.162450 0.401065 -0.658589
0.494629 0.242676 0.185669 2.982157 0.365646 -0.723835
0.487549 0.242310 0.098511 2.792277 0.302530 -0.817843
0.484985 0.231934 0.028320 2.592277 0.213582 -0.945406
0.472168 0.224731 -0.033203 2.402131 0.078562 -1.081225
0.463379 0.228394 -0.088013 2.211185 -0.096937 -1.218375
0.460083 0.221558 -0.148071 2.010120 -0.270573 -1.348069
0.457520 0.220947 -0.192871 1.782956 -0.414381 -1.466312
0.459717 0.198608 -0.248169 1.521704 -0.506525 -1.583755
0.432739 0.196411 -0.272339 1.217843 -0.523036 -1.727031
0.380981 0.187866 -0.276245 0.894807 -0.486019 -1.864980
0.316772 0.176270 -0.261597 0.609321 -0.442077 -1.970706
0.231079 0.174805 -0.231934 0.387750 -0.438349 -2.036751
0.152344 0.177124 -0.212524 0.264181 -0.499867 -2.038349
0.090210 0.163452 -0.199585 0.217044 -0.655659 -1.980826
0.042480 0.164795 -0.205811 0.207989 -0.884154 -1.907590
-0.005615 0.170410 -0.233398 0.188282 -1.136085 -1.845273
-0.048340 0.175171 -0.266724 0.092410 -1.377364 -1.820772
-0.100098 0.183105 -0.285156 -0.116644 -1.556325 -1.826898
-0.172607 0.194702 -0.283325 -0.419441 -1.621039 -1.843409
-0.262207 0.219971 -0.249023 -0.796272 -1.630626 -1.831425
-0.353760 0.238159 -0.162842 -1.197870 -1.610919 -1.774168
-0.446655 0.250854 -0.071899 -1.540879 -1.593875 -1.652197
-0.530884 0.275879 0.020142 -1.787217 -1.611984 -1.455925
-0.587891 0.299316 0.094238 -1.968043 -1.658589 -1.207989
-0.613159 0.307861 0.169556 -2.125166 -1.721172 -0.922503
-0.627075 0.330200 0.255981 -2.287883 -1.778162 -0.643675
-0.630615 0.335327 0.358643 -2.490812 -1.826898 -0.409587
-0.631470 0.349731 0.494629 -2.700133 -1.852730 -0.244208
-0.629395 0.357422 0.632690 -2.843941 -1.855127 -0.146205
-0.643555 0.365967 0.769531 -2.871904 -1.813316 -0.093742
-0.650513 0.368896 0.885254 -2.780027 -1.720373 -0.029028
-0.666382 0.388916 0.976196 -2.636218 -1.605592 0.107324
-0.660400 0.420410 1.059937 -2.496671 -1.458589 0.361651
-0.640991 0.452026 1.146729 -2.397071 -1.249534 0.722770
-0.603882 0.503784 1.248047 -2.377363 -0.957390 1.143542
-0.534912 0.538940 1.343140 -2.413316 -0.584288 1.531824
-0.480713 0.562134 1.474243 -2.428762 -0.175499 1.797870
-0.437012 0.572998 1.568359 -2.348336 0.184021 1.924101
-0.396484 0.564697 1.658203 -2.143009 0.443941 1.969907
-0.358765 0.588745 1.703247 -1.839947 0.553129 1.970706
-0.307861 0.638916 1.722046 -1.500932 0.533156 1.977097
-0.228882 0.677979 1.697998 -1.176032 0.458589 2.008256
-0.158936 0.723267 1.686279 -0.898003 0.442344 2.033289
-0.097290 0.740112 1.681519 -0.652463 0.501997 2.044740
-0.042114 0.737915 1.672485 -0.426365 0.593875 2.049268
0.017212 0.735962 1.652710 -0.209854 0.701731 2.056991
0.097900 0.773438 1.604004 0.003728 0.810652 2.099601
0.204102 0.780640 1.540527 0.202130 0.958189 2.176565
0.305786 0.788574 1.476196 0.375499 1.117710 2.227696
0.409668 0.796631 1.416260 0.533422 1.265246 2.226099
0.490601 0.798584 1.344238 0.682290 1.366977 2.164314
0.568604 0.787109 1.263550 0.813582 1.408788 2.026365
0.613892 0.767944 1.197632 0.915579 1.409587 1.808788
0.631836 0.753906 1.123291 1.001864 1.357124 1.550999
0.635864 0.728027 1.049683 1.092144 1.249534 1.300133
0.635498 0.699463 0.973877 1.185353 1.100133 1.071105
0.634766 0.677002 0.894897 1.271371 0.939547 0.866844
0.636230 0.650635 0.802979 1.333955 0.798402 0.683356
0.632690 0.624390 0.723877 1.367510 0.716112 0.510786
0.615479 0.601074 0.651245 1.359254 0.690280 0.344341
0.592651 0.577881 0.579224 1.314780 0.693475 0.190146
0.566650 0.552124 0.511108 1.230093 0.699068 0.056724
0.537109 0.532227 0.453247 1.121971 0.689481 -0.053262
0.508179 0.513794 0.402710 1.010120 0.660186 -0.147270
0.481323 0.499512 0.355591 0.897736 0.605326 -0.237017
0.446899 0.482178 0.304688 0.790413 0.518775 -0.328895
0.410889 0.480957 0.269531 0.688149 0.406391 -0.414913
0.393311 0.454834 0.222778 0.587750 0.263915 -0.487617
0.363892 0.454102 0.183838 0.483356 0.108921 -0.546205
0.347412 0.451172 0.140991 0.361917 -0.036751 -0.589880
0.322510 0.451904 0.100586 0.215446 -0.156325 -0.629028
0.302246 0.456421 0.074707 0.053262 -0.244474 -0.661784
0.276123 0.473755 0.044434 -0.112383 -0.321172 -0.684687
0.268433 0.472412 0.022949 -0.295340 -0.384820 -0.696405
0.264282 0.468140 0.010620 -0.486285 -0.438881 -0.708655
0.274048 0.449219 0.011353 -0.685752 -0.497736 -0.732091
0.279785 0.430176 0.010986 -0.913182 -0.563249 -0.786418
0.276245 0.415527 0.038574 -1.156857 -0.619973 -0.871105
0.279053 0.374023 0.085571 -1.393342 -0.686019 -0.974168
0.270142 0.332397 0.158569 -1.626897 -0.790945 -1.092144
0.244629 0.321411 0.230469 -1.838615 -0.941145 -1.219174
0.216797 0.320068 0.321167 -1.983755 -1.111318 -1.320639
0.204468 0.306396 0.397461 -2.084687 -1.291079 -1.392810
0.188477 0.283813 0.476929 -2.200266 -1.435686 -1.472437
0.153687 0.271973 0.568726 -2.318775 -1.539281 -1.550466
0.135132 0.255859 0.649902 -2.410386 -1.602663 -1.597603
0.122070 0.222534 0.725952 -2.494541 -1.602397 -1.618376
0.101074 0.191406 0.815186 -2.551531 -1.528628 -1.620506
0.066772 0.186157 0.911743 -2.566711 -1.433023 -1.578961
0.033569 0.208984 1.002319 -2.545672 -1.360053 -1.476698
0.015869 0.221069 1.077393 -2.508921 -1.312117 -1.358722
0.007690 0.218628 1.152954 -2.451398 -1.270573 -1.269241
0.011719 0.211792 1.205078 -2.362450 -1.241811 -1.238349
0.009155 0.198486 1.243164 -2.263382 -1.220240 -1.269507
-0.005737 0.178345 1.275024 -2.184288 -1.183489 -1.343808
-0.042236 0.149536 1.335693 -2.129161 -1.132890 -1.419973
-0.083374 0.132202 1.379639 -2.069774 -1.095340 -1.471904
-0.125244 0.115967 1.437256 -1.990413 -1.055393 -1.488415
-0.169434 0.116821 1.455444 -1.865513 -1.016778 -1.463648
-0.217651 0.137451 1.469482 -1.678296 -0.958722 -1.365646
-0.228394 0.149658 1.480713 -1.480426 -0.929960 -1.206924
-0.224121 0.160278 1.479370 -1.319041 -0.892410 -1.034621
-0.202271 0.169922 1.469727 -1.217310 -0.821838 -0.884687
-0.181274 0.162842 1.464233 -1.180826 -0.700399 -0.758189
-0.174683 0.165405 1.474731 -1.175499 -0.530493 -0.654061
