0.662109 0.522949 0.317749 -0.310519 -0.362184 0.954194
0.733276 0.494629 0.313354 -0.386951 -0.364314 0.866844
0.756348 0.527954 0.345093 -0.420506 -0.380826 0.729161
0.785034 0.547485 0.371704 -0.428762 -0.475366 0.620772
0.828125 0.574707 0.399780 -0.399201 -0.666844 0.584288
0.902344 0.650391 0.416016 -0.335819 -0.892410 0.631957
1.011719 0.778687 0.406006 -0.242610 -1.048735 0.758189
1.144775 0.945435 0.385010 -0.144341 -1.062583 0.938482
1.311768 1.090454 0.383057 -0.087350 -0.904128 1.117710
1.502930 1.204590 0.415405 -0.068708 -0.647670 1.216245
1.680420 1.183716 0.501099 -0.023169 -0.440746 1.131292
1.839478 1.098999 0.594849 0.080160 -0.405060 0.847137
1.892578 1.029053 0.679321 0.239947 -0.614381 0.352330
1.878418 0.949097 0.739746 0.461784 -1.119041 -0.250067
1.822510 0.910156 0.756104 0.699867 -1.777364 -0.818109
1.774414 0.861084 0.748169 0.903063 -2.394674 -1.244474
1.749390 0.813599 0.716675 1.051931 -2.777364 -1.510786
1.708252 0.765015 0.713867 1.154461 -2.848735 -1.681225
1.642944 0.715332 0.705322 1.260186 -2.644474 -1.806391
1.551880 0.642456 0.692993 1.410386 -2.276431 -1.894008
1.443726 0.570679 0.663574 1.613316 -1.886818 -1.939281
1.334839 0.536499 0.599976 1.846072 -1.553396 -1.942743
1.242554 0.506836 0.527710 2.059387 -1.282557 -1.899601
1.192383 0.475952 0.427246 2.223435 -1.082024 -1.851664
1.153198 0.443848 0.345459 2.300400 -0.911318 -1.837284
1.104492 0.412720 0.280518 2.284687 -0.806658 -1.872969
1.044556 0.369507 0.225464 2.197603 -0.800799 -1.943276
0.995483 0.334351 0.161865 2.081225 -0.894807 -2.024234
0.953491 0.297241 0.080688 1.978162 -1.041545 -2.100666
0.930298 0.282593 -0.019409 1.878296 -1.185619 -2.180559
0.922852 0.256958 -0.145508 1.749933 -1.264714 -2.245539
0.892212 0.243164 -0.256470 1.555260 -1.254860 -2.307856
0.851196 0.222412 -0.351196 1.282290 -1.170972 -2.380559
0.797607 0.201782 -0.411743 0.956059 -1.039680 -2.449534
0.733154 0.165771 -0.433472 0.651664 -0.917710 -2.489214
0.670410 0.125854 -0.450317 0.413848 -0.885752 -2.491345
0.617920 0.089233 -0.477539 0.230093 -0.968842 -2.482823
0.572021 0.049927 -0.495239 0.043675 -1.133156 -2.491079
0.512817 0.008667 -0.497559 -0.167244 -1.320107 -2.528895
0.451050 -0.018555 -0.503662 -0.394407 -1.483356 -2.583489
0.371338 -0.031372 -0.474731 -0.611984 -1.578961 -2.625033
0.289673 -0.028687 -0.467041 -0.811718 -1.594674 -2.613848
0.208374 -0.016724 -0.435669 -0.972836 -1.519308 -2.515579
0.126343 0.002686 -0.412231 -1.097470 -1.411984 -2.348602
0.056519 0.016846 -0.374390 -1.186684 -1.292144 -2.150999
-0.004272 0.022461 -0.354980 -1.239680 -1.192011 -1.940879
-0.062744 0.017090 -0.323364 -1.277230 -1.114514 -1.732623
-0.128784 0.040039 -0.287231 -1.307057 -1.082290 -1.529960
-0.181641 0.054321 -0.260254 -1.340080 -1.101997 -1.293475
-0.227295 0.084717 -0.225464 -1.386418 -1.164314 -1.028762
-0.258179 0.116089 -0.192505 -1.450067 -1.238083 -0.752064
-0.284668 0.138550 -0.143066 -1.523302 -1.307856 -0.472703
-0.300171 0.172729 -0.087280 -1.609055 -1.367244 -0.197071
-0.305664 0.207886 -0.019775 -1.711851 -1.414647 0.069774
-0.297119 0.250610 0.050171 -1.811984 -1.439680 0.340080
-0.282471 0.306519 0.118774 -1.894274 -1.436485 0.629028
-0.238892 0.356567 0.190552 -1.961651 -1.388815 0.931292
-0.174927 0.388062 0.265259 -2.012783 -1.286019 1.217577
-0.095947 0.416016 0.352783 -2.049268 -1.135286 1.450067
-0.030029 0.457031 0.435181 -2.079894 -0.946738 1.609055
0.026245 0.490112 0.551147 -2.109454 -0.750999 1.703861
0.073486 0.539551 0.671753 -2.128895 -0.591212 1.764048
0.099609 0.607666 0.810669 -2.124634 -0.465779 1.831425
0.154663 0.672974 0.875610 -2.063116 -0.383222 1.922503
0.226563 0.715454 0.934814 -1.915313 -0.261252 2.021571
0.293579 0.768555 0.946289 -1.660719 -0.079095 2.094807
0.353760 0.836792 0.938110 -1.377364 0.187750 2.148602
0.415039 0.868652 0.941528 -1.137949 0.550999 2.203196
0.456055 0.927856 0.949951 -0.962184 0.962450 2.233555
0.466553 0.980225 1.002808 -0.840746 1.371238 2.257257
0.472534 1.037964 1.058838 -0.706258 1.670040 2.288682
0.512817 1.084106 1.075684 -0.486285 1.835952 2.321438
0.578735 1.112793 1.051758 -0.158988 1.877763 2.334487
0.673462 1.116699 0.987915 0.221838 1.849534 2.315047
0.780273 1.111572 0.924805 0.565912 1.828762 2.248469
0.881348 1.109863 0.832764 0.822636 1.878029 2.143542
0.949829 1.108032 0.762939 0.967244 2.033555 2.022104
0.994385 1.101807 0.767944 1.012783 2.213315 1.927830
1.031128 1.091675 0.784668 1.060453 2.283622 1.875100
1.116211 1.063599 0.791992 1.192011 2.207457 1.847936
1.223267 1.028564 0.754272 1.448202 2.031957 1.816511
1.331421 1.031372 0.663940 1.807989 1.834620 1.764847
1.463867 1.014648 0.550049 2.173635 1.675366 1.686285
1.587158 1.013306 0.414673 2.464447 1.565912 1.559254
1.675415 1.025879 0.283325 2.656192 1.501198 1.363782
1.732788 1.030273 0.142822 2.705726 1.474301 1.070573
1.735107 1.017700 0.036011 2.531558 1.444474 0.670306
1.708618 0.979370 -0.032715 2.221571 1.373635 0.214115
1.636963 0.947021 -0.061401 1.861784 1.278828 -0.251398
1.542847 0.885254 -0.066162 1.536352 1.144607 -0.673502
1.443604 0.808350 -0.060181 1.299600 0.962184 -1.027164
1.347656 0.730591 -0.060059 1.162450 0.744607 -1.283355
1.259277 0.668213 -0.067505 1.090013 0.525965 -1.433289
1.188965 0.614258 -0.086914 1.043941 0.344607 -1.507856
1.123535 0.563232 -0.099854 0.992011 0.219707 -1.546471
1.059814 0.522339 -0.115112 0.929161 0.151531 -1.575766
0.989014 0.487549 -0.126709 0.856192 0.109987 -1.613049
0.916748 0.460083 -0.149170 0.766977 0.084154 -1.651931
0.838745 0.430298 -0.151611 0.657257 0.066844 -1.684421
0.752319 0.396362 -0.149780 0.561917 0.021838 -1.699867
0.669189 0.367188 -0.151855 0.498003 -0.063648 -1.690013
0.597168 0.339355 -0.172241 0.455126 -0.173103 -1.643675
0.537720 0.319458 -0.202393 0.425832 -0.282557 -1.558189
0.486328 0.302124 -0.237183 0.387217 -0.377896 -1.441811
0.440796 0.283325 -0.277222 0.312916 -0.439680 -1.303063
0.403320 0.264160 -0.297241 0.202130 -0.457257 -1.150999
0.366089 0.258057 -0.321289 0.066578 -0.453529 -0.983755
0.332275 0.243042 -0.327271 -0.081491 -0.427164 -0.797870
0.305786 0.228027 -0.332153 -0.234621 -0.394674 -0.612250
0.279785 0.226196 -0.340454 -0.393076 -0.360320 -0.447403
0.263794 0.218750 -0.343018 -0.566977 -0.333156 -0.302530
0.248047 0.215088 -0.345459 -0.750466 -0.321438 -0.194141
0.223633 0.209717 -0.347046 -0.935819 -0.333955 -0.132357
0.187500 0.205444 -0.331787 -1.118242 -0.415712 -0.108921
0.157227 0.186523 -0.307495 -1.307590 -0.591212 -0.091079
0.140503 0.191284 -0.300293 -1.501997 -0.828762 -0.042344
0.132813 0.243530 -0.308350 -1.704394 -1.031425 0.053795
0.146606 0.266846 -0.303467 -1.911584 -1.110519 0.218109
0.165649 0.294189 -0.316895 -2.136618 -1.069507 0.434354
0.172852 0.332520 -0.303467 -2.391478 -0.915846 0.687084
0.192505 0.359497 -0.278687 -2.666844 -0.710253 0.973103
0.224731 0.376709 -0.228394 -2.941145 -0.521172 1.251398
0.265625 0.396851 -0.149170 -3.196538 -0.402663 1.461784
0.311523 0.418701 -0.026245 -3.429561 -0.417310 1.601598
0.379272 0.448730 0.130981 -3.652197 -0.636218 1.689214
0.480225 0.498169 0.282227 -3.871638 -1.022370 1.731025
0.581665 0.537720 0.442261 -4.063649 -1.448202 1.684953
0.698486 0.553589 0.584106 -4.170972 -1.820772 1.529161
0.831787 0.534058 0.695190 -4.126764 -2.003196 1.320905
0.897339 0.545410 0.810059 -3.916645 -1.973103 1.184288
0.969727 0.561523 0.885986 -3.634620 -1.805593 1.088948
1.019287 0.574707 0.979980 -3.388282 -1.467909 1.071372
1.054810 0.601318 1.013184 -3.263382 -0.994674 1.124900
1.069092 0.609863 1.078125 -3.237284 -0.415446 1.154194
1.055298 0.587402 1.167969 -3.209321 0.140080 1.113449
1.014404 0.557129 1.297607 -3.094541 0.493742 1.006392
0.971680 0.504150 1.405273 -2.806658 0.476964 0.863648
0.959839 0.485107 1.447510 -2.382690 0.085486 0.723569
0.981812 0.515503 1.386719 -1.885220 -0.453529 0.599201
1.003418 0.560059 1.293701 -1.452197 -0.836218 0.491345
1.015259 0.593750 1.197876 -1.160053 -0.949134 0.400533
0.993530 0.613647 1.112793 -0.986951 -0.811984 0.309454
0.955933 0.612305 1.054932 -0.885486 -0.515579 0.237284
0.910767 0.591431 1.018311 -0.822636 -0.176565 0.210919
0.876709 0.568848 0.993042 -0.762983 0.109720 0.224767
0.855469 0.539673 0.982666 -0.673502 0.298269 0.257257
0.848633 0.520508 0.961182 -0.553662 0.375499 0.283888
0.847534 0.516113 0.930542 -0.438881 0.390679 0.287617
0.841675 0.511230 0.901245 -0.345672 0.380826 0.258056
0.826294 0.500854 0.882568 -0.268975 0.342477 0.194407
