1.401367 0.645386 0.401978 0.798935 -0.300666 0.727297
1.516968 0.620850 0.358032 0.925166 -0.279627 0.670573
1.571655 0.655762 0.331543 1.046072 -0.280160 0.555792
1.619995 0.695313 0.319702 1.121971 -0.351798 0.384288
1.667847 0.690308 0.308594 1.161119 -0.489481 0.163515
1.685913 0.699951 0.288452 1.204527 -0.686285 -0.133955
1.706543 0.694702 0.246826 1.229028 -0.891877 -0.454860
1.713379 0.669922 0.208374 1.200000 -1.047403 -0.783755
1.697510 0.634155 0.179199 1.130759 -1.139281 -1.113981
1.667603 0.601563 0.143188 1.056991 -1.185353 -1.416778
1.627075 0.576660 0.112183 0.993609 -1.177630 -1.683089
1.580933 0.528198 0.075073 0.917710 -1.115047 -1.906791
1.520020 0.489746 0.045044 0.828762 -1.009321 -2.099068
1.455200 0.448608 0.025879 0.733688 -0.868975 -2.271638
1.382935 0.401489 0.018921 0.654594 -0.714248 -2.436485
1.315430 0.375610 0.008789 0.608522 -0.569640 -2.594674
1.244141 0.348755 -0.013916 0.584288 -0.440479 -2.756858
1.157593 0.311768 -0.030884 0.545939 -0.325166 -2.929694
1.067871 0.280029 -0.037720 0.499068 -0.246338 -3.081758
0.989502 0.246094 -0.055420 0.466578 -0.212250 -3.191478
0.911743 0.215210 -0.090942 0.454594 -0.222636 -3.268975
0.838745 0.184448 -0.130981 0.446072 -0.258855 -3.306258
0.777588 0.143921 -0.177612 0.421039 -0.339547 -3.305459
0.723145 0.105225 -0.216919 0.377097 -0.455126 -3.260719
0.695801 0.071899 -0.271240 0.305726 -0.569374 -3.180293
0.671997 0.050537 -0.322510 0.193609 -0.646072 -3.088415
0.624878 0.050415 -0.371826 0.027430 -0.663648 -3.027696
0.577148 0.056763 -0.396729 -0.207457 -0.625832 -3.018375
0.502563 0.076660 -0.425049 -0.455393 -0.559787 -3.032756
0.422241 0.093262 -0.426880 -0.658322 -0.478828 -3.030626
0.343018 0.090698 -0.432861 -0.834887 -0.427164 -3.002397
0.255737 0.069702 -0.414917 -0.997869 -0.438083 -2.950999
0.164063 0.053467 -0.374756 -1.137683 -0.535020 -2.856192
0.069702 0.054688 -0.344971 -1.236751 -0.736085 -2.696405
-0.007080 0.067749 -0.306274 -1.272969 -0.989614 -2.459654
-0.067627 0.071289 -0.272217 -1.278296 -1.295606 -2.157923
-0.101196 0.107422 -0.258667 -1.289481 -1.589081 -1.834088
-0.113892 0.136230 -0.237061 -1.347803 -1.820240 -1.495340
-0.107056 0.164307 -0.210571 -1.462583 -1.922237 -1.147537
-0.103394 0.194824 -0.178467 -1.653795 -1.876698 -0.806125
-0.108765 0.229980 -0.121094 -1.914780 -1.708122 -0.498535
-0.120117 0.267822 -0.027954 -2.200533 -1.455659 -0.251132
-0.133301 0.285278 0.086548 -2.448735 -1.183755 -0.086818
-0.162476 0.302856 0.198853 -2.609854 -0.945939 0.016778
-0.197266 0.334595 0.318726 -2.664980 -0.776298 0.098802
-0.230469 0.359619 0.432495 -2.612783 -0.699334 0.196272
-0.256958 0.384155 0.530029 -2.473502 -0.724634 0.342210
-0.262695 0.416870 0.614746 -2.291079 -0.829827 0.548868
-0.238647 0.453979 0.682007 -2.092144 -0.951798 0.805326
-0.191650 0.488281 0.729858 -1.891079 -1.028495 1.092676
-0.128662 0.538574 0.787720 -1.717976 -1.020240 1.373369
-0.056641 0.578735 0.857422 -1.579228 -0.909454 1.615180
0.022339 0.601074 0.921997 -1.433289 -0.743009 1.800000
0.094360 0.643799 0.988647 -1.245806 -0.576298 1.941411
0.168823 0.683960 1.043213 -1.033289 -0.406391 2.049800
0.239258 0.708740 1.111328 -0.826365 -0.212517 2.143276
0.298340 0.750244 1.160889 -0.630093 -0.045806 2.251398
0.368774 0.836426 1.229858 -0.444740 0.107057 2.401598
0.495483 0.894409 1.255737 -0.210120 0.273236 2.622104
0.686401 0.943970 1.236694 0.118242 0.521172 2.875633
0.905884 0.972168 1.161133 0.503595 0.898535 3.079095
1.102173 0.994385 1.068237 0.871372 1.405593 3.135020
1.209839 1.018433 1.000366 1.100932 1.931824 2.992543
1.219604 1.093994 0.987305 1.198935 2.297204 2.716911
1.196411 1.141357 0.989380 1.277763 2.337417 2.378961
1.221191 1.144897 0.960571 1.441278 2.004261 2.017843
1.317749 1.135376 0.837891 1.758722 1.446072 1.704128
1.426147 1.125366 0.654053 2.171238 0.918509 1.477497
1.522461 1.135986 0.450195 2.482557 0.562450 1.271638
1.603760 1.116821 0.271973 2.560586 0.417310 1.048202
1.646729 1.083862 0.128296 2.413848 0.421305 0.761651
1.621704 1.029053 0.061279 2.119041 0.492943 0.405593
1.558105 0.959351 0.031616 1.797071 0.526498 0.022903
1.472656 0.881226 -0.002686 1.555260 0.498269 -0.331292
1.392334 0.794434 -0.031494 1.407190 0.445539 -0.634887
1.299072 0.710449 -0.074463 1.328096 0.379760 -0.872437
1.188354 0.634155 -0.105225 1.280959 0.300666 -1.053262
1.081787 0.569946 -0.134277 1.234887 0.182423 -1.181358
0.974854 0.508667 -0.174194 1.174967 0.042610 -1.264980
0.876953 0.456787 -0.204346 1.101465 -0.075632 -1.309454
0.776001 0.408447 -0.231689 1.009321 -0.152863 -1.317177
0.683350 0.360474 -0.269531 0.908655 -0.200266 -1.288149
0.596436 0.328979 -0.299927 0.796272 -0.224767 -1.233289
0.532471 0.285156 -0.338989 0.662850 -0.231691 -1.133955
0.484985 0.263672 -0.389893 0.521172 -0.218908 -0.990413
0.435425 0.253784 -0.430420 0.381358 -0.193875 -0.802929
0.395020 0.236450 -0.468262 0.239414 -0.172304 -0.592810
0.361938 0.221802 -0.508911 0.086285 -0.163515 -0.393875
0.320679 0.201904 -0.536255 -0.081758 -0.154727 -0.203995
0.282959 0.182251 -0.559082 -0.267909 -0.170972 -0.016245
0.251343 0.163940 -0.578369 -0.485486 -0.201332 0.170706
0.248291 0.137939 -0.589478 -0.727031 -0.245806 0.355526
0.238770 0.123779 -0.605347 -0.971238 -0.316112 0.499601
0.231689 0.109009 -0.603516 -1.204261 -0.402397 0.594940
0.228271 0.085938 -0.609131 -1.410386 -0.505459 0.656991
0.218506 0.070068 -0.618896 -1.595739 -0.603995 0.710519
0.205688 0.061279 -0.631592 -1.806924 -0.685220 0.762716
0.189087 0.040894 -0.648682 -2.060453 -0.741411 0.811451
0.169189 0.013306 -0.647949 -2.341145 -0.762450 0.867909
0.139648 -0.007935 -0.620972 -2.637816 -0.793076 0.958455
0.139038 -0.011719 -0.589600 -2.934754 -0.880692 1.116645
0.156128 0.002441 -0.542847 -3.223169 -0.992543 1.338216
0.212891 -0.004639 -0.450928 -3.520373 -1.087617 1.615180
0.306519 -0.007690 -0.320190 -3.843409 -1.190679 1.937417
0.419434 0.018921 -0.103760 -4.203462 -1.273768 2.254594
0.629517 0.026733 0.130371 -4.550999 -1.331025 2.523036
0.877319 0.053223 0.328979 -4.820772 -1.310519 2.644208
1.115845 0.025635 0.661743 -5.051132 -1.172304 2.574700
1.390259 0.000366 1.023438 -5.042610 -1.017310 2.332623
1.581299 0.010010 1.417480 -4.797071 -0.885486 1.961385
1.669434 0.060913 1.592285 -4.340612 -0.747803 1.568842
1.736328 -0.000854 1.798706 -3.780293 -0.527563 1.282557
1.712158 0.134033 1.830566 -3.094008 -0.327563 1.079095
1.585083 0.217651 1.809448 -2.403196 -0.073236 0.997603
1.545776 0.270996 1.679810 -1.860985 0.083356 1.005593
1.435181 0.443970 1.563843 -1.450866 0.263648 0.995206
1.370605 0.512695 1.422607 -1.178429 0.391478 1.025566
1.336304 0.570435 1.265503 -1.003196 0.471904 1.003196
1.296875 0.641357 1.156494 -0.909454 0.526498 0.924101
1.282593 0.602051 1.090576 -0.854061 0.548602 0.823169
1.258789 0.624390 1.015015 -0.778162 0.498535 0.658322
1.237671 0.591797 0.952271 -0.681225 0.439414 0.465246
1.203369 0.577515 0.899536 -0.596272 0.355526 0.249001
1.159180 0.553589 0.868774 -0.547004 0.291878 0.035153
1.093994 0.541016 0.853638 -0.495340 0.239414 -0.145672
1.031128 0.514893 0.846313 -0.413316 0.175233 -0.263116
0.983765 0.498901 0.828613 -0.287084 0.082024 -0.317443
0.951294 0.488892 0.800171 -0.148868 -0.009321 -0.327563
0.935181 0.479248 0.759155 -0.031691 -0.069241 -0.307324
0.932861 0.452881 0.724487 0.064181 -0.075632 -0.273768
0.927979 0.429810 0.686890 0.136884 -0.049001 -0.254860
0.919067 0.403442 0.657104 0.199201 0.012250 -0.242344
0.920776 0.379028 0.629517 0.237550 0.091877 -0.236485
0.910889 0.366577 0.608032 0.241811 0.194141 -0.243142
0.891357 0.353027 0.590942 0.215446 0.317710 -0.265513
0.855103 0.328735 0.600464 0.187750 0.418642 -0.293475
0.818481 0.314575 0.601929 0.196538 0.424767 -0.309987
0.793213 0.314941 0.613647 0.239680 0.360586 -0.309188
0.784424 0.295898 0.607300 0.293475 0.251132 -0.293475
0.783081 0.280518 0.608521 0.345140 0.115313 -0.270573
0.786377 0.277100 0.601196 0.413049 -0.026099 -0.247137
0.796997 0.283325 0.568604 0.482557 -0.139281 -0.223968
0.807007 0.279419 0.549194 0.520905 -0.190945 -0.213049
0.825073 0.277954 0.522339 0.525965 -0.177097 -0.211185
0.835815 0.287598 0.497070 0.505992 -0.063648 -0.221838
0.848633 0.287354 0.468506 0.452730 0.142743 -0.241811
0.837891 0.278564 0.471069 0.372836 0.424501 -0.257523
0.816895 0.266724 0.484619 0.290812 0.695606 -0.260186
0.791748 0.260376 0.518433 0.244208 0.879361 -0.243675
0.771484 0.248657 0.550293 0.255393 0.917710 -0.213049
