0.460449 0.884399 0.031860 0.125166 -0.379228 -0.166445
0.548950 0.839355 -0.002441 0.176032 -0.508921 -0.124900
0.560913 0.828369 0.020996 0.247137 -0.483089 -0.135020
0.572021 0.866699 0.009277 0.306791 -0.436218 -0.177364
0.582642 0.864380 -0.023804 0.335553 -0.344607 -0.245007
0.573486 0.851807 -0.059448 0.331292 -0.216245 -0.335819
0.542358 0.843994 -0.061279 0.277497 -0.080959 -0.426897
0.506226 0.833252 -0.060303 0.195206 0.010919 -0.496937
0.465698 0.819458 -0.073486 0.111585 0.058322 -0.536884
0.423828 0.798340 -0.078369 0.039148 0.104394 -0.560852
0.375610 0.777588 -0.092041 -0.018109 0.154194 -0.577630
0.315186 0.761841 -0.097534 -0.068708 0.202929 -0.584288
0.252197 0.731201 -0.109131 -0.123569 0.234354 -0.573635
0.178833 0.689209 -0.091675 -0.173635 0.233555 -0.539015
0.096313 0.650635 -0.063721 -0.205593 0.168575 -0.467643
0.025635 0.616699 -0.020508 -0.170439 0.027963 -0.332091
-0.017334 0.591431 -0.010986 -0.041012 -0.181891 -0.119308
-0.040894 0.555664 -0.014526 0.158455 -0.402663 0.155260
-0.036011 0.532715 -0.035278 0.381624 -0.604527 0.460719
-0.012573 0.486328 -0.078857 0.564314 -0.748336 0.770706
0.022583 0.450195 -0.138306 0.663116 -0.811718 1.072703
0.052368 0.418091 -0.178711 0.633822 -0.752863 1.350732
0.071899 0.385620 -0.208374 0.507856 -0.606658 1.586418
0.093018 0.356323 -0.212891 0.327830 -0.414381 1.769907
0.087891 0.332275 -0.197998 0.133156 -0.227696 1.917177
0.085571 0.320068 -0.189087 -0.037550 -0.091877 2.055393
0.088135 0.288208 -0.170166 -0.184288 -0.011718 2.200266
0.104370 0.257080 -0.144897 -0.283089 0.000533 2.356858
0.125488 0.229736 -0.133667 -0.339015 -0.054328 2.512916
0.144775 0.213257 -0.112671 -0.368575 -0.133688 2.646072
0.176147 0.208008 -0.102905 -0.374434 -0.209321 2.768309
0.228516 0.207642 -0.092529 -0.372570 -0.236218 2.889747
0.299683 0.232300 -0.086182 -0.380826 -0.182956 2.995473
0.386963 0.270264 -0.073853 -0.395473 -0.027430 3.085486
0.487549 0.297729 -0.071777 -0.401864 0.205326 3.128628
0.583374 0.311523 -0.040527 -0.398668 0.473236 3.133955
0.663574 0.305542 -0.019165 -0.398402 0.699601 3.142210
0.706299 0.323730 0.013428 -0.417044 0.830360 3.127031
0.729004 0.364136 0.052124 -0.428495 0.833289 3.146471
0.804688 0.384766 0.099243 -0.385885 0.708921 3.259387
0.967651 0.381958 0.106445 -0.220240 0.497736 3.466844
1.172241 0.402588 0.069214 0.040746 0.309188 3.714514
1.413818 0.442017 -0.015259 0.266045 0.256458 3.890280
1.611694 0.502808 -0.092896 0.319574 0.433555 3.861252
1.774170 0.561401 -0.145020 0.139547 0.806391 3.609854
1.865845 0.586060 -0.094482 -0.196272 1.227164 3.198935
1.913818 0.609375 0.013184 -0.483622 1.535553 2.776831
1.987793 0.609253 0.090576 -0.575499 1.616245 2.458056
2.064819 0.594238 0.126099 -0.439680 1.484421 2.227696
2.144165 0.598755 0.132690 -0.176831 1.241278 2.012517
2.204956 0.606567 0.106934 0.060985 0.937150 1.734487
2.244629 0.619019 0.076538 0.184820 0.614913 1.365113
2.247681 0.629883 0.063477 0.169108 0.323835 0.935286
2.247437 0.623291 0.075195 0.068975 0.095606 0.517443
2.235474 0.591064 0.099365 -0.026897 -0.083622 0.147004
2.219482 0.562622 0.130127 -0.065246 -0.214647 -0.166178
2.209961 0.538452 0.143921 -0.023968 -0.298535 -0.404794
2.200073 0.522827 0.130005 0.064714 -0.324900 -0.600000
2.164673 0.509033 0.108032 0.139814 -0.282290 -0.814913
2.111328 0.490845 0.093018 0.170706 -0.173635 -1.065513
2.038452 0.458984 0.074585 0.158455 -0.039947 -1.337949
1.945068 0.421875 0.085327 0.129161 0.077230 -1.614115
1.848511 0.392090 0.089111 0.104128 0.134487 -1.878029
1.756348 0.369141 0.087646 0.102530 0.137949 -2.105193
1.669556 0.333374 0.076904 0.130493 0.107057 -2.288948
1.585449 0.313721 0.056519 0.169907 0.069774 -2.459388
1.500854 0.293091 0.019531 0.193609 0.054061 -2.613316
1.407837 0.276001 -0.010986 0.176565 0.080959 -2.765113
1.306152 0.257813 -0.039063 0.101731 0.136618 -2.923568
1.200317 0.237183 -0.049927 -0.004527 0.198935 -3.065779
1.088989 0.224976 -0.076538 -0.096937 0.241811 -3.191744
0.962402 0.215942 -0.087158 -0.181625 0.249534 -3.292676
0.842896 0.213501 -0.104492 -0.248469 0.213316 -3.360053
0.721680 0.204834 -0.117554 -0.281225 0.142210 -3.387750
0.593872 0.206055 -0.136597 -0.294008 0.010120 -3.385885
0.453735 0.217773 -0.140381 -0.288948 -0.203462 -3.353928
0.334595 0.227539 -0.150024 -0.269774 -0.516378 -3.276165
0.226074 0.234741 -0.153931 -0.250333 -0.893209 -3.144075
0.157349 0.222168 -0.184692 -0.246605 -1.284953 -2.969907
0.068726 0.233276 -0.189941 -0.252463 -1.575499 -2.764314
0.009521 0.244385 -0.194214 -0.291345 -1.731824 -2.513449
-0.036011 0.244385 -0.209351 -0.358189 -1.778961 -2.226631
-0.080933 0.239746 -0.212769 -0.435952 -1.706791 -1.914514
-0.124390 0.233643 -0.208252 -0.519574 -1.562716 -1.576298
-0.164917 0.216431 -0.194336 -0.606125 -1.379494 -1.222903
-0.199707 0.192383 -0.162109 -0.689481 -1.193875 -0.874035
-0.229614 0.165405 -0.120605 -0.776298 -1.051132 -0.548336
-0.244995 0.152344 -0.082764 -0.843142 -0.965113 -0.253795
-0.250732 0.157104 -0.058716 -0.866312 -0.910253 0.030093
-0.238403 0.159912 -0.035889 -0.833023 -0.862317 0.323835
-0.225220 0.161133 -0.018921 -0.757656 -0.830360 0.617310
-0.213257 0.180908 -0.006348 -0.678296 -0.828495 0.897736
-0.191895 0.207275 -0.000610 -0.628762 -0.839680 1.167510
-0.156250 0.210693 0.010742 -0.628229 -0.846072 1.417044
-0.117188 0.224609 0.028564 -0.664714 -0.837284 1.638083
-0.067017 0.248779 0.037354 -0.699601 -0.794940 1.849534
0.001709 0.267578 0.042603 -0.710253 -0.688415 2.085486
0.093872 0.268188 0.028442 -0.687617 -0.521172 2.348336
0.180176 0.265137 0.041748 -0.659920 -0.290546 2.612250
0.255005 0.252319 0.065430 -0.694807 -0.061784 2.839148
0.317627 0.260620 0.106445 -0.814647 0.135286 3.015446
0.365601 0.273804 0.180908 -0.996538 0.310786 3.156059
0.431152 0.269043 0.300781 -1.159521 0.412250 3.283089
0.519897 0.263794 0.398193 -1.173901 0.352330 3.383755
0.636841 0.255981 0.455444 -0.963782 0.157656 3.484421
0.781372 0.244629 0.438843 -0.578961 -0.072437 3.598402
0.943359 0.241333 0.389526 -0.161119 -0.218376 3.677230
1.098267 0.269287 0.329956 0.137683 -0.179760 3.682557
1.239990 0.334106 0.267334 0.234887 0.052197 3.584820
1.358765 0.394897 0.233765 0.145140 0.441012 3.383755
1.441650 0.428589 0.232788 -0.035952 0.920639 3.119041
1.520264 0.407959 0.235107 -0.217843 1.372836 2.834620
1.596313 0.394287 0.234619 -0.336352 1.721704 2.561651
1.643555 0.409912 0.237671 -0.380293 1.951531 2.318242
1.681641 0.441528 0.229980 -0.418642 2.053795 2.083622
1.685547 0.467041 0.263672 -0.516644 2.026631 1.818908
1.661743 0.498047 0.320801 -0.618642 1.835686 1.534221
1.631470 0.490356 0.380981 -0.663116 1.452730 1.235686
1.619995 0.469849 0.407593 -0.613582 0.934487 0.959521
1.640503 0.437378 0.404785 -0.486285 0.406658 0.741411
1.670044 0.410645 0.365479 -0.336085 -0.007989 0.579494
1.688721 0.391602 0.338379 -0.232756 -0.232490 0.444208
1.683594 0.391479 0.304321 -0.198402 -0.285486 0.303862
1.654907 0.382446 0.295044 -0.226631 -0.204527 0.148069
1.608887 0.364258 0.299805 -0.284687 -0.043941 -0.023169
1.553345 0.342651 0.317505 -0.331824 0.125166 -0.186418
1.480835 0.319580 0.340088 -0.348868 0.257257 -0.321438
1.406982 0.304932 0.356323 -0.331558 0.318775 -0.419707
1.341309 0.286865 0.369995 -0.280426 0.312916 -0.478296
1.277710 0.262939 0.379761 -0.200000 0.244740 -0.509720
1.227661 0.250488 0.376953 -0.096138 0.131558 -0.519574
1.180176 0.244019 0.363159 0.017577 0.003462 -0.521704
1.141235 0.233643 0.334351 0.128628 -0.120373 -0.523302
1.104614 0.230103 0.310303 0.219441 -0.208788 -0.529694
1.070557 0.223389 0.277954 0.273502 -0.261784 -0.541944
1.040894 0.226074 0.252197 0.288415 -0.275899 -0.553129
1.011353 0.231812 0.220825 0.276431 -0.235419 -0.561118
0.980103 0.235107 0.198853 0.245007 -0.142210 -0.551531
0.950073 0.235718 0.185669 0.197603 -0.020240 -0.520905
0.919312 0.234741 0.184814 0.147803 0.104128 -0.470573
0.886841 0.231323 0.189819 0.115047 0.195739 -0.403196
0.864502 0.226685 0.187622 0.101465 0.238881 -0.325699
0.840454 0.220825 0.194092 0.098535 0.241012 -0.238881
0.825928 0.214233 0.212158 0.113715 0.209854 -0.143542
0.816650 0.215820 0.225708 0.160852 0.132357 -0.056192
0.812622 0.228271 0.211548 0.233023 0.028495 0.007190
0.822388 0.235474 0.196777 0.290812 -0.067377 0.037816
0.838135 0.252563 0.151733 0.308921 -0.136884 0.031957
0.848511 0.267334 0.141357 0.295073 -0.133156 -0.003728
0.864136 0.262329 0.114136 0.257257 -0.088415 -0.028762
