0.221436 0.503174 1.636597 -0.344075 -0.186684 0.386418
0.242065 0.491821 1.737915 -0.200000 -0.086285 0.417577
0.267456 0.494873 1.833618 0.063382 -0.045273 0.419441
0.294922 0.515015 1.896362 0.375233 -0.068176 0.402663
0.303833 0.532959 1.927856 0.732889 -0.121704 0.373103
0.302612 0.533936 1.962280 1.108655 -0.161119 0.335553
0.297974 0.540039 1.979736 1.503595 -0.188815 0.303595
0.318237 0.540527 1.949707 1.900133 -0.211451 0.293209
0.348022 0.544312 1.890259 2.227963 -0.190413 0.290812
0.382324 0.532715 1.819336 2.464714 -0.103063 0.289481
0.419434 0.507324 1.748657 2.638615 0.024234 0.273502
0.456787 0.460327 1.665894 2.765646 0.153928 0.234621
0.473022 0.415283 1.595581 2.871105 0.267377 0.157390
0.473877 0.381104 1.513306 2.984021 0.343808 0.057257
0.463623 0.348022 1.421387 3.117443 0.379494 -0.044740
0.460449 0.325684 1.319946 3.266312 0.380559 -0.128628
0.470825 0.296631 1.207642 3.402663 0.375766 -0.195206
0.491333 0.275879 1.093750 3.508389 0.377630 -0.249800
0.512573 0.255859 0.975586 3.564847 0.387483 -0.299068
0.527344 0.225464 0.857666 3.575766 0.417310 -0.366711
0.536865 0.204712 0.744263 3.532623 0.465779 -0.467111
0.533936 0.187134 0.635986 3.441545 0.509188 -0.591478
0.523560 0.173828 0.552368 3.300400 0.546471 -0.727031
0.514526 0.161987 0.491333 3.131824 0.549667 -0.853529
0.515137 0.153687 0.435669 2.961385 0.499334 -0.956858
0.520508 0.144653 0.384766 2.810120 0.408256 -1.050333
0.521851 0.130493 0.334595 2.675366 0.299867 -1.152863
0.522339 0.101074 0.286377 2.545406 0.204527 -1.270573
0.514038 0.077759 0.243164 2.434354 0.108123 -1.396005
0.509277 0.073608 0.189575 2.338216 -0.005060 -1.505459
0.505981 0.074585 0.122314 2.238615 -0.121704 -1.579494
0.495605 0.088745 0.054932 2.101997 -0.210652 -1.647137
0.465576 0.121704 0.005371 1.917976 -0.255393 -1.728096
0.417847 0.147827 -0.027710 1.712384 -0.291878 -1.802929
0.375000 0.159912 -0.053711 1.516911 -0.347004 -1.862583
0.325073 0.157104 -0.075806 1.358189 -0.422104 -1.907057
0.274658 0.169312 -0.104248 1.237284 -0.522770 -1.927031
0.230225 0.166138 -0.133545 1.130226 -0.648735 -1.907856
0.183960 0.169800 -0.165771 1.025566 -0.797071 -1.873768
0.137573 0.180786 -0.195923 0.904128 -0.947270 -1.841278
0.084351 0.206299 -0.217407 0.754727 -1.079627 -1.810120
0.033081 0.222412 -0.235596 0.570706 -1.195739 -1.777896
-0.029907 0.228027 -0.236938 0.359787 -1.289747 -1.742210
-0.097778 0.238159 -0.249634 0.140879 -1.374700 -1.706258
-0.166504 0.228516 -0.244873 -0.100399 -1.447670 -1.679627
-0.251709 0.226685 -0.229980 -0.365113 -1.510786 -1.660985
-0.350342 0.244019 -0.181519 -0.629827 -1.585619 -1.625033
-0.438843 0.260742 -0.126465 -0.868442 -1.690546 -1.536352
-0.510010 0.277466 -0.069336 -1.068708 -1.834354 -1.385619
-0.558350 0.303467 -0.021973 -1.264980 -1.980559 -1.197603
-0.588989 0.330566 0.052612 -1.475366 -2.074567 -0.990413
-0.592163 0.338623 0.110474 -1.692144 -2.081491 -0.780293
-0.594482 0.340698 0.189575 -1.945140 -1.977363 -0.594141
-0.598755 0.334351 0.284058 -2.215979 -1.774700 -0.443941
-0.612183 0.320923 0.406982 -2.468708 -1.537151 -0.329427
-0.656616 0.324097 0.537598 -2.673236 -1.323835 -0.259387
-0.692261 0.303589 0.666138 -2.788815 -1.178695 -0.185619
-0.722900 0.288696 0.780762 -2.798668 -1.119574 -0.080692
-0.746094 0.303101 0.870483 -2.745939 -1.116645 0.050067
-0.770386 0.346069 0.960571 -2.694274 -1.125433 0.213848
-0.774048 0.398682 1.036011 -2.670573 -1.073502 0.426365
-0.777710 0.448364 1.127930 -2.678828 -0.922770 0.687883
-0.752563 0.501465 1.233643 -2.680426 -0.723569 0.978429
-0.703613 0.537231 1.347534 -2.645806 -0.471904 1.267377
-0.646362 0.559448 1.462524 -2.553928 -0.188549 1.505193
-0.583984 0.556396 1.562622 -2.401332 0.085220 1.676431
-0.544800 0.545532 1.650879 -2.203462 0.321172 1.794674
-0.525269 0.574219 1.725708 -1.968309 0.487084 1.874035
-0.503540 0.577637 1.810303 -1.706525 0.552330 1.970972
-0.456177 0.593750 1.853027 -1.393076 0.497470 2.090546
-0.350220 0.638428 1.861206 -1.053795 0.375766 2.251398
-0.206543 0.682251 1.837769 -0.711052 0.277497 2.450067
-0.038452 0.701172 1.785034 -0.384554 0.286818 2.612783
0.094482 0.696411 1.721558 -0.101198 0.434354 2.668975
0.184814 0.696411 1.669312 0.107856 0.676964 2.606924
0.262695 0.722046 1.626221 0.272170 0.937683 2.506525
0.337769 0.730103 1.572632 0.431691 1.160320 2.431957
0.431519 0.755371 1.521484 0.586951 1.294274 2.383755
0.532227 0.757690 1.448730 0.749933 1.357923 2.315579
0.607788 0.739502 1.370117 0.920639 1.382157 2.150200
0.639648 0.710083 1.300903 1.083888 1.362716 1.889747
0.635010 0.687500 1.227905 1.241012 1.279095 1.585353
0.637939 0.678467 1.153320 1.392543 1.139281 1.310253
0.653320 0.660889 1.075195 1.526232 0.970972 1.119840
0.678589 0.639160 0.992920 1.639947 0.823702 0.985886
0.716431 0.615356 0.908325 1.719574 0.742210 0.863915
0.737549 0.598022 0.812744 1.750732 0.758722 0.725699
0.738892 0.580933 0.726318 1.729694 0.853529 0.566977
0.716431 0.562012 0.651001 1.658855 0.986152 0.398935
0.679932 0.535767 0.588745 1.556059 1.089214 0.238349
0.633057 0.509155 0.538452 1.445806 1.119574 0.102530
0.593750 0.487305 0.493408 1.346738 1.064714 -0.009055
0.561646 0.454346 0.450439 1.245007 0.936085 -0.110786
0.537476 0.438843 0.401611 1.137417 0.769108 -0.203196
0.512817 0.428101 0.364258 1.046871 0.603462 -0.277230
0.497070 0.418457 0.303955 0.978162 0.453529 -0.341145
0.479614 0.418091 0.250610 0.909720 0.337683 -0.406924
0.471069 0.415527 0.184937 0.819174 0.272703 -0.449001
0.459351 0.403687 0.125366 0.678828 0.237550 -0.480426
0.445679 0.396973 0.077271 0.494807 0.232756 -0.521971
0.426758 0.393799 0.036743 0.281225 0.254061 -0.583489
0.416382 0.380371 0.010254 0.047670 0.256724 -0.676431
0.404663 0.354736 0.004517 -0.209055 0.231957 -0.816245
0.382568 0.352905 0.023315 -0.476431 0.167244 -0.976298
0.371948 0.338867 0.042847 -0.721971 0.036751 -1.118775
0.361450 0.326782 0.067627 -0.935020 -0.150999 -1.242077
0.342651 0.330200 0.088623 -1.100932 -0.364048 -1.343276
0.332764 0.328735 0.095093 -1.237284 -0.577363 -1.429827
0.324341 0.345703 0.088257 -1.373901 -0.761385 -1.519041
0.299927 0.383057 0.085693 -1.561118 -0.895340 -1.610386
0.274536 0.403320 0.094604 -1.807457 -0.961119 -1.704927
0.254150 0.419312 0.121460 -2.083355 -0.980027 -1.800266
0.225464 0.413696 0.173218 -2.368043 -0.978429 -1.902264
0.189453 0.369873 0.275146 -2.633023 -1.000533 -2.032490
0.145386 0.295166 0.422363 -2.864181 -1.110519 -2.172570
0.093994 0.221191 0.573608 -3.022370 -1.366977 -2.283622
0.044556 0.182129 0.717163 -3.077763 -1.737150 -2.365380
-0.000732 0.193848 0.816406 -3.015180 -2.129694 -2.414647
-0.026489 0.212524 0.872070 -2.864980 -2.439414 -2.402131
-0.021118 0.218994 0.918457 -2.729694 -2.608256 -2.325699
-0.009888 0.217896 0.963379 -2.646072 -2.615712 -2.225033
0.009888 0.199097 1.012817 -2.631425 -2.485220 -2.151265
0.029175 0.134888 1.109619 -2.698535 -2.252996 -2.138216
0.028931 0.047607 1.248657 -2.835952 -1.978961 -2.199734
-0.017700 -0.022461 1.398560 -2.945673 -1.692676 -2.296405
-0.088257 -0.077759 1.531616 -2.918775 -1.446338 -2.346471
-0.164429 -0.096313 1.624512 -2.732623 -1.258322 -2.288948
-0.223999 -0.091675 1.667847 -2.439148 -1.145406 -2.124101
-0.257935 -0.081909 1.678345 -2.101465 -1.104927 -1.891878
-0.266846 -0.070801 1.665161 -1.823968 -1.090812 -1.668708
-0.271240 -0.055176 1.645874 -1.659387 -1.048469 -1.513981
-0.273315 -0.053345 1.649292 -1.552330 -0.957656 -1.422104
-0.269165 -0.077515 1.672729 -1.487350 -0.826365 -1.380826
-0.289795 -0.097412 1.682983 -1.432490 -0.648469 -1.367510
-0.322388 -0.100708 1.682129 -1.311052 -0.449534 -1.325433
-0.341675 -0.109863 1.653687 -1.137683 -0.255393 -1.214913
-0.340210 -0.109619 1.599609 -0.950466 -0.069241 -1.029561
-0.333740 -0.082153 1.530029 -0.770439 0.094274 -0.793342
-0.314331 -0.055664 1.442139 -0.603462 0.264980 -0.545140
-0.294189 -0.026123 1.359131 -0.483888 0.452730 -0.320639
-0.275269 0.004883 1.308960 -0.424234 0.649268 -0.140613
-0.260498 0.017212 1.262573 -0.401065 0.838881 -0.013582
-0.260010 0.008301 1.252563 -0.398402 0.991744 0.045273
-0.276855 -0.000244 1.267700 -0.369640 1.069774 0.052730
-0.286621 -0.015503 1.270386 -0.279627 1.025832 0.047137
-0.297241 -0.008789 1.258911 -0.140080 0.862583 0.055659
-0.291382 -0.000732 1.230591 0.022104 0.609587 0.097470
-0.266724 0.023315 1.181396 0.182423 0.336884 0.170173
-0.222168 0.051636 1.125366 0.311318 0.116378 0.250067
-0.175293 0.078979 1.071045 0.378695 0.005060 0.319308
