0.265991 0.383301 0.520630 -1.413848 -0.169108 1.103329
0.285767 0.353760 0.634399 -1.693209 0.177097 0.919041
0.247803 0.393799 0.764893 -1.912117 0.381092 0.677763
0.207397 0.404907 0.926880 -2.017843 0.381891 0.522237
0.174561 0.396973 1.077026 -1.970972 0.182423 0.480959
0.179932 0.421509 1.167725 -1.769108 -0.143808 0.527563
0.191162 0.502197 1.197021 -1.476964 -0.456458 0.593342
0.220459 0.556885 1.199829 -1.201864 -0.656724 0.652996
0.243896 0.647095 1.228760 -1.033822 -0.700133 0.735020
0.308350 0.668945 1.286133 -0.977896 -0.615712 0.838083
0.373413 0.676758 1.375366 -0.975499 -0.438881 0.927031
0.422363 0.670532 1.478149 -0.960320 -0.233289 0.976565
0.485474 0.636230 1.580078 -0.872170 -0.080426 0.996804
0.523315 0.608154 1.685303 -0.667111 -0.009587 0.979760
0.554932 0.581055 1.764526 -0.321438 -0.070839 0.956858
0.605103 0.584595 1.794922 0.133156 -0.273768 0.914514
0.671997 0.617676 1.786377 0.607989 -0.522503 0.825033
0.734375 0.670166 1.739380 1.017310 -0.692676 0.693475
0.765747 0.733032 1.701294 1.313981 -0.724900 0.534221
0.784546 0.798706 1.670044 1.519840 -0.643941 0.377630
0.789307 0.819214 1.654053 1.685752 -0.478562 0.242344
0.797241 0.820557 1.646118 1.867377 -0.318775 0.111585
0.823364 0.826538 1.624023 2.083622 -0.252730 0.013582
0.883301 0.824829 1.594360 2.324101 -0.300932 -0.044740
0.945679 0.822021 1.536255 2.545939 -0.416511 -0.153395
0.996948 0.794556 1.478882 2.711851 -0.521172 -0.364048
1.004150 0.737671 1.426270 2.846338 -0.588016 -0.683089
0.968506 0.678833 1.364990 2.997869 -0.628229 -1.042610
0.899414 0.609131 1.290771 3.172304 -0.652996 -1.350200
0.833374 0.534668 1.191528 3.354194 -0.664714 -1.562983
0.758667 0.477173 1.074463 3.515846 -0.636218 -1.694008
0.686157 0.428467 0.959717 3.632756 -0.559787 -1.764847
0.629028 0.371826 0.839966 3.696138 -0.457523 -1.784820
0.569946 0.345581 0.724854 3.702264 -0.342210 -1.766711
0.513428 0.318970 0.613770 3.657790 -0.246338 -1.708655
0.464478 0.297363 0.505371 3.565912 -0.190413 -1.624234
0.438965 0.283081 0.424438 3.426365 -0.201065 -1.533688
0.441528 0.275879 0.337524 3.253795 -0.280426 -1.455925
0.460693 0.265747 0.263794 3.055659 -0.391478 -1.404527
0.490723 0.251465 0.191772 2.834354 -0.499601 -1.426898
0.502808 0.234619 0.123169 2.599201 -0.578429 -1.535553
0.503784 0.220459 0.073608 2.347803 -0.615712 -1.708389
0.494995 0.187622 0.029663 2.083089 -0.633822 -1.894008
0.473877 0.154175 -0.007202 1.831957 -0.655925 -2.051931
0.432251 0.125854 -0.034912 1.608522 -0.680692 -2.167510
0.383789 0.109497 -0.062988 1.417044 -0.707856 -2.244208
0.329956 0.091309 -0.094604 1.262583 -0.750200 -2.275899
0.277100 0.083740 -0.123901 1.119840 -0.821039 -2.281491
0.227905 0.095459 -0.160889 0.980293 -0.919574 -2.268176
0.183960 0.094849 -0.205566 0.831425 -1.048469 -2.237284
0.155762 0.080078 -0.228149 0.658855 -1.152330 -2.206392
0.105713 0.085938 -0.249512 0.457257 -1.238083 -2.215712
0.041260 0.066284 -0.240479 0.249268 -1.315047 -2.223702
-0.033447 0.064209 -0.230347 0.072170 -1.416778 -2.213315
-0.109009 0.066284 -0.217773 -0.075632 -1.539547 -2.172570
-0.172607 0.063354 -0.219727 -0.215446 -1.658322 -2.099068
-0.230103 0.073975 -0.231323 -0.388549 -1.753129 -2.001864
-0.327393 0.126709 -0.199707 -0.596272 -1.784288 -1.889481
-0.390625 0.157471 -0.176392 -0.816511 -1.795206 -1.730759
-0.454834 0.209961 -0.143066 -1.037550 -1.787483 -1.520373
-0.517334 0.265259 -0.088623 -1.258855 -1.757390 -1.255126
-0.570679 0.328979 -0.029419 -1.475100 -1.730493 -0.947803
-0.598267 0.381958 0.051636 -1.701198 -1.700400 -0.636751
-0.611206 0.427246 0.155151 -1.950466 -1.649268 -0.331025
-0.572998 0.434082 0.260132 -2.221305 -1.571238 -0.036751
-0.540161 0.415405 0.382568 -2.468975 -1.435686 0.194940
-0.535400 0.426514 0.525757 -2.633023 -1.282290 0.329694
-0.533447 0.431152 0.657715 -2.714780 -1.171238 0.399467
-0.552124 0.432617 0.813599 -2.712117 -1.111585 0.445539
-0.583862 0.452515 0.935547 -2.629028 -1.128096 0.508389
-0.603271 0.492310 1.029541 -2.487084 -1.145672 0.639148
-0.600708 0.540039 1.086914 -2.307856 -1.093209 0.858056
-0.580078 0.596313 1.123047 -2.105726 -0.919041 1.153129
-0.539063 0.626221 1.151367 -1.918242 -0.631158 1.489747
-0.497437 0.693237 1.156982 -1.772570 -0.275366 1.816511
-0.434204 0.778320 1.181641 -1.706525 0.101198 2.116911
-0.343872 0.851929 1.202515 -1.718242 0.502530 2.347004
-0.269531 0.924561 1.244141 -1.782157 0.939015 2.438615
-0.232056 0.957031 1.315186 -1.846871 1.356591 2.400000
-0.219116 0.967041 1.386353 -1.816511 1.658322 2.292943
-0.207764 0.953857 1.462402 -1.643675 1.761385 2.185086
-0.168579 0.940308 1.519165 -1.338482 1.664714 2.122503
-0.088745 0.944458 1.555786 -0.947537 1.415180 2.123302
-0.006104 0.952393 1.562256 -0.545672 1.092144 2.201864
0.121216 0.943970 1.560791 -0.171505 0.785087 2.321438
0.271606 0.936768 1.533691 0.151265 0.587217 2.411718
0.438721 0.961792 1.483032 0.402929 0.567510 2.435153
0.566528 0.995239 1.437134 0.616778 0.736884 2.428229
0.694214 1.016235 1.346069 0.807989 0.989081 2.391478
0.793335 1.049927 1.264771 0.970439 1.277497 2.319840
0.871338 1.065796 1.174316 1.116378 1.539281 2.206392
0.901123 1.032959 1.100708 1.240746 1.726764 2.019441
0.910278 1.012329 1.033325 1.349667 1.799467 1.766445
0.877930 0.956421 0.959595 1.454061 1.745939 1.462051
0.834229 0.904419 0.902832 1.561651 1.542743 1.125965
0.788086 0.852905 0.832886 1.707057 1.203462 0.811451
0.760864 0.803467 0.740234 1.878296 0.749933 0.561651
0.754639 0.767212 0.631836 2.040213 0.287617 0.357656
0.765503 0.741455 0.509399 2.143009 -0.087084 0.182157
0.784790 0.719727 0.378418 2.149401 -0.294807 0.037816
0.787720 0.697510 0.271729 2.046072 -0.315047 -0.080959
0.771240 0.671753 0.182251 1.847936 -0.181358 -0.185885
0.726929 0.632690 0.111328 1.583755 0.058322 -0.284421
0.662231 0.573608 0.082397 1.286818 0.315313 -0.372836
0.597046 0.518555 0.067017 1.006392 0.497204 -0.438615
0.537109 0.474609 0.044678 0.766178 0.583755 -0.490013
0.481323 0.436768 0.021729 0.568309 0.597870 -0.554727
0.432251 0.391602 0.006592 0.406125 0.556591 -0.626365
0.391357 0.356323 -0.018311 0.271105 0.460719 -0.696671
0.352661 0.334717 -0.037842 0.148336 0.338748 -0.750999
0.324707 0.307007 -0.064575 0.026099 0.188016 -0.779760
0.300049 0.297363 -0.081177 -0.097736 0.014647 -0.776565
0.285034 0.289307 -0.096313 -0.211451 -0.163249 -0.726498
0.278198 0.294189 -0.113281 -0.324101 -0.345140 -0.638083
0.277466 0.310059 -0.129883 -0.435153 -0.518509 -0.541944
0.278320 0.338379 -0.152832 -0.553129 -0.670306 -0.457523
0.286499 0.374023 -0.167114 -0.697470 -0.803728 -0.393342
0.293457 0.358521 -0.183350 -0.879095 -0.921172 -0.368842
0.291504 0.372437 -0.189087 -1.090546 -1.025300 -0.389081
0.275635 0.388916 -0.213257 -1.326232 -1.113981 -0.447403
0.254150 0.409790 -0.208252 -1.589614 -1.191212 -0.519041
0.237061 0.432739 -0.189087 -1.865779 -1.278562 -0.545406
0.218506 0.435181 -0.154541 -2.111851 -1.420240 -0.501997
0.211304 0.422852 -0.103027 -2.287084 -1.643675 -0.415712
0.212891 0.414429 -0.033936 -2.410386 -1.927830 -0.320905
0.204590 0.428955 0.031738 -2.525965 -2.225832 -0.208788
0.217163 0.445923 0.084106 -2.704128 -2.479627 -0.071372
0.287476 0.437256 0.153564 -3.032756 -2.596804 0.036485
0.355835 0.459961 0.288696 -3.523835 -2.499334 0.017577
0.413574 0.458374 0.477661 -4.086818 -2.197071 -0.173635
0.432739 0.372925 0.759644 -4.565912 -1.811451 -0.515846
0.375732 0.260498 1.148438 -4.784021 -1.560053 -0.923569
0.407837 0.199951 1.388062 -4.589347 -1.656192 -1.193076
0.325195 0.168945 1.602051 -3.993342 -2.000799 -1.044208
0.398682 0.275269 1.638184 -3.275366 -2.549401 -0.739814
0.515503 0.372314 1.619751 -2.697470 -2.900666 -0.429028
0.672485 0.444092 1.555786 -2.464181 -2.806125 -0.262850
0.740601 0.477905 1.577759 -2.533955 -2.170439 -0.305992
0.698608 0.457397 1.651123 -2.733156 -1.287084 -0.502264
0.576538 0.413330 1.751709 -2.856991 -0.430093 -0.731824
0.448730 0.352173 1.826294 -2.788016 0.156059 -0.877497
0.314331 0.302979 1.865479 -2.510786 0.392277 -0.901997
0.217041 0.281860 1.856567 -2.020506 0.263382 -0.836751
0.186035 0.284058 1.785278 -1.422370 -0.156325 -0.720373
0.194946 0.320557 1.662720 -0.869507 -0.671638 -0.594674
0.232666 0.377808 1.520874 -0.443409 -1.094008 -0.500932
0.272705 0.424561 1.395386 -0.225832 -1.280426 -0.448469
0.302490 0.446777 1.314331 -0.217843 -1.188016 -0.427963
0.291260 0.450439 1.276733 -0.314780 -0.888415 -0.416511
0.261841 0.422607 1.274048 -0.399467 -0.534221 -0.384021
