-0.133179 0.548828 2.165039 -0.116112 -0.315047 0.627164
-0.113403 0.510376 2.273682 0.312384 -0.335020 0.668442
-0.075317 0.506348 2.324219 0.804261 -0.372037 0.670573
-0.026611 0.529053 2.353149 1.297736 -0.400266 0.730493
0.067017 0.495728 2.304321 1.826898 -0.356325 0.809055
0.093872 0.517456 2.216064 2.321704 -0.246871 0.869774
0.133667 0.508057 2.132568 2.738748 -0.075632 0.929427
0.193359 0.459106 2.003174 3.054327 0.092144 0.926764
0.219727 0.419922 1.861084 3.285486 0.302264 0.875366
0.203979 0.402588 1.720825 3.452463 0.472437 0.764847
0.171875 0.409424 1.570313 3.580559 0.591478 0.654594
0.157227 0.411133 1.437134 3.689747 0.645539 0.592011
0.191040 0.399292 1.307983 3.787483 0.634620 0.552863
0.243896 0.379028 1.169556 3.849001 0.600533 0.478828
0.285034 0.356812 1.030762 3.855659 0.583489 0.344607
0.329590 0.340698 0.908691 3.802130 0.584021 0.186152
0.373535 0.321777 0.806152 3.716378 0.601065 0.067111
0.422363 0.298462 0.720459 3.625832 0.610120 -0.022370
0.474487 0.298828 0.634644 3.524900 0.599734 -0.103329
0.533203 0.286255 0.544800 3.404527 0.590146 -0.202663
0.586914 0.260986 0.462646 3.243409 0.592543 -0.358722
0.618042 0.238770 0.372925 3.045806 0.613316 -0.558189
0.621826 0.223633 0.293091 2.841811 0.619174 -0.766977
0.618408 0.206421 0.223877 2.659654 0.558722 -0.952064
0.614136 0.180054 0.146118 2.520373 0.409321 -1.103595
0.604248 0.150269 0.062500 2.433289 0.186152 -1.258589
0.584595 0.110474 -0.008057 2.391744 -0.071638 -1.440213
0.556519 0.071899 -0.086792 2.386418 -0.343276 -1.641012
0.522339 0.037231 -0.171021 2.364314 -0.613049 -1.831425
0.490845 0.001953 -0.248169 2.252996 -0.851398 -1.980027
0.448364 -0.024292 -0.309082 2.054327 -1.020506 -2.059121
0.404419 -0.043091 -0.366699 1.788815 -1.100932 -2.060186
0.351929 -0.069824 -0.412354 1.458056 -1.105726 -1.989614
0.297119 -0.090454 -0.429321 1.078828 -1.075366 -1.880959
0.221313 -0.105591 -0.430176 0.693209 -1.043941 -1.757124
0.132690 -0.107544 -0.424683 0.339281 -1.051398 -1.641012
0.025513 -0.102661 -0.419678 0.033822 -1.117443 -1.521704
-0.092651 -0.089844 -0.403809 -0.238083 -1.231158 -1.411718
-0.227295 -0.092041 -0.367432 -0.491877 -1.378429 -1.334754
-0.366577 -0.090698 -0.311035 -0.704927 -1.560320 -1.301198
-0.493164 -0.073242 -0.254028 -0.861784 -1.805859 -1.276431
-0.593262 -0.061279 -0.186035 -0.995473 -2.114514 -1.244474
-0.664673 -0.052124 -0.111206 -1.148602 -2.447936 -1.207989
-0.703247 -0.020142 -0.031006 -1.356059 -2.757390 -1.153395
-0.727661 0.038452 0.063721 -1.670306 -2.937949 -1.056192
-0.752686 0.086548 0.211670 -2.096937 -2.925965 -0.908389
-0.782715 0.159180 0.358521 -2.551798 -2.755260 -0.708389
-0.841675 0.265747 0.495117 -2.933955 -2.415712 -0.443675
-0.878662 0.315186 0.642944 -3.165646 -1.924101 -0.089214
-0.913086 0.339844 0.792725 -3.238615 -1.423435 0.338748
-0.928223 0.354980 0.921509 -3.207989 -1.004794 0.795739
-0.911621 0.373169 1.023438 -3.132623 -0.693209 1.246605
-0.869873 0.408691 1.138428 -3.072437 -0.466312 1.646072
-0.790039 0.452026 1.263184 -3.037017 -0.281758 2.017044
-0.679688 0.455566 1.389648 -2.962184 -0.089747 2.353928
-0.551270 0.447876 1.506836 -2.848469 0.092144 2.610652
-0.448364 0.430420 1.656128 -2.720906 0.243142 2.762184
-0.356812 0.437866 1.782837 -2.529694 0.338748 2.801598
-0.277222 0.472778 1.869629 -2.262051 0.390679 2.784288
-0.178833 0.544556 1.949829 -1.969374 0.427696 2.797071
-0.077637 0.615723 2.001465 -1.670839 0.492943 2.861252
0.020142 0.671509 2.035889 -1.377630 0.617843 2.899867
0.117798 0.701294 2.058838 -1.079095 0.794674 2.865513
0.220825 0.713989 2.046997 -0.743542 0.987483 2.779228
0.320557 0.694336 2.028320 -0.377896 1.164847 2.677497
0.430054 0.722534 1.977661 -0.015446 1.274567 2.593609
0.533081 0.699829 1.912476 0.320107 1.365646 2.550466
0.616821 0.684326 1.827148 0.628229 1.452996 2.462317
0.667358 0.670288 1.713989 0.911052 1.554194 2.284421
0.677856 0.651367 1.589722 1.161651 1.606391 2.033023
0.686890 0.642578 1.449097 1.380293 1.557390 1.771238
0.704956 0.627808 1.310669 1.565380 1.433289 1.536884
0.736084 0.619751 1.162476 1.713981 1.297470 1.323569
0.769287 0.612427 1.004883 1.809587 1.203728 1.114514
0.796631 0.591675 0.871704 1.825300 1.178695 0.896138
0.799805 0.565552 0.748657 1.768309 1.198402 0.665513
0.784424 0.535889 0.628052 1.668442 1.246338 0.430892
0.739746 0.501709 0.524780 1.548602 1.298535 0.205060
0.697510 0.458130 0.420410 1.426365 1.315313 0.010919
0.647583 0.421753 0.338501 1.301731 1.269507 -0.151798
0.598511 0.390259 0.253906 1.186152 1.141411 -0.288948
0.561523 0.364868 0.162964 1.074567 0.943808 -0.388016
0.534302 0.338745 0.088989 0.965113 0.692144 -0.464980
0.512695 0.312622 0.020752 0.863382 0.398402 -0.529960
0.487183 0.300537 -0.059814 0.771238 0.081491 -0.584554
0.478394 0.280151 -0.132813 0.655127 -0.243142 -0.644208
0.471069 0.275269 -0.192383 0.503862 -0.539015 -0.714248
0.475708 0.273560 -0.260498 0.292943 -0.785353 -0.777364
0.476074 0.269287 -0.303345 0.011718 -0.958189 -0.827164
0.477295 0.265259 -0.322632 -0.312384 -1.061518 -0.878029
0.483276 0.255493 -0.320557 -0.660186 -1.112650 -0.936618
0.485718 0.237183 -0.300171 -1.037284 -1.133688 -1.008256
0.493286 0.227051 -0.260986 -1.442344 -1.155792 -1.087883
0.486450 0.211426 -0.174316 -1.859388 -1.202663 -1.177364
0.463745 0.204712 -0.086426 -2.244740 -1.318242 -1.280426
0.416016 0.203247 0.038696 -2.545140 -1.505193 -1.407457
0.354492 0.215942 0.164429 -2.722770 -1.796272 -1.582690
0.295532 0.210815 0.299805 -2.803196 -2.199467 -1.806658
0.251343 0.199219 0.430054 -2.844474 -2.684687 -2.058589
0.228882 0.201050 0.549805 -2.907057 -3.153129 -2.292144
0.227295 0.179810 0.666382 -3.046338 -3.430093 -2.450067
0.199707 0.125366 0.864990 -3.306791 -3.447403 -2.498003
0.166138 0.107544 1.065674 -3.634620 -3.264714 -2.450599
0.110107 0.073242 1.253418 -3.911851 -2.905726 -2.327031
0.057495 0.008423 1.451416 -4.029028 -2.432224 -2.100133
0.002319 -0.040649 1.613770 -3.982157 -1.945672 -1.792011
-0.036377 -0.084473 1.724121 -3.779494 -1.474035 -1.468176
-0.072266 -0.135864 1.818237 -3.476165 -1.067377 -1.202663
-0.107910 -0.149170 1.852173 -3.118509 -0.803995 -1.024501
-0.138550 -0.136719 1.874146 -2.703595 -0.696139 -0.876165
-0.136841 -0.112183 1.808594 -2.298269 -0.725699 -0.739814
-0.126221 -0.089233 1.778809 -1.978162 -0.817310 -0.620506
-0.080322 -0.087646 1.784546 -1.740613 -0.936352 -0.520373
-0.046997 -0.071777 1.776611 -1.609055 -1.006658 -0.476964
-0.021851 -0.033813 1.739014 -1.508655 -0.981092 -0.473768
0.005737 -0.008911 1.700317 -1.401065 -0.810652 -0.456991
0.017090 -0.007935 1.662720 -1.348602 -0.484421 -0.420772
0.003052 -0.015381 1.628418 -1.340346 -0.088948 -0.356591
-0.016479 -0.026611 1.600464 -1.289481 0.258589 -0.260985
-0.033325 -0.049316 1.577637 -1.180826 0.484154 -0.189880
-0.050171 -0.051514 1.536865 -1.020506 0.552863 -0.160320
-0.057983 -0.055054 1.499756 -0.808256 0.474301 -0.153395
-0.053589 -0.048584 1.455811 -0.564581 0.273236 -0.163515
-0.027954 -0.032349 1.394409 -0.307590 0.029827 -0.186684
-0.000122 -0.009888 1.329224 -0.073502 -0.168842 -0.201065
0.035889 0.015503 1.256836 0.093209 -0.261518 -0.194141
0.073242 0.038818 1.187500 0.178961 -0.212783 -0.158988
0.107056 0.055298 1.130005 0.175766 -0.025832 -0.090812
0.131104 0.056274 1.094727 0.108921 0.232756 -0.001598
0.132690 0.049316 1.075562 0.026631 0.487350 0.088415
0.134155 0.043823 1.052734 -0.021838 0.657790 0.166445
0.138672 0.034180 1.034424 -0.024234 0.718509 0.222636
0.146118 0.029907 1.022095 -0.005060 0.703063 0.237017
0.150757 0.029907 1.008179 0.012250 0.630626 0.206658
0.148560 0.030518 0.999878 0.027430 0.512650 0.144075
0.149414 0.024048 1.005249 0.047936 0.368043 0.082024
0.150879 0.020996 0.995483 0.086818 0.226099 0.043675
0.153931 0.027710 0.985962 0.137150 0.114248 0.027430
0.162842 0.037598 0.973755 0.188016 0.054860 0.033822
0.169800 0.047729 0.958008 0.225033 0.048202 0.059121
0.180054 0.052612 0.939697 0.228495 0.076964 0.087350
0.185303 0.051147 0.936768 0.206658 0.123835 0.112117
0.182373 0.056763 0.931763 0.177364 0.168842 0.132357
0.191406 0.056030 0.936401 0.154194 0.192543 0.149401
0.193481 0.055176 0.932739 0.141944 0.196538 0.155260
0.196655 0.053101 0.934937 0.136085 0.192543 0.135020
0.187256 0.052734 0.927734 0.133156 0.173635 0.103329
0.187378 0.058228 0.933716 0.124634 0.137417 0.076698
0.182495 0.063232 0.924072 0.110519 0.103063 0.064714
0.176758 0.063721 0.923096 0.098003 0.083888 0.057523
