-0.177490 0.308960 0.744507 -1.455127 -0.016245 0.441278
-0.133057 0.213257 0.822266 -1.564314 -0.088149 0.646072
-0.055542 0.183472 0.913574 -1.540612 -0.199734 0.836485
-0.012573 0.197632 1.012451 -1.387217 -0.353928 0.848469
0.010376 0.204346 1.083862 -1.135553 -0.532889 0.745140
0.011475 0.238525 1.118164 -0.859121 -0.717177 0.605859
0.003052 0.288452 1.125610 -0.634354 -0.873768 0.484953
-0.023804 0.374878 1.152954 -0.476964 -0.941411 0.426631
-0.037231 0.440063 1.181396 -0.407190 -0.946738 0.447936
-0.004761 0.467529 1.232666 -0.420772 -0.916378 0.529427
0.053223 0.491455 1.330322 -0.449800 -0.872170 0.634620
0.113037 0.520264 1.437988 -0.425033 -0.839414 0.742743
0.197388 0.537354 1.544556 -0.308389 -0.802131 0.831691
0.284302 0.533569 1.633423 -0.104128 -0.743542 0.852996
0.339233 0.555420 1.690918 0.147270 -0.654061 0.783222
0.365479 0.598877 1.743164 0.402663 -0.534754 0.646605
0.375366 0.620728 1.789917 0.627164 -0.406125 0.522503
0.379639 0.629272 1.847412 0.803728 -0.276964 0.458855
0.381958 0.606567 1.921021 0.968842 -0.143276 0.451132
0.379395 0.572510 1.984497 1.170972 -0.033023 0.486551
0.388794 0.542114 2.013794 1.445273 0.038349 0.548602
0.400146 0.514038 2.009155 1.787217 0.083356 0.611185
0.405640 0.516479 1.942993 2.164314 0.118509 0.620240
0.401978 0.526733 1.858521 2.522770 0.153395 0.545939
0.406860 0.528076 1.759033 2.815180 0.178695 0.417577
0.401489 0.518311 1.661133 3.027430 0.195473 0.266312
0.391357 0.486206 1.573853 3.172570 0.205326 0.132091
0.393555 0.446167 1.478882 3.299068 0.203462 0.032490
0.402100 0.405273 1.369995 3.426898 0.214115 -0.031158
0.413086 0.377930 1.247437 3.541678 0.254061 -0.063648
0.436035 0.344849 1.124390 3.637017 0.333422 -0.081758
0.466675 0.331787 0.994995 3.700133 0.444208 -0.079893
0.503540 0.303955 0.873535 3.708655 0.558722 -0.068442
0.537354 0.284912 0.750854 3.645806 0.664447 -0.106258
0.556274 0.273682 0.657959 3.509987 0.745672 -0.202397
0.567505 0.255493 0.574585 3.335020 0.756325 -0.345939
0.566162 0.232910 0.509033 3.156857 0.690546 -0.533688
0.561523 0.220825 0.454102 2.999467 0.561651 -0.736352
0.559326 0.201294 0.400757 2.882024 0.382423 -0.919574
0.560425 0.180420 0.355835 2.794674 0.174434 -1.064980
0.563599 0.170654 0.312866 2.743009 -0.063915 -1.179494
0.570801 0.150024 0.254272 2.728362 -0.329427 -1.277230
0.594849 0.100952 0.184448 2.727829 -0.603196 -1.381624
0.590088 0.091309 0.109619 2.702264 -0.850865 -1.526232
0.578247 0.081055 0.022705 2.622104 -1.050599 -1.687350
0.551636 0.063599 -0.055176 2.473502 -1.177630 -1.858056
0.501343 0.071289 -0.113525 2.246072 -1.218642 -2.023435
0.425293 0.087158 -0.151001 1.983489 -1.211185 -2.147803
0.349487 0.086792 -0.180420 1.716911 -1.203728 -2.207723
0.261475 0.098022 -0.196289 1.475633 -1.225566 -2.211718
0.176270 0.117554 -0.211914 1.275100 -1.288149 -2.147004
0.106079 0.119873 -0.234497 1.104927 -1.412517 -2.020772
0.052002 0.130737 -0.247437 0.950466 -1.586418 -1.873502
0.002441 0.154175 -0.270020 0.813316 -1.785619 -1.725166
-0.036621 0.185547 -0.296509 0.672437 -1.978429 -1.593875
-0.075806 0.205200 -0.328613 0.492410 -2.117976 -1.479095
-0.119629 0.220093 -0.340454 0.243142 -2.169907 -1.386951
-0.177002 0.240112 -0.347900 -0.073502 -2.141944 -1.327031
-0.240601 0.256592 -0.318970 -0.445273 -2.033822 -1.297204
-0.311646 0.259155 -0.274902 -0.853795 -1.880160 -1.283888
-0.397095 0.244995 -0.176514 -1.253795 -1.736618 -1.271638
-0.489380 0.229248 -0.068970 -1.593875 -1.699334 -1.237550
-0.575684 0.226563 0.067017 -1.814913 -1.809055 -1.142743
-0.633179 0.246582 0.148804 -1.936352 -2.056991 -0.962450
-0.659424 0.283081 0.212280 -2.021837 -2.309987 -0.728629
-0.678467 0.330322 0.268921 -2.111052 -2.459920 -0.502530
-0.687988 0.371826 0.323853 -2.241278 -2.457790 -0.324900
-0.688721 0.401611 0.428467 -2.432224 -2.311052 -0.178162
-0.671143 0.410767 0.545288 -2.641278 -2.062317 -0.034621
-0.640991 0.394165 0.670288 -2.807989 -1.757656 0.087350
-0.635010 0.406372 0.791382 -2.902796 -1.423968 0.159787
-0.655029 0.430298 0.910156 -2.913449 -1.066312 0.221838
-0.667603 0.435181 1.003784 -2.840746 -0.764847 0.335286
-0.685547 0.485718 1.076294 -2.717443 -0.507057 0.482557
-0.708130 0.544678 1.143921 -2.616245 -0.263116 0.674035
-0.708374 0.589478 1.197388 -2.552330 -0.047403 0.946738
-0.679077 0.619751 1.270874 -2.498003 0.133688 1.288682
-0.632568 0.635254 1.336548 -2.413582 0.287084 1.633555
-0.540527 0.639893 1.402832 -2.319574 0.424767 1.901731
-0.466431 0.617065 1.465698 -2.217577 0.572304 2.021571
-0.460815 0.630249 1.524536 -2.090280 0.721438 1.982690
-0.483765 0.663940 1.579102 -1.947803 0.809055 1.898269
-0.474976 0.668213 1.631104 -1.767244 0.788016 1.895339
-0.423706 0.676880 1.678589 -1.529694 0.669507 2.012517
-0.341797 0.692383 1.703613 -1.219441 0.503595 2.259121
-0.209595 0.685059 1.699951 -0.863915 0.368842 2.562983
-0.050903 0.674194 1.659912 -0.537150 0.336352 2.817044
0.072876 0.661987 1.632690 -0.304660 0.442077 2.953662
0.189331 0.700073 1.621460 -0.153662 0.634354 2.967776
0.292358 0.722900 1.612305 -0.018642 0.856991 2.951531
0.398560 0.737061 1.611450 0.154194 1.022903 2.910519
0.527100 0.761597 1.570068 0.391744 1.117443 2.864980
0.671631 0.791260 1.518799 0.656724 1.137150 2.814914
0.818359 0.796021 1.440308 0.915047 1.132357 2.710253
0.932617 0.803223 1.348633 1.108389 1.133688 2.487883
1.004395 0.793213 1.255249 1.231957 1.152330 2.153928
1.015137 0.776245 1.187134 1.316112 1.169108 1.752596
0.989136 0.753052 1.111816 1.412517 1.156591 1.350200
0.953613 0.719971 1.020874 1.524367 1.104394 0.998668
0.927246 0.689453 0.922607 1.631425 1.027963 0.726764
0.906860 0.654907 0.822998 1.707057 0.962184 0.524900
0.891235 0.629761 0.716064 1.718775 0.938216 0.350466
0.864380 0.597168 0.618896 1.646605 0.961385 0.165912
0.810059 0.558716 0.539185 1.511585 1.014381 -0.031691
0.742432 0.522949 0.476807 1.348069 1.050067 -0.230892
0.674805 0.477783 0.424927 1.187750 1.053795 -0.409055
0.604004 0.439209 0.378174 1.049534 1.008256 -0.550466
0.544556 0.402588 0.358032 0.940879 0.906258 -0.645007
0.501709 0.370239 0.303101 0.870040 0.738216 -0.687617
0.462158 0.354492 0.272461 0.825566 0.539281 -0.685752
0.445923 0.328369 0.214478 0.803728 0.309188 -0.655925
0.432617 0.316284 0.145508 0.764847 0.064447 -0.647936
0.414673 0.315063 0.083984 0.672437 -0.159787 -0.696405
0.377075 0.312500 0.034302 0.532623 -0.347004 -0.783755
0.350830 0.307861 -0.002441 0.366977 -0.511318 -0.862850
0.332275 0.310059 -0.022949 0.210919 -0.658322 -0.892144
0.339844 0.308472 -0.022461 0.097204 -0.798136 -0.847936
0.363159 0.306030 -0.046875 0.038615 -0.935819 -0.762450
0.389526 0.310791 -0.066406 0.005593 -1.047670 -0.687084
0.415771 0.328369 -0.097290 -0.045806 -1.143542 -0.652996
0.448730 0.305908 -0.134644 -0.156059 -1.227696 -0.695606
0.433594 0.288574 -0.133667 -0.348069 -1.303329 -0.819441
0.398438 0.304077 -0.143921 -0.598935 -1.415979 -0.988282
0.348511 0.326294 -0.124268 -0.935819 -1.559787 -1.162716
0.305542 0.349609 -0.079834 -1.374168 -1.753129 -1.296405
0.264771 0.374390 -0.000610 -1.896138 -1.985087 -1.352064
0.248169 0.376953 0.111694 -2.438881 -2.237284 -1.327031
0.250732 0.359985 0.246948 -2.929960 -2.473768 -1.259654
0.286255 0.309937 0.410889 -3.339813 -2.680160 -1.187750
0.325195 0.228516 0.634888 -3.667377 -2.844208 -1.161119
0.361938 0.195435 0.814941 -3.829028 -2.962716 -1.205326
0.379028 0.188232 0.965454 -3.789880 -2.950466 -1.327830
0.382202 0.183472 1.106323 -3.617310 -2.820772 -1.451398
0.333862 0.218018 1.189575 -3.388016 -2.593609 -1.501731
0.262695 0.278076 1.262207 -3.173635 -2.287616 -1.469774
0.211060 0.281738 1.325317 -3.004794 -2.015979 -1.348069
0.199341 0.278198 1.372314 -2.837284 -1.832224 -1.220240
0.220215 0.255615 1.433228 -2.707590 -1.719840 -1.137417
0.235962 0.233276 1.488892 -2.657257 -1.615979 -1.101198
0.258545 0.211670 1.556885 -2.626898 -1.486551 -1.098535
0.266235 0.187866 1.599731 -2.580293 -1.290013 -1.116112
0.230713 0.185303 1.626343 -2.486818 -1.006924 -1.137683
0.183716 0.190552 1.648193 -2.343542 -0.717443 -1.129427
0.120483 0.200928 1.657715 -2.161119 -0.463116 -1.071372
0.067627 0.213379 1.658081 -1.952064 -0.294541 -0.984021
0.025269 0.210693 1.657104 -1.715047 -0.254594 -0.883622
-0.002197 0.224365 1.625366 -1.442344 -0.345406 -0.790413
-0.007202 0.228760 1.581665 -1.161385 -0.500133 -0.711052
0.007080 0.230103 1.533447 -0.928629 -0.640746 -0.652197
-0.002197 0.235718 1.473267 -0.746205 -0.718242 -0.597603
