0.072021 0.506958 0.942139 -0.012783 0.267909 0.135020
0.053101 0.462158 0.963867 -0.109720 0.443675 0.053262
-0.014404 0.502930 0.998169 -0.113182 0.505459 -0.032224
-0.053345 0.505249 1.044189 -0.034088 0.446338 -0.050866
-0.035278 0.464966 1.036621 0.096138 0.289481 -0.010652
-0.011963 0.465576 1.016357 0.233555 0.137417 0.031425
0.008423 0.467651 0.973755 0.355260 0.036751 0.059121
0.023560 0.477295 0.939575 0.453529 0.017577 0.072170
0.037354 0.451172 0.902954 0.494541 0.058855 0.063648
0.024414 0.443970 0.878906 0.504927 0.128895 0.041545
0.023438 0.435425 0.850098 0.526498 0.176831 0.033289
0.022461 0.420288 0.812744 0.570173 0.218642 0.030093
0.013672 0.405518 0.771973 0.623169 0.264980 0.023968
0.020508 0.384399 0.723022 0.672437 0.284421 0.017577
0.031372 0.362549 0.664551 0.710253 0.286285 0.002130
0.037842 0.338745 0.596191 0.741411 0.296671 -0.019707
0.043091 0.325439 0.513184 0.771505 0.323835 -0.041278
0.042603 0.308960 0.417603 0.788282 0.373901 -0.069507
0.034058 0.308472 0.298340 0.755792 0.466045 -0.115313
-0.004028 0.307617 0.195557 0.641012 0.617044 -0.162983
-0.059082 0.286255 0.125488 0.453795 0.756858 -0.186152
-0.098145 0.263062 0.095581 0.254328 0.803196 -0.178961
-0.118652 0.211304 0.068604 0.084421 0.710519 -0.135286
-0.136108 0.166992 0.043213 -0.027696 0.492144 -0.084421
-0.137817 0.131836 0.030518 -0.083622 0.205060 -0.053529
-0.135132 0.092529 -0.000854 -0.105193 -0.109720 -0.028762
-0.153442 0.093628 -0.044189 -0.121172 -0.391744 -0.008256
-0.170288 0.135742 -0.088745 -0.156325 -0.625300 0.034621
-0.169556 0.172852 -0.141357 -0.262051 -0.805859 0.118775
-0.151367 0.234497 -0.177612 -0.456192 -0.884953 0.220772
-0.100220 0.296509 -0.182739 -0.744341 -0.868975 0.368309
-0.014404 0.321045 -0.172607 -1.117976 -0.760852 0.555260
0.048462 0.325684 -0.117188 -1.547270 -0.560586 0.716911
0.097168 0.308105 -0.032593 -1.969108 -0.327830 0.807723
0.139160 0.254883 0.084595 -2.320905 -0.148069 0.796272
0.126587 0.202148 0.236084 -2.544607 -0.089214 0.625033
0.077026 0.194580 0.355957 -2.619441 -0.196804 0.350732
0.018555 0.176147 0.463867 -2.615180 -0.426631 0.099601
-0.013794 0.149780 0.573364 -2.579760 -0.730226 -0.068975
-0.035400 0.179199 0.677124 -2.528629 -1.048469 -0.091079
0.001953 0.209717 0.758667 -2.515846 -1.311851 0.069241
0.089722 0.203247 0.821045 -2.609321 -1.382690 0.321704
0.160889 0.185913 0.912476 -2.844474 -1.166445 0.513182
0.193359 0.156860 1.072021 -3.200000 -0.758455 0.544873
0.194458 0.115723 1.292480 -3.581625 -0.373103 0.403462
0.180908 0.064819 1.554932 -3.860719 -0.219174 0.205060
0.192627 0.074219 1.895508 -3.986418 -0.346471 0.101465
0.276245 0.084961 2.133301 -3.879627 -0.642344 0.118242
0.369263 0.090698 2.293823 -3.555526 -0.813049 0.169640
0.441772 0.101318 2.349365 -3.088682 -0.690280 0.174434
0.441284 0.102417 2.353760 -2.597869 -0.236485 0.117976
0.371582 0.111572 2.304565 -2.197071 0.323302 0.035686
0.252319 0.123779 2.262573 -1.972037 0.794407 -0.035952
0.140991 0.101807 2.246460 -1.876698 1.067111 -0.066045
0.056519 0.071533 2.266968 -1.801065 1.085220 -0.054328
0.012817 0.032104 2.338867 -1.643675 0.875100 -0.032224
0.015869 0.005615 2.399292 -1.340879 0.482823 0.013049
0.065063 -0.009155 2.434448 -0.895606 0.015180 0.075100
0.135742 -0.008789 2.433228 -0.413848 -0.370972 0.131824
0.206909 0.001343 2.413818 0.038615 -0.568309 0.172037
0.278198 0.030884 2.374878 0.408522 -0.578961 0.193875
0.334229 0.037231 2.356323 0.696671 -0.448202 0.184021
0.369263 0.020752 2.350708 0.958722 -0.200266 0.144075
0.370728 0.013062 2.335205 1.253529 0.060186 0.106791
0.365356 -0.002563 2.305054 1.593342 0.267111 0.091611
0.370483 -0.030762 2.245483 1.948868 0.378961 0.085220
0.388550 -0.039673 2.141724 2.308122 0.418375 0.074567
0.418945 -0.039429 2.003174 2.631691 0.467643 0.042610
0.436035 -0.041870 1.852539 2.874567 0.573369 -0.022636
0.440186 -0.032837 1.708496 3.025033 0.727830 -0.121438
0.435547 -0.034668 1.569336 3.099867 0.896937 -0.226365
0.406250 -0.025146 1.453491 3.125433 1.051398 -0.342743
0.366943 -0.023193 1.331055 3.162184 1.143009 -0.455126
0.316895 -0.002319 1.203491 3.248469 1.144873 -0.549401
0.287598 0.002563 1.059326 3.366445 1.073236 -0.627963
0.267578 0.025269 0.899292 3.476698 0.958189 -0.708122
0.244995 0.056641 0.727905 3.516911 0.833555 -0.802663
0.216064 0.098145 0.582275 3.445007 0.725433 -0.893209
0.181152 0.120117 0.453979 3.290812 0.643675 -0.977097
0.150024 0.129761 0.347656 3.089481 0.566445 -1.063382
0.112793 0.139160 0.254761 2.880959 0.466578 -1.137417
0.074097 0.148926 0.170410 2.699867 0.329960 -1.180826
0.038086 0.161621 0.083740 2.549933 0.136884 -1.190146
0.015259 0.168335 -0.021606 2.413049 -0.081758 -1.181092
-0.002441 0.175537 -0.110474 2.251398 -0.291611 -1.164314
-0.003296 0.180664 -0.210449 2.031691 -0.454860 -1.135286
-0.007568 0.166260 -0.267822 1.727563 -0.528096 -1.098269
-0.014893 0.146118 -0.302124 1.365912 -0.535020 -1.052730
-0.016846 0.124023 -0.319580 0.993076 -0.526498 -1.005060
-0.026367 0.099121 -0.317749 0.638615 -0.525699 -0.972037
-0.041016 0.072998 -0.310425 0.337150 -0.538216 -0.952863
-0.059937 0.047485 -0.302124 0.114514 -0.558189 -0.940080
-0.080322 0.018921 -0.296631 -0.041545 -0.597071 -0.923036
-0.098999 0.010986 -0.311035 -0.166178 -0.661518 -0.898003
-0.111450 -0.000366 -0.321289 -0.301198 -0.720107 -0.855659
-0.116821 -0.012085 -0.326294 -0.463915 -0.756591 -0.792543
-0.120728 -0.025146 -0.315308 -0.644208 -0.763249 -0.710253
-0.125244 -0.036377 -0.290283 -0.841545 -0.733422 -0.615180
-0.126343 -0.027466 -0.267700 -1.058855 -0.693742 -0.503329
-0.136108 -0.019043 -0.219360 -1.290280 -0.653529 -0.382423
-0.159302 -0.015015 -0.152588 -1.507856 -0.644474 -0.273236
-0.178467 -0.020264 -0.085815 -1.691079 -0.701198 -0.191478
-0.189209 -0.027954 0.000000 -1.830093 -0.826099 -0.140613
-0.164673 -0.056641 0.097778 -1.938748 -1.005859 -0.146738
-0.155884 -0.077637 0.198486 -2.027164 -1.209587 -0.246338
-0.176392 -0.067017 0.314209 -2.095073 -1.414381 -0.373901
-0.189575 -0.046387 0.452026 -2.119308 -1.611984 -0.431425
-0.200195 -0.017212 0.562744 -2.095340 -1.764581 -0.380826
-0.196411 0.034912 0.640747 -2.051398 -1.830093 -0.222104
-0.169556 0.083984 0.720337 -2.070573 -1.723302 -0.001332
-0.121704 0.096924 0.796509 -2.221571 -1.409587 0.245806
-0.069824 0.140259 0.898560 -2.531292 -0.917710 0.439680
-0.030151 0.166016 1.069702 -2.945140 -0.347270 0.512383
-0.014771 0.170654 1.281738 -3.291611 0.116911 0.461252
-0.012085 0.183960 1.501953 -3.451931 0.339814 0.317976
0.007813 0.195435 1.699219 -3.403196 0.293209 0.162716
0.052246 0.212646 1.834961 -3.169641 0.031691 0.041278
0.084106 0.233032 1.950684 -2.827430 -0.287617 -0.035952
0.134277 0.225830 2.015625 -2.458056 -0.539547 -0.079361
0.162476 0.221313 2.037109 -2.124101 -0.647670 -0.115846
0.170044 0.220093 2.044922 -1.863648 -0.547004 -0.159521
0.148193 0.192993 2.041382 -1.675100 -0.301465 -0.214115
0.089111 0.167969 2.061646 -1.521971 -0.004794 -0.262850
0.028320 0.118286 2.069702 -1.319840 0.234354 -0.273502
-0.015747 0.086060 2.058105 -1.058056 0.320107 -0.234621
-0.040649 0.073486 2.004883 -0.741678 0.284953 -0.170439
-0.043579 0.074585 1.931396 -0.413848 0.178961 -0.090812
-0.022705 0.090820 1.838867 -0.120905 0.041545 -0.011185
-0.002075 0.111694 1.754517 0.108921 -0.070040 0.048202
0.018311 0.119629 1.661133 0.280160 -0.136085 0.088948
0.037109 0.117310 1.579834 0.395473 -0.159787 0.105193
0.046753 0.109253 1.504150 0.475366 -0.139814 0.102796
0.060181 0.102295 1.423950 0.526498 -0.102530 0.090546
0.064941 0.106323 1.358276 0.545140 -0.037816 0.077497
0.058105 0.099487 1.307617 0.542210 0.048202 0.073768
0.049438 0.089478 1.252930 0.539547 0.115047 0.087350
0.051514 0.083252 1.204224 0.540879 0.156858 0.107856
0.051025 0.073730 1.150513 0.547004 0.191744 0.123302
0.041626 0.064697 1.106079 0.570706 0.225832 0.132091
0.029175 0.058594 1.056396 0.607457 0.227430 0.138482
0.019775 0.053589 1.010620 0.649268 0.188815 0.151265
0.019043 0.063354 0.959351 0.674301 0.129960 0.168043
0.026611 0.073120 0.916748 0.669774 0.088415 0.194940
0.040771 0.064941 0.890259 0.648469 0.068708 0.221838
0.055542 0.057861 0.865967 0.616511 0.077497 0.234354
0.057617 0.056763 0.840942 0.568842 0.125699 0.227696
0.060181 0.047241 0.827515 0.511585 0.192543 0.208788
0.057983 0.028198 0.826782 0.445539 0.258589 0.180826
0.049072 0.018677 0.823120 0.381891 0.308655 0.142210
0.038086 0.011353 0.820679 0.327031 0.344607 0.108921
