0.043335 0.679321 0.500977 -0.060453 -0.080426 0.204794
0.099487 0.651001 0.493164 -0.116378 -0.010652 0.303595
0.107300 0.684570 0.506104 -0.135286 0.094008 0.304660
0.126099 0.691040 0.513184 -0.112383 0.163249 0.238083
0.104858 0.710083 0.518799 -0.036485 0.209854 0.150200
0.077026 0.743164 0.522827 0.068975 0.189348 0.082290
0.050781 0.766602 0.512817 0.165912 0.101997 0.057257
0.047852 0.778564 0.499878 0.248735 -0.008522 0.064447
0.071533 0.770996 0.486694 0.307856 -0.116644 0.080160
0.104370 0.759277 0.457642 0.341145 -0.191744 0.079893
0.126831 0.749634 0.423584 0.340879 -0.188815 0.053529
0.135742 0.740234 0.379639 0.302796 -0.104660 0.010386
0.124634 0.724243 0.364258 0.225300 0.030360 -0.042610
0.108398 0.701172 0.344971 0.140879 0.159787 -0.096138
0.080811 0.677246 0.324707 0.075899 0.263382 -0.142477
0.059814 0.653442 0.293457 0.035419 0.330493 -0.169907
0.015259 0.654541 0.251221 0.009055 0.367510 -0.186418
-0.017578 0.640625 0.220825 -0.016511 0.380826 -0.191212
-0.031860 0.599854 0.184570 -0.047670 0.349134 -0.184288
-0.044312 0.569214 0.158813 -0.082557 0.272703 -0.175233
-0.048218 0.535767 0.133423 -0.124900 0.158722 -0.161917
-0.037476 0.485229 0.109619 -0.170972 0.013316 -0.145140
-0.016846 0.426758 0.072266 -0.217044 -0.136085 -0.128895
0.008667 0.362793 0.039185 -0.276964 -0.260453 -0.123569
0.010498 0.308716 0.003052 -0.358189 -0.343009 -0.137150
-0.025635 0.304077 -0.034180 -0.465513 -0.380027 -0.167776
-0.079712 0.304321 -0.054932 -0.613582 -0.381092 -0.180027
-0.138672 0.306274 -0.070068 -0.785087 -0.387750 -0.155526
-0.181763 0.330566 -0.088867 -0.987750 -0.389348 -0.105459
-0.203857 0.331543 -0.065674 -1.226631 -0.368842 0.005326
-0.180786 0.296631 -0.039795 -1.463648 -0.370706 0.204794
-0.124023 0.252808 0.018921 -1.674834 -0.412517 0.473502
-0.045288 0.184692 0.101318 -1.858322 -0.494807 0.756858
0.033569 0.136963 0.170776 -2.001864 -0.613049 0.988282
0.087646 0.164429 0.224487 -2.116112 -0.725699 1.119308
0.093140 0.236694 0.269409 -2.225832 -0.791478 1.108655
0.057495 0.326782 0.331787 -2.345406 -0.792277 0.997071
-0.000854 0.385986 0.417603 -2.455925 -0.774700 0.869241
-0.029785 0.405396 0.524170 -2.510519 -0.811984 0.827164
-0.016357 0.393433 0.625366 -2.491611 -0.951531 0.913182
0.043823 0.351318 0.735718 -2.414381 -1.178162 1.132357
0.163940 0.290894 0.803101 -2.294541 -1.436751 1.442344
0.313232 0.230713 0.848877 -2.215180 -1.597337 1.734754
0.493652 0.216064 0.898804 -2.289214 -1.529161 1.864714
0.608398 0.263306 0.968628 -2.539015 -1.175499 1.726232
0.636841 0.349243 1.084961 -2.902530 -0.659387 1.319574
0.621948 0.382202 1.242310 -3.229827 -0.144607 0.851398
0.549927 0.374878 1.428101 -3.364847 0.188815 0.545140
0.499146 0.385864 1.596924 -3.233289 0.193342 0.498802
0.511353 0.399414 1.692383 -2.876964 -0.102264 0.662583
0.558838 0.505249 1.707153 -2.449800 -0.495606 0.861518
0.620117 0.659668 1.708252 -2.110519 -0.758455 0.993342
0.701172 0.750732 1.704102 -1.941145 -0.785886 1.015979
0.741211 0.777832 1.743774 -1.889481 -0.581891 0.945406
0.745605 0.791382 1.812256 -1.870839 -0.291079 0.828229
0.732056 0.798096 1.861938 -1.808522 -0.038881 0.721971
0.707275 0.810913 1.885742 -1.642077 0.140346 0.684953
0.691406 0.827271 1.883301 -1.384021 0.248735 0.699068
0.697021 0.822998 1.853516 -1.094008 0.305193 0.730759
0.709839 0.813721 1.813354 -0.842876 0.311318 0.743542
0.713623 0.798706 1.769531 -0.667643 0.287084 0.730226
0.719727 0.783081 1.754150 -0.551798 0.252463 0.683622
0.713623 0.772217 1.763916 -0.467909 0.207989 0.602130
0.718750 0.726685 1.801270 -0.348336 0.151531 0.499601
0.764893 0.683228 1.841309 -0.153928 0.061784 0.375233
0.805054 0.638306 1.890625 0.115313 -0.033555 0.219707
0.826172 0.606934 1.894775 0.469774 -0.118242 0.046605
0.840332 0.590698 1.883423 0.884154 -0.159521 -0.090013
0.855225 0.577759 1.819580 1.315313 -0.148868 -0.193342
0.859009 0.572632 1.736328 1.699334 -0.063116 -0.311318
0.839355 0.559937 1.642212 1.993342 0.086551 -0.444474
0.811890 0.527954 1.553223 2.186684 0.247137 -0.568842
0.781006 0.491943 1.464355 2.310519 0.396272 -0.675100
0.752441 0.459839 1.391235 2.395206 0.513981 -0.769641
0.724854 0.429688 1.312134 2.462583 0.587750 -0.866578
0.703003 0.400513 1.240845 2.521704 0.628762 -0.973369
0.677124 0.378174 1.145386 2.584820 0.643142 -1.088948
0.642822 0.359131 1.057251 2.639680 0.654860 -1.215979
0.601807 0.340820 0.954590 2.674301 0.673768 -1.342743
0.553101 0.326294 0.855713 2.682557 0.703329 -1.453529
0.499390 0.308960 0.770874 2.672437 0.729694 -1.536884
0.443726 0.295166 0.679321 2.648735 0.740879 -1.604261
0.388062 0.294922 0.594971 2.611718 0.729694 -1.648735
0.337524 0.288086 0.510742 2.559521 0.692676 -1.667643
0.292847 0.283936 0.428345 2.487617 0.630892 -1.674301
0.247437 0.264771 0.357300 2.398402 0.553129 -1.686285
0.199463 0.263794 0.291870 2.288415 0.454594 -1.701465
0.143555 0.268799 0.236450 2.153395 0.338748 -1.713182
0.098877 0.251465 0.191284 2.003196 0.205060 -1.707590
0.055298 0.233154 0.152466 1.865513 0.052463 -1.682823
0.013306 0.229004 0.108154 1.748069 -0.092676 -1.637017
-0.019043 0.217651 0.067017 1.632490 -0.210386 -1.567510
-0.043579 0.199707 0.024902 1.511585 -0.295340 -1.470306
-0.070068 0.197876 -0.025024 1.377896 -0.344075 -1.360320
-0.094360 0.191406 -0.051514 1.211718 -0.353928 -1.244208
-0.112305 0.178833 -0.084961 1.011185 -0.345140 -1.120906
-0.123413 0.162231 -0.113281 0.787750 -0.316644 -0.993875
-0.141235 0.147827 -0.127930 0.552064 -0.271105 -0.865779
-0.165283 0.143921 -0.142090 0.318509 -0.245273 -0.727830
-0.186890 0.142700 -0.141113 0.090013 -0.242344 -0.585619
-0.207275 0.139282 -0.140991 -0.126498 -0.276165 -0.440746
-0.223511 0.146973 -0.145630 -0.318509 -0.347803 -0.296937
-0.222656 0.167480 -0.145874 -0.503595 -0.436751 -0.158988
-0.205444 0.169556 -0.131592 -0.691877 -0.524900 -0.023169
-0.187012 0.175903 -0.119141 -0.884953 -0.606924 0.093209
-0.165161 0.186401 -0.088501 -1.086285 -0.676431 0.188549
-0.140381 0.181885 -0.044922 -1.292144 -0.733156 0.251132
-0.112793 0.178711 0.009155 -1.484421 -0.802131 0.261252
-0.097168 0.192017 0.063843 -1.641545 -0.884953 0.220506
-0.088379 0.204346 0.128174 -1.768842 -0.975766 0.148602
-0.090210 0.231567 0.184570 -1.872969 -1.079095 0.069507
-0.096680 0.255493 0.253540 -1.966977 -1.193076 0.011718
-0.108521 0.271729 0.327271 -2.049001 -1.325433 0.000000
-0.103149 0.280151 0.408203 -2.098003 -1.482024 0.032490
-0.089355 0.292847 0.489136 -2.136352 -1.632490 0.088682
-0.060913 0.272217 0.585327 -2.172037 -1.756591 0.161917
-0.027466 0.263306 0.696899 -2.166178 -1.881491 0.243941
0.034058 0.265503 0.763916 -2.123569 -2.015979 0.356325
0.105469 0.277222 0.822876 -2.080426 -2.095340 0.482823
0.158813 0.343506 0.830566 -2.082024 -2.107856 0.561917
0.192383 0.435547 0.854370 -2.195206 -1.980027 0.577896
0.215942 0.476440 0.914551 -2.427963 -1.715047 0.550200
0.253784 0.457397 1.008423 -2.730759 -1.391744 0.516112
0.255737 0.438965 1.131226 -3.014647 -1.061784 0.536352
0.257324 0.437622 1.281982 -3.144075 -0.765646 0.676165
0.301025 0.435181 1.431641 -3.037816 -0.584021 0.943808
0.386353 0.448975 1.507446 -2.736618 -0.520373 1.247137
0.470093 0.507690 1.559692 -2.375233 -0.500932 1.491345
0.563354 0.559937 1.579468 -2.045539 -0.528362 1.614913
0.645630 0.605225 1.592773 -1.813582 -0.561118 1.549933
0.703979 0.619873 1.595337 -1.648735 -0.559521 1.322503
0.729004 0.631226 1.607422 -1.506791 -0.517177 1.024501
0.725220 0.627930 1.614380 -1.354461 -0.420240 0.744874
0.713013 0.613037 1.606812 -1.202130 -0.293475 0.535553
0.700562 0.608276 1.592285 -1.049534 -0.142477 0.405859
0.694092 0.608643 1.568481 -0.909188 0.028762 0.341944
0.686523 0.610596 1.532837 -0.786684 0.211984 0.297204
0.652344 0.607422 1.510620 -0.677763 0.384820 0.225832
0.603882 0.599487 1.488159 -0.545939 0.490013 0.119840
0.562256 0.573486 1.458252 -0.375766 0.500666 -0.005593
0.528809 0.540039 1.422974 -0.182690 0.419973 -0.130226
0.500977 0.516479 1.379150 0.004261 0.285752 -0.236751
0.483765 0.493652 1.320679 0.168842 0.176298 -0.314248
0.463745 0.471313 1.257690 0.306791 0.145672 -0.355792
0.447021 0.445679 1.202393 0.411718 0.192277 -0.367776
0.428223 0.410400 1.149902 0.487883 0.286818 -0.359521
0.410522 0.379639 1.104858 0.528895 0.410386 -0.339015
0.395264 0.345093 1.073853 0.539015 0.534754 -0.312916
0.379883 0.305542 1.040649 0.543542 0.641545 -0.284687
0.375854 0.276367 1.015991 0.541944 0.734221 -0.266844
