-0.206665 0.583374 0.034302 -0.004794 -0.374700 0.941678
-0.102905 0.502808 -0.040161 -0.002929 -0.406924 1.305193
-0.060547 0.460205 -0.041748 -0.018908 -0.349667 1.621837
0.005981 0.450806 -0.078369 -0.074035 -0.278562 1.834088
0.053955 0.426636 -0.104248 -0.189081 -0.146205 1.941678
0.069214 0.399292 -0.117432 -0.352597 0.007723 1.951531
0.058716 0.369263 -0.103760 -0.529694 0.103063 1.911584
0.026855 0.337036 -0.076416 -0.696139 0.076964 1.878828
-0.007324 0.306152 -0.028564 -0.816778 -0.114248 1.889481
0.005615 0.273804 0.006226 -0.866312 -0.448202 1.956325
0.047729 0.259277 0.010986 -0.848202 -0.794141 2.081491
0.106201 0.259521 -0.001831 -0.805326 -1.021838 2.275100
0.161499 0.276611 -0.011719 -0.810120 -1.065513 2.511585
0.227051 0.307007 -0.004272 -0.932091 -0.921438 2.775233
0.337280 0.291626 0.055542 -1.159787 -0.614115 3.047137
0.436768 0.256958 0.146973 -1.415180 -0.227963 3.243675
0.506592 0.241821 0.244751 -1.620506 0.141145 3.343808
0.572876 0.253052 0.325439 -1.755792 0.430360 3.377630
0.637085 0.229980 0.407104 -1.807989 0.604527 3.394674
0.695435 0.210327 0.467163 -1.750466 0.626365 3.442077
0.772217 0.214844 0.518555 -1.622104 0.503063 3.551265
0.860718 0.240356 0.540527 -1.491611 0.282823 3.702530
0.960205 0.325195 0.593872 -1.402929 0.047670 3.815979
1.109741 0.383057 0.602051 -1.332090 -0.130759 3.815180
1.266724 0.416260 0.595215 -1.268442 -0.145140 3.669507
1.416016 0.439697 0.597290 -1.220240 0.012783 3.445806
1.527466 0.422607 0.627808 -1.214381 0.278029 3.164847
1.625244 0.474487 0.654541 -1.237284 0.549134 2.890812
1.679688 0.522339 0.702393 -1.230892 0.803462 2.619973
1.704224 0.586304 0.755615 -1.189348 0.975233 2.344341
1.708618 0.650757 0.808960 -1.076698 1.010386 2.086551
1.742676 0.695190 0.833496 -0.862583 0.896138 1.847936
1.785889 0.720947 0.810303 -0.588016 0.676964 1.632490
1.813232 0.758667 0.768311 -0.339281 0.458322 1.412250
1.826416 0.778198 0.719971 -0.202663 0.288948 1.200266
1.833374 0.797241 0.680298 -0.183755 0.197071 1.008788
1.833130 0.795288 0.690063 -0.241012 0.187483 0.822903
1.827026 0.802002 0.724121 -0.300133 0.220772 0.640213
1.816772 0.800659 0.761475 -0.292676 0.276165 0.457257
1.812378 0.783447 0.798218 -0.212250 0.329960 0.281758
1.825562 0.758667 0.823730 -0.073236 0.361118 0.124368
1.845703 0.748413 0.823730 0.103329 0.342477 -0.017577
1.858887 0.741577 0.817749 0.289747 0.267643 -0.182956
1.870728 0.723389 0.796021 0.477763 0.144075 -0.404527
1.859253 0.713257 0.761841 0.628495 0.009055 -0.694541
1.829346 0.700195 0.721069 0.720639 -0.074567 -1.018642
1.773193 0.673950 0.712036 0.760852 -0.101997 -1.333422
1.716919 0.634155 0.708374 0.796272 -0.117177 -1.601864
1.661011 0.592041 0.697021 0.858589 -0.141411 -1.822636
1.619263 0.546387 0.686768 0.941145 -0.177630 -2.008256
1.574341 0.509277 0.652222 1.026897 -0.203196 -2.183222
1.511719 0.479126 0.614014 1.093209 -0.184554 -2.357923
1.440552 0.437256 0.574707 1.124101 -0.139015 -2.528895
1.344971 0.404175 0.534668 1.138216 -0.091877 -2.691611
1.259766 0.370728 0.496216 1.152863 -0.064181 -2.833289
1.174072 0.342896 0.447876 1.162184 -0.060186 -2.942477
1.078247 0.326538 0.399780 1.172304 -0.062850 -3.021039
0.987427 0.309692 0.346802 1.170173 -0.068176 -3.075366
0.904907 0.298950 0.294678 1.144607 -0.072703 -3.111052
0.820557 0.269897 0.245728 1.099601 -0.067909 -3.134754
0.729614 0.243408 0.207764 1.046072 -0.079095 -3.154461
0.636719 0.226807 0.163574 0.990146 -0.108123 -3.166711
0.547485 0.219360 0.131470 0.925965 -0.151531 -3.151265
0.473755 0.200195 0.096313 0.850333 -0.225832 -3.090812
0.396118 0.203125 0.062866 0.766178 -0.309987 -3.002131
0.322632 0.192383 0.038574 0.683622 -0.385619 -2.890280
0.262207 0.172119 0.020020 0.589081 -0.476431 -2.772304
0.195923 0.164429 0.004883 0.501997 -0.573901 -2.652463
0.124756 0.150635 -0.005127 0.438349 -0.672969 -2.519308
0.057373 0.142822 -0.018555 0.412250 -0.797603 -2.363515
-0.001709 0.147705 -0.031250 0.407190 -0.927563 -2.189081
-0.050903 0.137329 -0.054565 0.401864 -1.055127 -1.989880
-0.096802 0.140869 -0.088501 0.381358 -1.173901 -1.773369
-0.145508 0.150146 -0.090576 0.326232 -1.252996 -1.554727
-0.170776 0.132568 -0.089111 0.249268 -1.298269 -1.317177
-0.197754 0.133911 -0.100098 0.155792 -1.332357 -1.083622
-0.220947 0.152100 -0.103027 0.065246 -1.336085 -0.845539
-0.236450 0.171631 -0.120972 -0.024767 -1.308123 -0.590679
-0.234131 0.189819 -0.149048 -0.120373 -1.231158 -0.329694
-0.231812 0.204102 -0.163208 -0.237284 -1.101198 -0.066578
-0.226074 0.225342 -0.188965 -0.372304 -0.944341 0.197603
-0.214233 0.239258 -0.206177 -0.527297 -0.755260 0.459920
-0.206055 0.250610 -0.201172 -0.704660 -0.569907 0.708122
-0.192139 0.271973 -0.179443 -0.913981 -0.430626 0.947537
-0.177734 0.277466 -0.143433 -1.140612 -0.336085 1.185619
-0.159912 0.265991 -0.084229 -1.340080 -0.308655 1.427696
-0.131958 0.262207 -0.014160 -1.489747 -0.361651 1.667643
-0.074341 0.261475 0.057739 -1.573369 -0.479361 1.876431
-0.000122 0.276001 0.096069 -1.588282 -0.622370 2.015180
0.069214 0.317139 0.110962 -1.573901 -0.717177 2.076964
0.135132 0.362427 0.136475 -1.609055 -0.701997 2.098003
0.208008 0.383911 0.156006 -1.723569 -0.562983 2.105459
0.275879 0.401245 0.199585 -1.907324 -0.327297 2.086818
0.340942 0.411987 0.286865 -2.141944 -0.056991 2.051398
0.405640 0.406372 0.376099 -2.374168 0.170439 2.031425
0.478882 0.389038 0.486694 -2.549667 0.321438 2.041278
0.540405 0.397949 0.594238 -2.633289 0.366977 2.101731
0.634399 0.413208 0.699219 -2.622903 0.325699 2.220772
0.756958 0.429321 0.781006 -2.532091 0.244208 2.342210
0.885986 0.469727 0.852295 -2.393609 0.176831 2.385619
0.979980 0.511719 0.893066 -2.238882 0.165912 2.332357
1.059937 0.553467 0.917236 -2.096937 0.227963 2.205326
1.120850 0.592163 0.929688 -1.984288 0.369374 2.050333
1.165161 0.608398 0.948242 -1.892144 0.539814 1.915313
1.194580 0.616699 0.987061 -1.790945 0.681225 1.811451
1.207153 0.625488 1.018921 -1.646871 0.725433 1.705726
1.214966 0.640625 1.050171 -1.472437 0.650333 1.594141
1.234741 0.663452 1.068359 -1.283622 0.461518 1.492410
1.276001 0.662720 1.079834 -1.091877 0.213049 1.388016
1.325439 0.658081 1.062744 -0.918509 -0.057257 1.264980
1.369629 0.678467 1.046753 -0.780826 -0.237550 1.125699
1.407227 0.679321 1.024536 -0.683888 -0.283356 0.984820
1.431641 0.675903 1.008423 -0.611718 -0.194141 0.834354
1.433716 0.669434 0.993408 -0.538748 -0.016245 0.663648
1.412231 0.644287 0.976074 -0.450067 0.178961 0.475899
1.367065 0.623901 0.961914 -0.347270 0.348336 0.283888
1.309570 0.599854 0.945435 -0.231691 0.449534 0.104128
1.241333 0.579468 0.916626 -0.099068 0.455659 -0.056458
1.178345 0.570801 0.884277 0.033023 0.376565 -0.193342
1.121948 0.566650 0.847168 0.155526 0.249268 -0.303329
1.078613 0.555542 0.809082 0.267643 0.115846 -0.392543
1.048218 0.531616 0.765747 0.370706 0.008256 -0.470573
1.015869 0.513794 0.729614 0.456991 -0.053529 -0.537683
0.994995 0.484741 0.699707 0.512383 -0.073236 -0.596272
0.977905 0.456787 0.671997 0.529161 -0.054061 -0.651664
0.963989 0.426514 0.652344 0.508655 0.002130 -0.707057
0.937134 0.397461 0.649902 0.466844 0.080692 -0.768309
0.887695 0.377686 0.641846 0.445273 0.141411 -0.836751
0.848267 0.359741 0.647705 0.456458 0.162184 -0.898535
0.829102 0.330078 0.645752 0.483888 0.153928 -0.933955
0.814941 0.312256 0.641602 0.511318 0.145406 -0.954993
0.810547 0.297729 0.648071 0.526498 0.164048 -0.963515
0.822144 0.288696 0.649536 0.518775 0.219973 -0.965912
0.828491 0.277954 0.647095 0.485220 0.343009 -0.987217
0.840576 0.279175 0.632446 0.432490 0.546471 -1.046338
0.851685 0.290527 0.610962 0.353662 0.866844 -1.149933
0.862061 0.290527 0.584595 0.211718 1.339814 -1.276964
0.842896 0.276001 0.556519 -0.003196 1.944607 -1.410120
0.792847 0.269775 0.548828 -0.262051 2.633555 -1.524101
0.728638 0.243896 0.587891 -0.514514 3.318509 -1.593875
0.647583 0.209961 0.646973 -0.716644 3.913715 -1.614115
0.545288 0.196289 0.706787 -0.828762 4.397603 -1.600266
0.441406 0.192627 0.765259 -0.818376 4.741145 -1.574700
0.351807 0.197144 0.799316 -0.729960 4.963249 -1.511318
0.256348 0.212280 0.765259 -0.616778 5.116911 -1.406125
0.175171 0.207397 0.766724 -0.546738 5.243409 -1.261252
0.102417 0.206177 0.761963 -0.487350 5.300399 -1.073502
0.026978 0.211670 0.754883 -0.428762 5.274035 -0.879893
-0.047485 0.234741 0.704468 -0.375766 5.160586 -0.677497
-0.116699 0.271484 0.653931 -0.309454 5.000799 -0.496671
