0.064453 0.242432 0.849609 -0.548336 -0.066312 0.074035
0.064941 0.162598 0.877930 -0.828495 -0.011185 0.109188
0.041626 0.143555 0.946411 -0.989614 -0.013582 0.136884
0.029053 0.126831 0.984009 -1.017843 -0.114514 0.131558
0.027222 0.100342 1.025757 -0.906525 -0.271372 0.130226
0.034058 0.089966 1.035645 -0.675899 -0.469241 0.132357
0.051147 0.094971 1.002930 -0.424234 -0.677497 0.143542
0.088013 0.091309 0.961792 -0.242610 -0.819973 0.148602
0.111328 0.103760 0.909302 -0.156059 -0.842876 0.130226
0.119507 0.124634 0.899414 -0.183222 -0.753928 0.117443
0.108398 0.132813 0.930786 -0.296671 -0.594940 0.127031
0.094604 0.123901 0.975586 -0.417577 -0.421838 0.155260
0.058838 0.109131 1.046143 -0.511052 -0.313981 0.176565
0.017456 0.099365 1.133667 -0.535286 -0.331292 0.193609
-0.004883 0.116455 1.206177 -0.459387 -0.474567 0.224501
0.002808 0.134888 1.301147 -0.342477 -0.680692 0.269507
0.037109 0.151245 1.380249 -0.211451 -0.884154 0.344075
0.097046 0.185791 1.464722 -0.079095 -1.009853 0.468708
0.164429 0.210327 1.551758 0.042876 -0.996005 0.618109
0.234985 0.211060 1.632080 0.179228 -0.854061 0.747270
0.283203 0.210815 1.713501 0.325699 -0.637816 0.804261
0.302612 0.192383 1.804077 0.479627 -0.442077 0.784820
0.310181 0.162842 1.880737 0.680426 -0.383755 0.727563
0.317139 0.160889 1.924072 0.943808 -0.491611 0.670839
0.330322 0.166260 1.939087 1.272969 -0.689747 0.617843
0.348022 0.185059 1.898560 1.663648 -0.891079 0.556059
0.386108 0.222534 1.817505 2.057790 -1.023702 0.503862
0.433350 0.271606 1.723145 2.383222 -1.042077 0.476165
0.499023 0.306152 1.602051 2.604527 -0.916112 0.473236
0.551270 0.327393 1.493164 2.708921 -0.658056 0.474301
0.578247 0.326660 1.394653 2.721438 -0.329960 0.452197
0.584473 0.303223 1.326538 2.688682 -0.015979 0.395206
0.584351 0.275513 1.254883 2.675366 0.215446 0.306525
0.573608 0.260376 1.174438 2.696405 0.339547 0.194407
0.563477 0.258667 1.082642 2.747270 0.377896 0.073236
0.571777 0.258301 0.978516 2.810386 0.381891 -0.042610
0.591431 0.263916 0.869141 2.854328 0.389614 -0.169108
0.600464 0.282959 0.759888 2.836751 0.431957 -0.327297
0.613037 0.305298 0.666626 2.752064 0.513182 -0.490013
0.623535 0.310791 0.574219 2.631158 0.613049 -0.631158
0.622925 0.331177 0.486450 2.489481 0.701465 -0.761651
0.618896 0.346924 0.420166 2.334754 0.779228 -0.884953
0.616333 0.364868 0.358032 2.186152 0.814381 -1.003995
0.604492 0.391235 0.288696 2.056991 0.815180 -1.124900
0.596802 0.399658 0.236816 1.942477 0.779228 -1.245806
0.599731 0.398438 0.176880 1.855659 0.695073 -1.386684
0.586914 0.397827 0.130493 1.785619 0.567776 -1.535553
0.574829 0.380249 0.066895 1.718509 0.404261 -1.678562
0.559814 0.377686 0.005737 1.612250 0.254328 -1.838881
0.525635 0.377563 -0.039917 1.436218 0.173901 -1.977097
0.476196 0.352417 -0.069824 1.204794 0.177364 -2.075633
0.406616 0.331421 -0.066406 0.979228 0.217310 -2.143009
0.333008 0.318237 -0.071777 0.816245 0.215446 -2.144341
0.260254 0.306763 -0.064087 0.713715 0.142743 -2.081758
0.202637 0.300659 -0.087891 0.653262 -0.007723 -1.982690
0.148804 0.312500 -0.114502 0.602929 -0.185619 -1.872437
0.101440 0.328247 -0.134277 0.525166 -0.367776 -1.770972
0.059692 0.334106 -0.147217 0.406125 -0.542743 -1.688682
0.012695 0.330566 -0.144653 0.256724 -0.698003 -1.627430
-0.034790 0.313477 -0.123779 0.104128 -0.870040 -1.576298
-0.083374 0.297607 -0.085693 -0.041811 -1.081225 -1.537417
-0.131104 0.287720 -0.043457 -0.200533 -1.304660 -1.527563
-0.186646 0.279053 0.009399 -0.354993 -1.517177 -1.538748
-0.236938 0.258179 0.056519 -0.495073 -1.675632 -1.565912
-0.312988 0.247681 0.109863 -0.671904 -1.764581 -1.632490
-0.415771 0.228394 0.204712 -0.901198 -1.773103 -1.735819
-0.521362 0.168823 0.323853 -1.151265 -1.747803 -1.824767
-0.636719 0.121826 0.466553 -1.374967 -1.727297 -1.847936
-0.737549 0.095337 0.601074 -1.508655 -1.727830 -1.780826
-0.819580 0.102661 0.693115 -1.525965 -1.727031 -1.576032
-0.843384 0.090454 0.749023 -1.511052 -1.646072 -1.225832
-0.854736 0.114380 0.817505 -1.506258 -1.472703 -0.767244
-0.831787 0.124268 0.879272 -1.546471 -1.205060 -0.251132
-0.807007 0.116943 0.950073 -1.647670 -0.863648 0.257523
-0.786865 0.135376 1.031738 -1.763515 -0.493742 0.691611
-0.778931 0.146118 1.138428 -1.830892 -0.163782 1.013582
-0.767334 0.157471 1.241699 -1.800266 0.051931 1.222370
-0.733765 0.206177 1.322388 -1.654061 0.115846 1.370439
-0.658325 0.248779 1.375977 -1.436218 0.083356 1.522770
-0.563232 0.306763 1.404541 -1.215180 0.043675 1.705992
-0.451294 0.380615 1.418579 -1.034621 0.067111 1.897470
-0.327148 0.438721 1.427734 -0.937683 0.202663 2.080160
-0.227539 0.480469 1.446045 -0.921704 0.452996 2.194674
-0.153931 0.537598 1.477417 -0.948602 0.757656 2.218642
-0.070313 0.556763 1.517212 -0.945939 1.043409 2.198402
0.029907 0.569580 1.551147 -0.867643 1.264181 2.148335
0.137817 0.630493 1.592041 -0.722503 1.395206 2.129960
0.257690 0.655273 1.609253 -0.518775 1.452996 2.177896
0.399292 0.663086 1.602539 -0.276165 1.487350 2.193609
0.495972 0.672607 1.574097 -0.014913 1.507324 2.133688
0.577881 0.676392 1.518921 0.210919 1.519041 2.003196
0.612427 0.666016 1.469238 0.384820 1.524634 1.783222
0.601807 0.656006 1.419312 0.501465 1.498003 1.504128
0.571289 0.656128 1.373779 0.602130 1.416245 1.237284
0.546875 0.640625 1.314697 0.715313 1.287350 1.044474
0.533325 0.624268 1.238647 0.844740 1.143808 0.941145
0.536255 0.604980 1.146240 0.975766 1.025300 0.899601
0.556519 0.593994 1.042358 1.067909 0.958722 0.867909
0.575317 0.570313 0.941406 1.099601 0.962716 0.834621
0.583374 0.539185 0.832642 1.067643 1.029294 0.782157
0.593140 0.504150 0.728394 0.988549 1.126232 0.691345
0.604858 0.469360 0.627319 0.872969 1.221838 0.545406
0.586792 0.447510 0.539673 0.727830 1.288415 0.344607
0.548218 0.430786 0.467041 0.581358 1.284154 0.122503
0.494141 0.431396 0.390747 0.468708 1.192810 -0.098535
0.422119 0.449951 0.328003 0.400533 1.010120 -0.290280
0.384521 0.449951 0.262329 0.380826 0.753395 -0.411185
0.373169 0.441162 0.200073 0.381358 0.462850 -0.474301
0.382568 0.444702 0.139160 0.359254 0.175233 -0.509454
0.409668 0.438721 0.084839 0.303595 -0.053795 -0.522503
0.434937 0.427734 0.031128 0.214913 -0.217577 -0.532357
0.455200 0.432007 -0.011963 0.084154 -0.314780 -0.552064
0.464600 0.445679 -0.045654 -0.113182 -0.336618 -0.581092
0.472168 0.450073 -0.060425 -0.393342 -0.291345 -0.625033
0.479736 0.469971 -0.037476 -0.734221 -0.214115 -0.671372
0.499146 0.469604 -0.007080 -1.076431 -0.138748 -0.717443
0.515503 0.436279 0.042969 -1.375766 -0.082024 -0.781358
0.504028 0.408936 0.102661 -1.594674 -0.079627 -0.870306
0.472046 0.415894 0.156860 -1.734754 -0.147803 -1.013582
0.426636 0.417358 0.228271 -1.823702 -0.277497 -1.202929
0.375244 0.403198 0.315063 -1.862850 -0.501731 -1.413316
0.321289 0.405518 0.401855 -1.841278 -0.859654 -1.635952
0.277100 0.388550 0.492798 -1.752596 -1.330493 -1.868442
0.266724 0.344482 0.564819 -1.645273 -1.863648 -2.100932
0.278564 0.292847 0.632568 -1.581625 -2.365113 -2.317177
0.296997 0.220947 0.693481 -1.610652 -2.728362 -2.492410
0.295898 0.152344 0.770386 -1.775499 -2.866045 -2.637017
0.234619 0.129150 0.859985 -2.076165 -2.763515 -2.735286
0.100220 0.111572 1.002319 -2.440479 -2.423435 -2.750999
-0.009155 0.048218 1.101685 -2.756858 -2.002397 -2.646871
-0.138306 -0.019043 1.305054 -2.949934 -1.583755 -2.450866
-0.236206 -0.078735 1.460327 -2.972037 -1.281491 -2.200266
-0.304077 -0.144287 1.590454 -2.792543 -1.153129 -1.868442
-0.302490 -0.180054 1.663696 -2.449534 -1.205060 -1.512383
-0.277588 -0.160767 1.689087 -2.063116 -1.311318 -1.212517
-0.229736 -0.132935 1.672363 -1.727297 -1.366711 -1.003728
-0.214111 -0.092407 1.664063 -1.505726 -1.296139 -0.881491
-0.218018 -0.057373 1.654419 -1.407723 -1.109720 -0.833822
-0.246216 -0.047974 1.662598 -1.392011 -0.851398 -0.818376
-0.291748 -0.046875 1.681396 -1.385885 -0.591478 -0.797603
-0.315430 -0.052979 1.706299 -1.335553 -0.390413 -0.724101
-0.330444 -0.052856 1.710815 -1.213848 -0.260719 -0.572836
-0.327515 -0.057495 1.689941 -0.997603 -0.191212 -0.360053
-0.305908 -0.044189 1.636963 -0.723036 -0.171238 -0.134754
-0.272949 -0.009155 1.559204 -0.444740 -0.168575 0.060985
-0.240234 0.029053 1.483398 -0.204527 -0.163515 0.214381
-0.203613 0.062500 1.407715 -0.035153 -0.163782 0.324101
-0.158325 0.091431 1.350708 0.052197 -0.169907 0.391478
-0.116577 0.110107 1.308105 0.067643 -0.169640 0.415979
-0.068237 0.127441 1.284302 0.044740 -0.154194 0.405593
