0.355103 0.498901 0.708862 -0.827696 0.021571 0.626897
0.326538 0.488159 0.747314 -0.972304 0.101465 0.679361
0.336914 0.461548 0.765259 -1.075632 0.132357 0.725965
0.346680 0.433960 0.796631 -1.127031 0.113715 0.761651
0.350098 0.419922 0.809937 -1.107590 0.065513 0.759787
0.352661 0.411499 0.815674 -1.027696 -0.005060 0.736884
0.356323 0.411255 0.812134 -0.923835 -0.092943 0.713449
0.355835 0.425293 0.805420 -0.839680 -0.189880 0.695606
0.372192 0.430054 0.799072 -0.792011 -0.272703 0.677497
0.392090 0.424072 0.805542 -0.781891 -0.324368 0.643409
0.405273 0.421143 0.819092 -0.796005 -0.337150 0.595473
0.419312 0.417480 0.851318 -0.812250 -0.325433 0.560586
0.425049 0.407227 0.881958 -0.801332 -0.316378 0.549401
0.431885 0.418823 0.895386 -0.752330 -0.333688 0.561385
0.451904 0.440674 0.898315 -0.697736 -0.352064 0.593076
0.472046 0.458496 0.898926 -0.677497 -0.349667 0.624234
0.500122 0.490723 0.908569 -0.698535 -0.303862 0.625832
0.522583 0.521729 0.932861 -0.756325 -0.225832 0.613848
0.549194 0.545532 0.982788 -0.817310 -0.133422 0.600000
0.576538 0.566040 1.046143 -0.843941 -0.059121 0.592277
0.614014 0.582397 1.117310 -0.813848 -0.031957 0.588815
0.645508 0.616455 1.200439 -0.720373 -0.051664 0.578162
0.704102 0.638672 1.285400 -0.578162 -0.125699 0.570439
0.776733 0.657715 1.369385 -0.413848 -0.213848 0.540879
0.843750 0.661133 1.474976 -0.260719 -0.270306 0.465779
0.892334 0.659424 1.591919 -0.103063 -0.323036 0.338482
0.922852 0.641968 1.720337 0.117710 -0.394940 0.178695
0.943970 0.617065 1.826782 0.432490 -0.515579 0.026897
0.975220 0.595947 1.891113 0.820506 -0.664714 -0.095606
1.013184 0.589722 1.916016 1.255659 -0.781891 -0.192011
1.034180 0.592407 1.880493 1.697736 -0.825832 -0.292144
1.044678 0.589722 1.807373 2.095606 -0.773369 -0.401864
1.035278 0.589966 1.708130 2.405859 -0.645007 -0.508921
1.005493 0.582642 1.607788 2.636485 -0.460985 -0.604527
0.956543 0.569824 1.512817 2.801864 -0.240213 -0.696937
0.908081 0.532471 1.423584 2.915313 -0.033822 -0.775233
0.860718 0.495117 1.330933 3.020772 0.115047 -0.830093
0.829224 0.471558 1.230591 3.134221 0.192543 -0.863116
0.808105 0.435181 1.121948 3.242343 0.227164 -0.882823
0.796387 0.397583 1.003052 3.320639 0.234621 -0.915313
0.778564 0.368530 0.896729 3.356059 0.235952 -0.996538
0.745483 0.346436 0.796997 3.341411 0.236485 -1.140879
0.690186 0.327881 0.707031 3.288415 0.243941 -1.325699
0.626221 0.323608 0.629395 3.219973 0.242077 -1.491878
0.570313 0.308472 0.544556 3.166711 0.217577 -1.606125
0.549072 0.298462 0.461670 3.135819 0.181358 -1.654061
0.553955 0.296997 0.360352 3.103595 0.151265 -1.649268
0.548584 0.322876 0.268921 3.038083 0.145406 -1.636485
0.540527 0.346680 0.181274 2.922503 0.151531 -1.625300
0.545044 0.363647 0.108276 2.744874 0.172037 -1.634354
0.521118 0.390869 0.052246 2.516644 0.201332 -1.663648
0.499023 0.398315 0.013428 2.268975 0.225300 -1.716911
0.473755 0.389771 -0.005127 2.029827 0.213848 -1.782157
0.444946 0.385742 -0.016846 1.832490 0.148868 -1.839680
0.430786 0.364990 -0.033447 1.681491 0.035153 -1.874834
0.408813 0.346436 -0.056030 1.566445 -0.111585 -1.892144
0.384644 0.333496 -0.086914 1.459388 -0.267111 -1.913182
0.357788 0.322510 -0.111572 1.347270 -0.395739 -1.923036
0.333374 0.300049 -0.130493 1.234620 -0.495872 -1.915047
0.307617 0.286865 -0.149658 1.120107 -0.570972 -1.888149
0.283936 0.285156 -0.172485 1.004527 -0.630892 -1.838349
0.271973 0.278320 -0.199219 0.891345 -0.678828 -1.761651
0.252930 0.269043 -0.226563 0.780027 -0.708389 -1.669507
0.224365 0.292358 -0.251709 0.643142 -0.733422 -1.590679
0.193237 0.304932 -0.277222 0.466844 -0.746205 -1.512383
0.163330 0.308472 -0.288940 0.261518 -0.750732 -1.451132
0.124146 0.310181 -0.282227 0.053529 -0.748868 -1.405326
0.092529 0.309692 -0.280762 -0.125166 -0.767776 -1.345406
0.061157 0.307861 -0.275513 -0.264980 -0.824501 -1.268708
0.030640 0.310791 -0.268555 -0.374967 -0.919840 -1.194407
-0.000366 0.314453 -0.267944 -0.484154 -1.048202 -1.142477
-0.041626 0.309570 -0.255371 -0.613848 -1.178961 -1.114514
-0.088623 0.306274 -0.247559 -0.779494 -1.306258 -1.110519
-0.150757 0.317627 -0.212524 -1.000533 -1.410386 -1.132357
-0.224731 0.323730 -0.166016 -1.270573 -1.497470 -1.160320
-0.307739 0.335938 -0.097290 -1.548602 -1.576565 -1.175766
-0.388550 0.355469 -0.009888 -1.796804 -1.661784 -1.156059
-0.469971 0.361328 0.083740 -1.974967 -1.770706 -1.059121
-0.515747 0.345093 0.173706 -2.073768 -1.896937 -0.874567
-0.528564 0.335693 0.243896 -2.122503 -2.027430 -0.624234
-0.533691 0.360962 0.314209 -2.154727 -2.097736 -0.341145
-0.521362 0.364624 0.370605 -2.218109 -2.086285 -0.046871
-0.533081 0.399902 0.467407 -2.343542 -1.966711 0.224767
-0.543091 0.454102 0.593872 -2.528629 -1.773103 0.455925
-0.527100 0.462891 0.734863 -2.701731 -1.547270 0.630093
-0.511963 0.475342 0.885254 -2.783222 -1.322770 0.711851
-0.505249 0.475464 1.035522 -2.739547 -1.132091 0.744075
-0.486572 0.465698 1.133179 -2.556325 -0.986418 0.806658
-0.455200 0.487793 1.157227 -2.270573 -0.857257 0.949134
-0.427002 0.542358 1.179688 -1.981358 -0.683888 1.187217
-0.383545 0.605957 1.193359 -1.770439 -0.446338 1.504927
-0.324951 0.660645 1.187866 -1.657790 -0.133688 1.833289
-0.280029 0.739502 1.219849 -1.667643 0.225832 2.102796
-0.229248 0.766602 1.279541 -1.752863 0.608788 2.318775
-0.168945 0.754517 1.359497 -1.801065 0.945939 2.460719
-0.127808 0.758911 1.467041 -1.747004 1.165912 2.520373
-0.064575 0.740112 1.541626 -1.550999 1.209321 2.548868
0.021362 0.738647 1.590576 -1.237284 1.091877 2.576831
0.120728 0.767944 1.616455 -0.868442 0.866844 2.610652
0.263672 0.769775 1.596313 -0.479095 0.624501 2.685486
0.422119 0.811523 1.559204 -0.122503 0.456192 2.759521
0.569336 0.842529 1.518066 0.173635 0.437816 2.782690
0.690186 0.870483 1.468628 0.409587 0.543009 2.744075
0.777466 0.897339 1.431274 0.605326 0.710519 2.628762
0.843384 0.914795 1.385376 0.802131 0.874834 2.456991
0.923462 0.900391 1.331177 1.023435 0.983755 2.268442
1.003540 0.887939 1.248779 1.257790 1.019707 2.088948
1.083130 0.861694 1.146851 1.483356 1.006924 1.911584
1.135010 0.825439 1.036499 1.663648 0.963249 1.707324
1.167480 0.806519 0.904297 1.769374 0.894541 1.462583
1.169434 0.781250 0.777100 1.800266 0.825566 1.193875
1.178223 0.759644 0.644653 1.748602 0.766445 0.905193
1.177368 0.746216 0.514526 1.630093 0.754461 0.636485
1.159058 0.720093 0.406128 1.481491 0.794674 0.403462
1.114502 0.693604 0.314575 1.333422 0.867110 0.177364
1.053711 0.659668 0.243896 1.173102 0.945406 -0.049001
0.964355 0.620483 0.180664 1.023968 0.998668 -0.274301
0.878174 0.578613 0.122437 0.880692 0.992011 -0.479095
0.796021 0.544556 0.080688 0.741678 0.920373 -0.648202
0.719360 0.503296 0.031982 0.606125 0.776298 -0.772836
0.647705 0.457397 0.008179 0.465779 0.573901 -0.871904
0.594971 0.428955 -0.020264 0.338482 0.322237 -0.945140
0.537720 0.416016 -0.054321 0.240746 0.058855 -0.977896
0.495239 0.409180 -0.094971 0.144341 -0.195206 -0.974700
0.461304 0.400391 -0.116943 0.036751 -0.427164 -0.953928
0.434570 0.398926 -0.149170 -0.109188 -0.629028 -0.918775
0.409912 0.406128 -0.170654 -0.301731 -0.774967 -0.873768
0.390381 0.421875 -0.182739 -0.522503 -0.856192 -0.800000
0.387085 0.423218 -0.193848 -0.754993 -0.874035 -0.703063
0.392334 0.421753 -0.202393 -1.013049 -0.826631 -0.625832
0.398193 0.423462 -0.199951 -1.317976 -0.713449 -0.583755
0.386963 0.416382 -0.167114 -1.660719 -0.552863 -0.573635
0.378906 0.412842 -0.123657 -2.017044 -0.412517 -0.595739
0.356934 0.413696 -0.063477 -2.351265 -0.336618 -0.639414
0.329102 0.413330 0.023438 -2.622370 -0.351798 -0.688415
0.305420 0.397705 0.119385 -2.826897 -0.477230 -0.744075
0.271851 0.381836 0.240479 -2.976032 -0.712916 -0.804527
0.248657 0.366821 0.347656 -3.062317 -1.053529 -0.855659
0.225830 0.355713 0.446045 -3.080426 -1.432490 -0.874567
0.215454 0.347656 0.531494 -3.063382 -1.773901 -0.860719
0.201660 0.362427 0.583740 -3.050599 -2.033555 -0.827164
0.212158 0.376953 0.662720 -3.076432 -2.148602 -0.769108
0.251953 0.355347 0.766479 -3.162184 -2.145140 -0.673768
0.298096 0.328735 0.894409 -3.286019 -2.050599 -0.580293
0.325928 0.291260 1.030518 -3.394940 -1.874301 -0.527830
0.345459 0.245483 1.222290 -3.425033 -1.677230 -0.518242
0.362305 0.194092 1.407837 -3.316644 -1.617310 -0.549933
0.380737 0.166992 1.555298 -3.075633 -1.652996 -0.611984
0.418579 0.139282 1.667969 -2.769907 -1.726232 -0.667377
0.442627 0.127930 1.736938 -2.465779 -1.736085 -0.691877
