0.551514 0.809570 -0.172607 -0.168043 -0.037816 -0.051398
0.539551 0.780273 -0.131104 -0.219441 -0.085752 -0.057257
0.513672 0.748657 -0.117554 -0.185087 -0.145140 -0.041012
0.494629 0.739380 -0.109375 -0.084953 -0.215446 -0.018109
0.473999 0.715576 -0.109253 0.008256 -0.295073 0.026631
0.459595 0.687500 -0.116699 0.071904 -0.365646 0.094274
0.438965 0.678711 -0.120605 0.099601 -0.400799 0.164847
0.426880 0.643555 -0.123901 0.105193 -0.384288 0.235153
0.403564 0.592163 -0.128540 0.094541 -0.341678 0.315579
0.371582 0.545288 -0.128540 0.072437 -0.286818 0.413316
0.349609 0.496216 -0.130981 0.019973 -0.202663 0.509188
0.310425 0.451538 -0.127563 -0.068176 -0.094274 0.582157
0.253296 0.433228 -0.118774 -0.169640 0.007989 0.607989
0.200439 0.406250 -0.089966 -0.258322 0.095340 0.610919
0.137207 0.403931 -0.081787 -0.303595 0.127563 0.605593
0.077026 0.394775 -0.077148 -0.280426 0.097470 0.625566
0.056519 0.371338 -0.104126 -0.188282 -0.007989 0.699601
0.058228 0.353638 -0.163452 -0.058056 -0.139814 0.816778
0.084839 0.342041 -0.227905 0.046338 -0.235686 0.950200
0.119751 0.324829 -0.285522 0.074035 -0.266578 1.073502
0.162964 0.317993 -0.320435 0.007989 -0.216511 1.177364
0.203735 0.296021 -0.323853 -0.165379 -0.070040 1.266578
0.225342 0.270630 -0.297607 -0.422903 0.159787 1.323302
0.223999 0.267578 -0.247314 -0.724101 0.423968 1.341145
0.190063 0.287476 -0.175415 -1.033822 0.683089 1.345672
0.138794 0.326172 -0.108521 -1.289747 0.872969 1.374434
0.104492 0.354126 -0.043579 -1.399467 0.967510 1.500666
0.113892 0.332031 0.045410 -1.293742 0.932091 1.776565
0.179932 0.278687 0.100098 -1.000799 0.731292 2.151531
0.291748 0.228882 0.098755 -0.623169 0.467111 2.556059
0.424316 0.191284 0.065674 -0.304128 0.269241 2.926232
0.577148 0.189941 0.027100 -0.161651 0.247403 3.203462
0.735718 0.253174 -0.025635 -0.208522 0.439947 3.363249
0.879883 0.383057 -0.056396 -0.386152 0.843142 3.422104
0.999634 0.484497 -0.023193 -0.591478 1.349134 3.400533
1.129639 0.523315 0.013306 -0.753129 1.733955 3.289214
1.269653 0.594727 0.073486 -0.847936 1.912383 3.126498
1.429321 0.624268 0.115356 -0.836485 1.929694 2.968842
1.634888 0.610474 0.186035 -0.772304 1.775233 2.811718
1.808350 0.615356 0.260986 -0.643409 1.462849 2.609321
1.973511 0.628540 0.245850 -0.515579 1.007190 2.327031
2.049927 0.705078 0.241821 -0.430626 0.611451 1.948868
2.102051 0.766235 0.240479 -0.400266 0.338748 1.529427
2.118286 0.793945 0.229736 -0.417310 0.200799 1.105459
2.089233 0.800171 0.215576 -0.467643 0.213316 0.718509
2.016968 0.796509 0.215942 -0.517177 0.352863 0.406125
1.937378 0.769043 0.215088 -0.547270 0.525965 0.180559
1.839966 0.728760 0.229858 -0.551798 0.662850 0.020240
1.737549 0.721680 0.226929 -0.531824 0.731025 -0.092943
1.636475 0.705444 0.251465 -0.478828 0.746205 -0.149401
1.562256 0.700928 0.251221 -0.391478 0.672703 -0.134487
1.514526 0.691284 0.259399 -0.252197 0.548868 -0.057790
1.514893 0.669189 0.260010 -0.069241 0.369374 0.062583
1.546021 0.651123 0.242554 0.108921 0.173635 0.174967
1.598389 0.646484 0.217407 0.251931 -0.005593 0.232224
1.664429 0.640015 0.189941 0.362184 -0.141678 0.190679
1.716064 0.641235 0.169189 0.413848 -0.221571 0.044740
1.755493 0.646118 0.141602 0.425566 -0.270839 -0.176831
1.790894 0.640747 0.108276 0.425300 -0.292410 -0.437017
1.815918 0.636719 0.082031 0.422903 -0.306525 -0.718775
1.816284 0.634644 0.060303 0.403196 -0.340080 -1.017843
1.783325 0.627197 0.052002 0.371505 -0.403995 -1.316911
1.745728 0.612915 0.038574 0.341678 -0.494807 -1.598136
1.692871 0.598633 0.020874 0.307324 -0.588282 -1.863648
1.626343 0.582642 0.004272 0.254328 -0.664980 -2.110786
1.556885 0.549683 0.003174 0.185353 -0.726498 -2.321172
1.481567 0.524170 0.014526 0.112383 -0.786152 -2.503329
1.404297 0.495605 0.031860 0.054328 -0.841811 -2.652730
1.326904 0.455322 0.030762 0.014913 -0.888682 -2.777630
1.248047 0.424194 0.039917 -0.014913 -0.910786 -2.892410
1.161987 0.385742 0.051514 -0.035686 -0.907324 -2.987483
1.071533 0.351440 0.050293 -0.042077 -0.895073 -3.071372
0.972778 0.323364 0.046143 -0.030892 -0.879893 -3.137417
0.858398 0.295410 0.051514 -0.005859 -0.866312 -3.183222
0.752197 0.263306 0.038818 0.032756 -0.899334 -3.212250
0.639893 0.243286 0.022949 0.062051 -0.964314 -3.217843
0.528564 0.216187 0.000488 0.056724 -1.045806 -3.194141
0.414429 0.194580 -0.013184 0.022903 -1.125166 -3.128096
0.300171 0.172485 -0.008301 -0.009587 -1.213316 -3.002929
0.219604 0.153687 -0.015015 -0.012783 -1.331292 -2.826365
0.135498 0.155518 -0.026611 -0.001065 -1.396272 -2.593875
0.094360 0.143799 -0.047241 -0.006391 -1.406125 -2.323302
0.036621 0.135864 -0.060425 -0.030626 -1.355260 -2.053795
-0.019897 0.131470 -0.073364 -0.072703 -1.250067 -1.786684
-0.078125 0.126831 -0.091919 -0.117443 -1.117443 -1.507856
-0.130249 0.121582 -0.107666 -0.170706 -0.978961 -1.200266
-0.155518 0.120239 -0.115723 -0.224501 -0.843409 -0.886019
-0.169189 0.130371 -0.134399 -0.268442 -0.712916 -0.589081
-0.164185 0.145996 -0.160645 -0.307856 -0.590945 -0.332889
-0.160034 0.170776 -0.206543 -0.358722 -0.450866 -0.123036
-0.162598 0.211304 -0.238403 -0.438881 -0.296405 0.059920
-0.178467 0.247070 -0.267212 -0.546205 -0.135553 0.237550
-0.185547 0.281860 -0.280640 -0.668975 -0.001065 0.418908
-0.184814 0.296753 -0.286743 -0.800266 0.107590 0.611451
-0.188721 0.312866 -0.273071 -0.936618 0.198136 0.811984
-0.194946 0.335205 -0.257446 -1.076698 0.253262 1.010919
-0.183716 0.324219 -0.214478 -1.213848 0.281225 1.200000
-0.166260 0.302368 -0.160156 -1.331025 0.271638 1.378163
-0.147949 0.300171 -0.099243 -1.414913 0.194407 1.542477
-0.112305 0.317505 -0.045532 -1.455659 0.063382 1.692943
-0.076294 0.331787 -0.006348 -1.446072 -0.089481 1.833289
-0.023315 0.348267 0.011719 -1.398935 -0.231957 1.970439
0.046753 0.368164 0.021484 -1.344607 -0.310253 2.107057
0.118164 0.382935 0.011230 -1.314514 -0.300399 2.235420
0.199341 0.389771 0.027588 -1.345140 -0.192277 2.352064
0.287598 0.395264 0.073242 -1.450866 -0.028495 2.467909
0.377686 0.394531 0.165283 -1.605592 0.136618 2.577896
0.478394 0.391113 0.279785 -1.733422 0.236751 2.678296
0.587646 0.392944 0.404175 -1.775233 0.231691 2.766178
0.716553 0.393188 0.496216 -1.694274 0.118509 2.829028
0.876465 0.394653 0.551025 -1.510519 -0.005060 2.876165
1.050415 0.408569 0.547119 -1.284154 -0.060186 2.889747
1.206299 0.435547 0.534546 -1.085752 0.067377 2.869774
1.304932 0.490967 0.515503 -0.976032 0.351531 2.796272
1.368286 0.556885 0.499390 -0.966711 0.723036 2.679893
1.379150 0.608521 0.543579 -1.009055 1.081758 2.515313
1.386719 0.624878 0.597168 -1.029827 1.299600 2.349933
1.415771 0.606445 0.628540 -0.974700 1.296937 2.198935
1.444214 0.588867 0.625122 -0.814913 1.100133 2.028495
1.494019 0.583740 0.592041 -0.595206 0.811185 1.858855
1.563477 0.591309 0.523804 -0.394407 0.543808 1.709720
1.619385 0.603027 0.468018 -0.283888 0.399734 1.562716
1.643433 0.615723 0.418335 -0.294274 0.381358 1.395739
1.632202 0.644043 0.397949 -0.398668 0.470306 1.184554
1.603271 0.658813 0.415039 -0.543542 0.607190 0.959787
1.567505 0.627197 0.453369 -0.650865 0.718775 0.745406
1.519531 0.589966 0.507202 -0.648202 0.739814 0.559254
1.475586 0.565674 0.523560 -0.534221 0.630360 0.417310
1.441284 0.542969 0.520020 -0.357390 0.419441 0.323835
1.432251 0.538818 0.497437 -0.165113 0.162450 0.262850
1.436890 0.537354 0.461670 -0.008256 -0.062583 0.208522
1.443359 0.534668 0.421509 0.087883 -0.196538 0.123569
1.430298 0.536377 0.386719 0.133422 -0.223702 -0.010120
1.408936 0.530884 0.362427 0.143276 -0.167510 -0.175499
1.374878 0.516235 0.350098 0.124368 -0.060719 -0.348069
1.321899 0.496826 0.343384 0.087084 0.047670 -0.516644
1.264648 0.475586 0.348755 0.051664 0.125965 -0.661252
1.204956 0.445313 0.353638 0.032224 0.154461 -0.776032
1.151123 0.421875 0.358643 0.039148 0.141411 -0.862850
1.101196 0.406616 0.349854 0.061252 0.104394 -0.933688
1.047119 0.387939 0.351563 0.085752 0.052996 -0.989081
1.006104 0.362427 0.352295 0.111851 -0.018109 -1.026365
0.975220 0.338623 0.361450 0.138748 -0.090013 -1.042876
0.965820 0.311157 0.378662 0.162716 -0.145140 -1.045273
0.986328 0.272705 0.412354 0.170706 -0.162450 -1.039414
1.036743 0.207397 0.470459 0.139814 -0.130759 -1.042610
1.104004 0.161255 0.517334 0.072703 -0.043409 -1.090280
1.127319 0.168823 0.554443 -0.019174 0.144873 -1.181358
1.150146 0.171265 0.575684 -0.119041 0.460186 -1.246871
1.099243 0.189697 0.539917 -0.181891 0.980293 -1.269241
