-0.143799 0.692383 0.739136 -0.489481 0.154461 0.120639
-0.095459 0.638672 0.723511 -0.457790 0.020772 0.115579
-0.106934 0.642822 0.751099 -0.334221 -0.096405 0.054594
-0.108032 0.648071 0.762817 -0.160053 -0.247137 0.018109
-0.095581 0.643921 0.735718 0.032224 -0.360852 0.002397
-0.096436 0.659058 0.697510 0.198935 -0.415446 -0.002663
-0.100220 0.682739 0.654297 0.292943 -0.408256 0.007989
-0.078735 0.689453 0.625366 0.287617 -0.342743 0.032224
-0.063965 0.682007 0.598267 0.215979 -0.219174 0.049534
-0.052124 0.678467 0.606323 0.099601 -0.070573 0.049534
-0.047852 0.664551 0.623169 -0.022370 0.063382 0.031691
-0.067871 0.663574 0.639038 -0.100932 0.150200 0.006658
-0.086548 0.658447 0.660034 -0.117976 0.158722 -0.009321
-0.103882 0.647705 0.668823 -0.061518 0.095606 -0.016245
-0.136597 0.673096 0.655273 0.053529 -0.011984 -0.018908
-0.166626 0.699829 0.641479 0.167244 -0.124101 -0.019973
-0.178223 0.712280 0.617065 0.272170 -0.247137 -0.005859
-0.171387 0.728027 0.601196 0.345939 -0.369374 0.038083
-0.132080 0.736938 0.567993 0.363249 -0.449001 0.100399
-0.079224 0.733765 0.547729 0.294541 -0.431691 0.154727
-0.043457 0.721680 0.541016 0.160053 -0.319308 0.171505
-0.021118 0.706543 0.541260 0.007723 -0.144075 0.161119
-0.010132 0.682495 0.544434 -0.124900 0.042344 0.135286
-0.007935 0.650146 0.555786 -0.217310 0.190413 0.095073
-0.014404 0.626099 0.546753 -0.247137 0.260719 0.052463
-0.019165 0.612671 0.514404 -0.232224 0.268442 0.012250
-0.028931 0.588013 0.472656 -0.215446 0.248469 -0.035153
-0.041382 0.553223 0.422241 -0.199734 0.210919 -0.099068
-0.060303 0.518799 0.368530 -0.178695 0.150732 -0.178961
-0.083984 0.478516 0.309937 -0.171505 0.071372 -0.259121
-0.103149 0.436157 0.243286 -0.203728 -0.022370 -0.325433
-0.119385 0.384644 0.200806 -0.284421 -0.128362 -0.370173
-0.133423 0.338135 0.156372 -0.389614 -0.253262 -0.392543
-0.140625 0.298096 0.135254 -0.492410 -0.382157 -0.391212
-0.129395 0.259399 0.100952 -0.586418 -0.499334 -0.351798
-0.108154 0.224243 0.063599 -0.685220 -0.568043 -0.287350
-0.079956 0.193359 0.020020 -0.815180 -0.573635 -0.207457
-0.070679 0.163940 -0.002441 -0.983222 -0.508655 -0.129694
-0.083984 0.161865 -0.032837 -1.176298 -0.427696 -0.068708
-0.097046 0.163940 -0.043335 -1.394674 -0.358189 -0.017044
-0.106567 0.139282 -0.047241 -1.628495 -0.322770 0.038881
-0.115723 0.131592 -0.028687 -1.866578 -0.348868 0.095606
-0.091675 0.091431 0.025757 -2.100932 -0.427696 0.146205
-0.063599 0.023560 0.125244 -2.317976 -0.550732 0.173103
-0.039307 -0.002686 0.238281 -2.474833 -0.746471 0.206391
-0.032715 0.044189 0.336670 -2.574700 -1.009587 0.286285
-0.019531 0.094604 0.444580 -2.683622 -1.235419 0.409055
-0.015503 0.107544 0.563354 -2.804794 -1.355792 0.527563
0.005371 0.124023 0.673462 -2.916378 -1.394141 0.600000
0.038330 0.097290 0.840454 -3.029561 -1.319308 0.643941
0.045532 0.109741 1.026611 -3.130226 -1.222370 0.619441
0.051270 0.165405 1.212646 -3.188815 -1.158988 0.595473
0.121338 0.219971 1.406860 -3.190413 -1.161651 0.704394
0.237671 0.243652 1.581543 -3.179494 -1.197603 0.883888
0.344849 0.242432 1.736816 -3.165646 -1.143808 0.949933
0.365479 0.297119 1.912598 -3.165380 -0.959787 0.833023
0.345337 0.327393 2.108765 -3.131025 -0.735286 0.630360
0.333862 0.315430 2.288452 -2.937150 -0.577363 0.468708
0.361206 0.333130 2.424805 -2.590147 -0.505726 0.412250
0.394531 0.392578 2.495117 -2.170706 -0.450866 0.433023
0.434570 0.461792 2.492065 -1.713182 -0.331824 0.472170
0.456421 0.538452 2.462891 -1.295606 -0.139814 0.485752
0.427734 0.605957 2.430786 -0.945140 0.095073 0.449268
0.379395 0.644531 2.421509 -0.658855 0.263648 0.368043
0.353516 0.657837 2.414795 -0.396272 0.300399 0.278296
0.371460 0.658081 2.429688 -0.124900 0.221039 0.211185
0.428101 0.643555 2.430542 0.161119 0.087350 0.160053
0.496460 0.607910 2.434204 0.464447 -0.005060 0.089481
0.543701 0.546753 2.409058 0.796005 -0.037017 -0.022636
0.571411 0.490845 2.348389 1.170972 -0.017310 -0.172570
0.567261 0.436157 2.254150 1.575233 0.064980 -0.337150
0.539551 0.385498 2.122192 1.957923 0.179494 -0.496671
0.500366 0.345703 1.971436 2.275632 0.311851 -0.616511
0.454468 0.310059 1.825806 2.521172 0.441012 -0.687617
0.420044 0.277222 1.686523 2.722237 0.547004 -0.721438
0.395020 0.245728 1.563110 2.886019 0.623968 -0.728895
0.379395 0.214233 1.420044 3.019973 0.665513 -0.733688
0.357422 0.193848 1.273560 3.129960 0.692410 -0.756858
0.332520 0.177124 1.121582 3.210386 0.731025 -0.798668
0.314331 0.172241 0.976196 3.238882 0.771505 -0.854860
0.288452 0.161743 0.840698 3.202929 0.791478 -0.906791
0.258057 0.161133 0.706665 3.127563 0.776298 -0.953928
0.227417 0.160156 0.582031 3.037816 0.723302 -0.999734
0.194946 0.166626 0.460327 2.922503 0.642077 -1.036485
0.166016 0.166870 0.340210 2.784820 0.561651 -1.065513
0.139038 0.169800 0.232422 2.630892 0.482024 -1.099867
0.093384 0.167236 0.132813 2.471105 0.415712 -1.136085
0.045776 0.155029 0.052979 2.288948 0.338482 -1.143542
0.016357 0.138428 -0.020264 2.107324 0.228762 -1.115047
-0.000244 0.117188 -0.121704 1.941944 0.092410 -1.066312
-0.012085 0.096313 -0.217407 1.771238 -0.011451 -1.006658
-0.018433 0.066772 -0.311523 1.578695 -0.078828 -0.940346
-0.028076 0.046753 -0.396729 1.347004 -0.143009 -0.883355
-0.044434 0.031250 -0.466309 1.072170 -0.211451 -0.834088
-0.057617 0.004150 -0.513306 0.776032 -0.284953 -0.789081
-0.080811 -0.017578 -0.538208 0.474567 -0.380826 -0.748069
-0.101196 -0.027710 -0.546265 0.181625 -0.504128 -0.706525
-0.108276 -0.046509 -0.542603 -0.104394 -0.651664 -0.656192
-0.104248 -0.063110 -0.532715 -0.395206 -0.805060 -0.606391
-0.090576 -0.091064 -0.507568 -0.717976 -0.932357 -0.580559
-0.076416 -0.121216 -0.457031 -1.083356 -1.014647 -0.578695
-0.071655 -0.127686 -0.388794 -1.466578 -1.036751 -0.576032
-0.078247 -0.134766 -0.294556 -1.839947 -1.002929 -0.549667
-0.093750 -0.150635 -0.176392 -2.170706 -0.938748 -0.503862
-0.121460 -0.163452 -0.040527 -2.436218 -0.897736 -0.469774
-0.167847 -0.125977 0.077637 -2.618642 -0.939015 -0.485220
-0.219604 -0.058228 0.184448 -2.708921 -1.037017 -0.524900
-0.244873 -0.005859 0.283081 -2.750999 -1.164048 -0.554461
-0.248535 0.054443 0.348511 -2.792543 -1.299867 -0.548602
-0.212036 0.097168 0.452637 -2.896405 -1.366178 -0.449534
-0.143066 0.077393 0.577393 -3.075366 -1.349134 -0.266844
-0.096558 0.069702 0.744263 -3.315845 -1.241811 -0.063382
-0.074341 0.098389 0.930542 -3.547537 -1.090546 0.157124
-0.040894 0.130859 1.129883 -3.710786 -0.931025 0.358455
0.015625 0.145386 1.329102 -3.771238 -0.774434 0.462850
0.061035 0.158936 1.518188 -3.694008 -0.637816 0.463116
0.108643 0.177734 1.660278 -3.457257 -0.593076 0.401598
0.157593 0.191528 1.754272 -3.104661 -0.628762 0.306525
0.174927 0.211548 1.808350 -2.734221 -0.688149 0.182157
0.175049 0.239136 1.837280 -2.383755 -0.767510 0.063116
0.202148 0.266479 1.835693 -2.109188 -0.839680 -0.003196
0.226318 0.311401 1.799316 -1.982157 -0.817577 -0.072437
0.228638 0.309326 1.796387 -2.007723 -0.594940 -0.170439
0.191528 0.301880 1.829956 -2.087350 -0.259920 -0.292410
0.134033 0.257446 1.892822 -2.112117 0.077230 -0.385353
0.078247 0.203857 1.967041 -2.015446 0.260186 -0.423702
0.044556 0.145874 2.012695 -1.749401 0.227963 -0.404261
0.033447 0.101318 2.012939 -1.335819 0.016511 -0.363249
0.044678 0.084717 1.956543 -0.853529 -0.279095 -0.338748
0.053589 0.107910 1.864868 -0.412783 -0.526764 -0.322503
0.063843 0.123169 1.761841 -0.076698 -0.642610 -0.285220
0.082275 0.128174 1.666138 0.124634 -0.622370 -0.240746
0.099487 0.122192 1.582275 0.209854 -0.485486 -0.197337
0.097778 0.116211 1.511841 0.214647 -0.280160 -0.148868
0.087646 0.104492 1.456787 0.178429 -0.051398 -0.102796
0.068848 0.077637 1.411011 0.161119 0.150200 -0.055126
0.055542 0.063965 1.368774 0.189880 0.286285 -0.002397
0.037964 0.059692 1.315430 0.264714 0.349933 0.056991
0.016724 0.062134 1.263672 0.382690 0.356325 0.117976
0.021851 0.063599 1.185547 0.509987 0.309720 0.167776
0.031738 0.058228 1.114014 0.620240 0.256991 0.202130
0.048706 0.057739 1.046997 0.692144 0.207989 0.214381
0.061279 0.055054 0.994629 0.706525 0.171505 0.211185
0.084473 0.057983 0.957275 0.674301 0.148069 0.201864
0.098022 0.059937 0.918213 0.614381 0.152597 0.172836
0.102295 0.061401 0.904175 0.543808 0.189348 0.128628
0.108887 0.057617 0.895142 0.465779 0.249268 0.080426
0.104614 0.057495 0.880981 0.376831 0.329427 0.031425
0.097290 0.052002 0.888428 0.286019 0.426897 -0.013582
0.094604 0.027222 0.907349 0.203728 0.525166 -0.069507
