0.424072 0.453979 0.483276 -0.400799 -0.905459 1.224234
0.513550 0.470215 0.499268 -0.444474 -0.902264 1.278828
0.557983 0.520752 0.545776 -0.443409 -0.815979 1.194407
0.614624 0.540405 0.621216 -0.409321 -0.741678 1.104128
0.667114 0.580200 0.692993 -0.327563 -0.717710 1.013582
0.729858 0.639038 0.747681 -0.212250 -0.742477 0.923036
0.778809 0.721191 0.823975 -0.103862 -0.780826 0.871904
0.838135 0.790161 0.912354 -0.001864 -0.830892 0.876964
0.934082 0.847290 1.005371 0.146205 -0.904394 0.922503
1.061523 0.910278 1.103271 0.345672 -0.978429 0.960586
1.216919 0.944702 1.170044 0.586152 -1.014647 0.927031
1.376221 0.944702 1.205811 0.849800 -1.003728 0.778695
1.482788 0.975830 1.233643 1.119041 -0.936352 0.532091
1.555298 0.995361 1.229736 1.374434 -0.800533 0.230093
1.574219 0.970703 1.196289 1.621305 -0.612250 -0.087883
1.547852 0.952759 1.145630 1.839947 -0.431691 -0.398668
1.495239 0.926758 1.076538 2.036751 -0.262850 -0.646871
1.450562 0.871094 0.987549 2.219707 -0.110786 -0.821039
1.412842 0.821655 0.881104 2.390945 0.018642 -0.958722
1.390137 0.784546 0.762451 2.524900 0.145672 -1.080692
1.359131 0.749268 0.644531 2.597337 0.289481 -1.222104
1.308960 0.721680 0.560059 2.577630 0.431957 -1.419441
1.253052 0.677490 0.483032 2.516644 0.516644 -1.644208
1.192993 0.631104 0.420410 2.457790 0.514248 -1.898802
1.127075 0.581421 0.356689 2.411984 0.423169 -2.157390
1.077148 0.540161 0.282104 2.391744 0.270040 -2.385885
1.040283 0.507690 0.204224 2.362716 0.101465 -2.567510
1.004395 0.490723 0.130615 2.283355 -0.072703 -2.712916
0.969971 0.456299 0.070190 2.123835 -0.249268 -2.839148
0.905640 0.444458 0.037598 1.901198 -0.427164 -2.950999
0.853027 0.411743 0.018311 1.654328 -0.629561 -3.052730
0.821777 0.362671 0.008179 1.432490 -0.827696 -3.132357
0.787354 0.323120 -0.023315 1.275633 -1.008256 -3.180559
0.761108 0.287964 -0.062378 1.177364 -1.133688 -3.209587
0.736694 0.256714 -0.107788 1.085486 -1.196538 -3.224234
0.701416 0.227539 -0.156982 0.970439 -1.207190 -3.218908
0.650879 0.200439 -0.196411 0.824501 -1.179760 -3.204527
0.594849 0.170532 -0.227417 0.635952 -1.130759 -3.188815
0.529053 0.128174 -0.246216 0.407190 -1.062317 -3.158189
0.452515 0.093628 -0.258667 0.149667 -1.018642 -3.125433
0.364868 0.046997 -0.253174 -0.124900 -1.000000 -3.078029
0.268555 -0.000366 -0.215088 -0.383222 -1.041811 -2.989614
0.174072 -0.020020 -0.186279 -0.585885 -1.152597 -2.833023
0.091797 -0.021973 -0.164917 -0.739015 -1.327563 -2.639680
0.007568 -0.027954 -0.147705 -0.832756 -1.503595 -2.407723
-0.063599 -0.038818 -0.133057 -0.883089 -1.654594 -2.131558
-0.130127 -0.032471 -0.121704 -0.883888 -1.777630 -1.818375
-0.184814 -0.031982 -0.112915 -0.846072 -1.879893 -1.469774
-0.221436 -0.021851 -0.133789 -0.813582 -1.953928 -1.098802
-0.244385 -0.003540 -0.156128 -0.835419 -1.969374 -0.745939
-0.268188 0.026489 -0.175415 -0.960320 -1.918775 -0.438615
-0.300293 0.066040 -0.175293 -1.192543 -1.819441 -0.182956
-0.340332 0.108276 -0.136963 -1.499334 -1.704660 0.035419
-0.377808 0.147217 -0.074463 -1.835952 -1.629827 0.236485
-0.406616 0.189087 0.004883 -2.178429 -1.579494 0.434887
-0.433350 0.236938 0.105835 -2.490013 -1.569108 0.628495
-0.447266 0.264893 0.207031 -2.745672 -1.596538 0.824234
-0.465576 0.298828 0.314575 -2.939814 -1.629028 1.021571
-0.489380 0.339966 0.453369 -3.095872 -1.700400 1.225300
-0.502441 0.375366 0.581787 -3.184554 -1.839414 1.461252
-0.482910 0.374023 0.730591 -3.192011 -2.062051 1.744341
-0.456299 0.385864 0.889648 -3.086019 -2.344341 2.089747
-0.358276 0.447144 0.957642 -2.901465 -2.641012 2.478029
-0.132324 0.510620 0.977905 -2.700932 -2.707856 2.820506
0.110596 0.582886 0.984375 -2.529428 -2.342210 2.973103
0.275513 0.703857 1.043701 -2.430626 -1.484421 2.895606
0.294800 0.832886 1.135620 -2.412517 -0.357656 2.656724
0.263428 0.850220 1.244263 -2.412783 0.764581 2.455659
0.222290 0.822754 1.348755 -2.354194 1.619707 2.357923
0.165283 0.810913 1.463745 -2.200533 2.076698 2.363515
0.156128 0.804199 1.587524 -1.935553 2.123835 2.494807
0.230469 0.761475 1.661377 -1.540879 1.847670 2.743276
0.355347 0.791626 1.676880 -1.062583 1.369907 3.001065
0.553345 0.837402 1.661133 -0.576831 0.930226 3.199467
0.753174 0.868774 1.613892 -0.150732 0.674834 3.239681
0.914673 0.909302 1.548950 0.173103 0.671904 3.079095
1.005859 0.926270 1.513184 0.366445 0.874834 2.752863
1.024536 0.954102 1.481812 0.506791 1.163515 2.348069
1.005737 0.961792 1.437134 0.663915 1.482823 2.028495
0.997559 0.931030 1.381470 0.842876 1.709720 1.831691
1.018799 0.907715 1.335205 1.042343 1.817843 1.761385
1.072510 0.876099 1.281616 1.279627 1.821571 1.766711
1.160889 0.851563 1.201660 1.517710 1.745939 1.756591
1.229858 0.842407 1.126465 1.736618 1.653262 1.655659
1.281006 0.818237 1.058228 1.912383 1.588016 1.450599
1.321533 0.775391 0.982178 2.028495 1.508921 1.157656
1.308350 0.750000 0.897705 2.109454 1.429028 0.807989
1.265747 0.733276 0.804810 2.171771 1.379494 0.464181
1.237305 0.692139 0.723633 2.189614 1.332623 0.162716
1.192261 0.660645 0.643799 2.193609 1.298802 -0.084953
1.143555 0.625244 0.568726 2.179494 1.275100 -0.263915
1.094849 0.590332 0.503418 2.131558 1.221305 -0.398402
1.050171 0.560181 0.451172 2.047670 1.142743 -0.517443
0.996094 0.528931 0.404663 1.939547 1.029827 -0.641278
0.934448 0.502075 0.350830 1.810386 0.885220 -0.772570
0.875854 0.473511 0.288208 1.651664 0.724900 -0.906258
0.813354 0.447388 0.233521 1.482823 0.572037 -1.021571
0.746826 0.416138 0.191284 1.290546 0.421305 -1.114248
0.676392 0.385254 0.171509 1.101731 0.271105 -1.178695
0.609619 0.356323 0.148315 0.966178 0.136352 -1.204794
0.543335 0.340942 0.113159 0.889481 0.013582 -1.193076
0.493408 0.326538 0.086304 0.842077 -0.090812 -1.141145
0.450073 0.308838 0.037598 0.809587 -0.166178 -1.054860
0.412842 0.291870 -0.018677 0.748868 -0.207190 -0.949401
0.373779 0.294189 -0.071289 0.639148 -0.230626 -0.831158
0.354858 0.282715 -0.119873 0.479893 -0.233822 -0.697736
0.335327 0.271362 -0.165527 0.288682 -0.221571 -0.558722
0.336182 0.268311 -0.209961 0.071372 -0.213316 -0.433289
0.354858 0.265259 -0.246948 -0.169907 -0.193076 -0.339015
0.375610 0.251343 -0.280518 -0.430093 -0.160586 -0.272969
0.385254 0.253296 -0.306030 -0.703595 -0.131025 -0.241811
0.381226 0.257324 -0.308716 -1.005859 -0.115047 -0.264181
0.373169 0.255493 -0.275757 -1.332357 -0.128096 -0.347270
0.349609 0.266479 -0.240601 -1.656724 -0.195206 -0.486019
0.319214 0.291992 -0.181885 -1.941678 -0.317976 -0.617310
0.310303 0.299194 -0.114380 -2.155260 -0.491877 -0.679095
0.323364 0.307495 -0.045776 -2.293742 -0.720107 -0.671105
0.335938 0.348755 0.013306 -2.372836 -0.976565 -0.640479
0.362915 0.389771 0.078369 -2.429827 -1.227696 -0.598136
0.409546 0.423706 0.132446 -2.486285 -1.451664 -0.558988
0.451416 0.442505 0.198730 -2.574700 -1.631425 -0.573635
0.492798 0.438477 0.319702 -2.727031 -1.801598 -0.647670
0.529053 0.416626 0.441040 -2.921971 -1.991478 -0.769907
0.552124 0.407471 0.559448 -3.103862 -2.184820 -0.927297
0.548584 0.394287 0.658936 -3.221571 -2.311318 -1.094541
0.513306 0.411133 0.731323 -3.274035 -2.342743 -1.203462
0.470947 0.429565 0.806152 -3.290013 -2.249800 -1.201065
0.462646 0.416870 0.879883 -3.268975 -2.081491 -1.078828
0.462280 0.389160 0.942993 -3.214381 -1.912916 -0.886019
0.523193 0.356445 0.975098 -3.181891 -1.794141 -0.683888
0.550049 0.292847 1.055786 -3.215446 -1.667910 -0.531292
0.533936 0.262085 1.124756 -3.278562 -1.628229 -0.478828
0.508423 0.257080 1.212646 -3.323835 -1.711052 -0.468442
0.503296 0.241943 1.305054 -3.342743 -1.836218 -0.432490
0.520630 0.249878 1.385986 -3.309454 -1.950200 -0.408788
0.573608 0.250977 1.472900 -3.211984 -1.952863 -0.437017
0.611694 0.273438 1.535767 -3.026631 -1.833555 -0.530226
0.608276 0.266235 1.556152 -2.801332 -1.519308 -0.646871
0.596558 0.277588 1.593994 -2.597603 -1.123835 -0.743276
0.546021 0.292114 1.633179 -2.297736 -0.695073 -0.777896
0.472046 0.294312 1.630005 -1.959254 -0.309720 -0.709720
0.458130 0.306885 1.649536 -1.658589 -0.093475 -0.549667
0.453003 0.336548 1.616089 -1.322770 0.015712 -0.361651
0.458740 0.372803 1.559326 -1.067111 0.066844 -0.205859
0.460205 0.373291 1.532227 -0.954993 0.116378 -0.093742
0.472046 0.358887 1.504639 -0.843675 0.206924 -0.049800
0.462036 0.360718 1.480225 -0.691611 0.254594 -0.082823
0.438965 0.365723 1.432739 -0.498802 0.309720 -0.133688
0.425781 0.348389 1.375000 -0.287350 0.367510 -0.148868
0.411499 0.341675 1.317993 -0.068975 0.433023 -0.126498
