0.360352 0.499634 0.610962 0.396005 -0.162983 -0.137683
0.360352 0.429565 0.578491 0.301997 -0.313715 0.003995
0.310913 0.429810 0.567505 0.249800 -0.421039 0.132357
0.285278 0.397583 0.549561 0.194141 -0.529960 0.300399
0.307739 0.375000 0.508179 0.148602 -0.655925 0.492943
0.340088 0.368652 0.454590 0.088682 -0.714248 0.613848
0.348877 0.361572 0.422241 -0.009055 -0.663648 0.639680
0.313599 0.367554 0.395752 -0.134487 -0.577363 0.617310
0.270752 0.380493 0.394775 -0.264447 -0.515846 0.610652
0.226685 0.377563 0.392822 -0.366445 -0.541145 0.667377
0.209595 0.380493 0.383179 -0.426099 -0.650599 0.784288
0.212524 0.404419 0.369263 -0.480692 -0.785087 0.947270
0.252441 0.416260 0.368530 -0.575499 -0.875899 1.138216
0.308350 0.417969 0.383179 -0.722503 -0.872437 1.322237
0.384888 0.425415 0.405884 -0.898535 -0.773103 1.459654
0.451416 0.441650 0.455811 -1.071372 -0.576032 1.532357
0.509155 0.463135 0.502930 -1.226897 -0.318509 1.557656
0.550293 0.505615 0.598755 -1.354194 -0.055659 1.535553
0.565796 0.583008 0.708252 -1.450866 0.144075 1.474301
0.595337 0.649292 0.860718 -1.475100 0.240213 1.416778
0.660889 0.717285 1.065552 -1.365113 0.193342 1.411451
0.774170 0.748779 1.277832 -1.107590 -0.022903 1.452996
0.953857 0.789063 1.433105 -0.731025 -0.351265 1.491611
1.173950 0.796021 1.584351 -0.306791 -0.626365 1.457523
1.397095 0.790161 1.715820 0.104927 -0.784820 1.298003
1.600098 0.767822 1.843506 0.474301 -0.814647 1.021039
1.761597 0.710083 1.959961 0.815712 -0.766445 0.662850
1.840332 0.662476 2.041870 1.168309 -0.704927 0.255393
1.869995 0.635864 2.019897 1.552863 -0.688948 -0.149933
1.831299 0.668335 1.916992 1.954727 -0.664447 -0.513981
1.759277 0.701538 1.749756 2.371771 -0.565912 -0.807457
1.671143 0.716919 1.536621 2.719840 -0.382157 -1.066312
1.563477 0.707764 1.346924 2.956591 -0.107324 -1.325166
1.442017 0.659668 1.187500 3.081225 0.177630 -1.569108
1.327515 0.600220 1.062378 3.132091 0.392277 -1.774168
1.240967 0.526733 0.954346 3.147537 0.491079 -1.934487
1.174561 0.446289 0.864258 3.145672 0.481225 -2.061252
1.123901 0.383545 0.774902 3.140879 0.378429 -2.178162
1.073120 0.327515 0.680786 3.131292 0.220772 -2.286551
1.037720 0.270020 0.584961 3.113449 0.045806 -2.386684
1.001221 0.233154 0.489380 3.061784 -0.096671 -2.503062
0.944580 0.206665 0.396851 2.982157 -0.188016 -2.627963
0.900269 0.162354 0.311279 2.862051 -0.234354 -2.737417
0.843628 0.129395 0.225952 2.720373 -0.241278 -2.825832
0.781616 0.109375 0.142944 2.573901 -0.223968 -2.882823
0.713623 0.091431 0.062012 2.420240 -0.208788 -2.921438
0.641724 0.073608 -0.015015 2.252463 -0.218376 -2.935020
0.578857 0.038940 -0.078369 2.068442 -0.279361 -2.935020
0.523804 -0.003174 -0.139771 1.878029 -0.400799 -2.939015
0.469482 -0.024902 -0.206177 1.695340 -0.566711 -2.937949
0.419800 -0.053833 -0.262085 1.520639 -0.741411 -2.915313
0.378784 -0.069702 -0.309937 1.325433 -0.928895 -2.870306
0.342163 -0.065308 -0.358398 1.108921 -1.103329 -2.811984
0.309448 -0.055420 -0.389282 0.862051 -1.246072 -2.739814
0.272583 -0.047974 -0.415771 0.585087 -1.344607 -2.658855
0.223022 -0.022461 -0.394897 0.294807 -1.382956 -2.577097
0.162964 -0.006104 -0.381714 0.030093 -1.389880 -2.485752
0.094604 0.000610 -0.361938 -0.163782 -1.377364 -2.384820
0.022339 0.013306 -0.330444 -0.284154 -1.405859 -2.264181
-0.050659 0.032715 -0.314575 -0.348602 -1.495606 -2.109454
-0.110962 0.049194 -0.307007 -0.393342 -1.627164 -1.910519
-0.160034 0.072754 -0.314331 -0.454061 -1.779494 -1.694008
-0.224731 0.105103 -0.319336 -0.574434 -1.907324 -1.474567
-0.278564 0.127563 -0.294678 -0.786418 -1.978695 -1.261518
-0.338501 0.143677 -0.264038 -1.091611 -1.978162 -1.052730
-0.419434 0.189697 -0.185669 -1.473236 -1.900399 -0.856458
-0.508057 0.220947 -0.073120 -1.888415 -1.796005 -0.651664
-0.595947 0.256836 0.083740 -2.265779 -1.726232 -0.437017
-0.646240 0.285889 0.234375 -2.536618 -1.704927 -0.195206
-0.693359 0.326782 0.379150 -2.666312 -1.713715 0.091877
-0.706665 0.367676 0.498291 -2.676165 -1.725699 0.415979
-0.692627 0.409302 0.597046 -2.623968 -1.688415 0.764314
-0.634766 0.446045 0.707031 -2.572836 -1.560852 1.108389
-0.542358 0.444214 0.831787 -2.586684 -1.289481 1.415979
-0.441650 0.448730 0.993530 -2.677230 -0.895340 1.655659
-0.353516 0.455078 1.178833 -2.836218 -0.402397 1.833023
-0.348145 0.484863 1.388672 -2.988282 0.109987 1.949134
-0.386230 0.549683 1.604614 -3.007457 0.470573 2.040746
-0.397827 0.641724 1.768921 -2.801332 0.581625 2.184554
-0.347534 0.745972 1.812744 -2.329960 0.510253 2.432224
-0.220093 0.852783 1.810913 -1.690280 0.456724 2.797337
-0.036377 0.953369 1.749512 -1.064181 0.513715 3.194407
0.183472 1.041382 1.700439 -0.584554 0.772836 3.503595
0.422974 1.128418 1.656616 -0.279893 1.237284 3.645806
0.625732 1.147095 1.641602 -0.119574 1.814381 3.616778
0.793945 1.151855 1.648926 0.005593 2.406658 3.426365
0.906982 1.116089 1.677979 0.190679 2.919041 3.141412
0.990845 1.052490 1.692261 0.492144 3.157656 2.837017
1.044067 0.977417 1.659424 0.935553 3.058589 2.519574
1.078613 0.943604 1.541504 1.458322 2.666578 2.168842
1.080444 0.927979 1.381592 1.961651 2.152330 1.805326
1.073730 0.909424 1.194946 2.383222 1.655925 1.464181
1.086426 0.891602 0.989258 2.702796 1.262051 1.189081
1.115723 0.875366 0.778687 2.920373 1.028229 1.003462
1.143188 0.858765 0.585815 3.013049 0.974700 0.872170
1.180786 0.831543 0.421265 2.983755 1.053795 0.765379
1.212402 0.805786 0.273071 2.847936 1.222903 0.645539
1.216187 0.771606 0.161743 2.595473 1.439414 0.455393
1.161133 0.715942 0.105347 2.260719 1.591744 0.192810
1.056763 0.662231 0.091675 1.923036 1.552863 -0.119840
0.943970 0.595825 0.076050 1.663915 1.248202 -0.435952
0.834351 0.549438 0.045776 1.520905 0.735819 -0.706258
0.739380 0.514771 0.000488 1.467377 0.136352 -0.913715
0.682251 0.467651 -0.075928 1.447670 -0.431691 -1.057523
0.629761 0.434326 -0.160767 1.404261 -0.868708 -1.160053
0.598267 0.399414 -0.250610 1.272969 -1.128096 -1.236751
0.560059 0.369873 -0.313599 1.041811 -1.190146 -1.292144
0.524048 0.338257 -0.376831 0.724900 -1.092144 -1.320107
0.486084 0.301025 -0.404419 0.365646 -0.864447 -1.316644
0.435059 0.268311 -0.419312 -0.005859 -0.588016 -1.282823
0.382935 0.244385 -0.438477 -0.366445 -0.333156 -1.220772
0.342285 0.208984 -0.453247 -0.710519 -0.119041 -1.138216
0.306885 0.180420 -0.449097 -1.028229 0.027963 -1.036218
0.283325 0.163452 -0.452881 -1.308921 0.098003 -0.913449
0.269531 0.146118 -0.446045 -1.563782 0.103595 -0.781092
0.259644 0.138916 -0.446411 -1.807989 0.045806 -0.680959
0.246460 0.136230 -0.437500 -2.049001 -0.078029 -0.624767
0.234131 0.152954 -0.425781 -2.294274 -0.263648 -0.606125
0.216919 0.169556 -0.411499 -2.553129 -0.473768 -0.606391
0.191895 0.201538 -0.387207 -2.831158 -0.669774 -0.591744
0.179077 0.234619 -0.363403 -3.123835 -0.829294 -0.544341
0.173462 0.260376 -0.320313 -3.425566 -0.945406 -0.467111
0.172119 0.283203 -0.261108 -3.750200 -1.030892 -0.376032
0.183472 0.299683 -0.163818 -4.116112 -1.105193 -0.286551
0.218262 0.287231 -0.014282 -4.532091 -1.180293 -0.228762
0.237183 0.255493 0.235596 -4.977097 -1.302530 -0.253529
0.250488 0.207764 0.564331 -5.376032 -1.595206 -0.350999
0.294067 0.125000 0.946533 -5.610652 -2.101465 -0.451132
0.358276 0.028442 1.323364 -5.561917 -2.793875 -0.571771
0.414429 0.048828 1.549438 -5.197071 -3.453795 -0.735819
0.500000 0.056763 1.684814 -4.628229 -3.757923 -0.842344
0.571167 0.067505 1.813965 -4.063649 -3.576032 -0.856991
0.665649 0.081177 1.814087 -3.627430 -2.966711 -0.788815
0.665039 0.093872 1.869507 -3.403196 -1.969907 -0.653795
0.648438 0.030029 1.957764 -3.391744 -0.888682 -0.449534
0.565918 0.006958 2.057983 -3.415712 0.036751 -0.277497
0.440918 -0.031860 2.210205 -3.293209 0.559254 -0.136884
0.357422 -0.046631 2.286621 -2.873236 0.479361 -0.041012
0.333008 -0.001587 2.234863 -2.162983 -0.048735 0.018375
0.392090 0.069580 2.075439 -1.397869 -0.693209 0.057790
0.464722 0.186279 1.847046 -0.827164 -1.072703 0.058322
0.520386 0.297974 1.640259 -0.586684 -1.011984 0.014115
0.532837 0.365479 1.498657 -0.659920 -0.545406 -0.066578
0.471924 0.391235 1.458862 -0.926498 0.135819 -0.172304
0.367554 0.378784 1.486938 -1.135286 0.738482 -0.261518
0.288940 0.344482 1.513062 -1.147537 1.050067 -0.306525
0.231812 0.311890 1.508911 -0.948868 1.037017 -0.300666
0.209595 0.291260 1.489380 -0.593608 0.765113 -0.251398
0.221313 0.294312 1.404785 -0.209321 0.342210 -0.193342
0.263428 0.312134 1.300537 0.112650 -0.042077 -0.156858
