0.561890 0.776978 0.246948 0.002130 -0.356591 -0.236485
0.540527 0.742065 0.277588 -0.086818 -0.328629 -0.253262
0.515015 0.719849 0.279053 -0.108123 -0.286551 -0.274035
0.494995 0.693115 0.281494 -0.086551 -0.237550 -0.270573
0.450562 0.679443 0.266724 -0.035686 -0.170972 -0.261252
0.400513 0.649902 0.247925 0.006391 -0.122770 -0.239148
0.351074 0.617676 0.245361 0.032490 -0.100666 -0.187217
0.310303 0.583496 0.242188 0.059920 -0.138482 -0.120905
0.290405 0.538330 0.235596 0.090013 -0.210652 -0.055659
0.270752 0.494507 0.210205 0.120639 -0.278029 0.002929
0.243164 0.449463 0.197388 0.144873 -0.315047 0.047670
0.220703 0.410889 0.167847 0.159521 -0.336352 0.090546
0.194092 0.367676 0.142090 0.160320 -0.320373 0.143276
0.159790 0.332520 0.115601 0.147803 -0.287084 0.212250
0.112183 0.322266 0.079712 0.127031 -0.246871 0.291345
0.037476 0.333618 0.058716 0.095340 -0.231957 0.378695
-0.022217 0.333740 0.032593 0.068975 -0.289214 0.490013
-0.058716 0.315063 0.020996 0.059920 -0.424501 0.634887
-0.047852 0.264038 0.004028 0.071904 -0.647670 0.813848
-0.023560 0.226074 -0.016602 0.083089 -0.890546 1.000799
0.008911 0.203003 -0.038208 0.057257 -1.058322 1.177896
0.055176 0.179932 -0.049072 -0.022903 -1.101198 1.357923
0.088989 0.181030 -0.041382 -0.177364 -0.997337 1.529960
0.113770 0.201172 -0.008179 -0.396272 -0.760586 1.698802
0.145142 0.211670 0.034058 -0.621838 -0.460985 1.882024
0.167847 0.248657 0.062012 -0.792011 -0.161651 2.078029
0.224121 0.232300 0.092163 -0.866578 0.102530 2.288682
0.323975 0.171021 0.076416 -0.870306 0.268176 2.495872
0.408203 0.130249 0.051147 -0.904660 0.396272 2.683888
0.457275 0.146362 0.049072 -1.048735 0.529694 2.866578
0.448730 0.182861 0.090454 -1.277763 0.646338 3.056724
0.385376 0.289307 0.207397 -1.550200 0.652996 3.243675
0.393433 0.389771 0.347290 -1.735020 0.438083 3.448469
0.554688 0.399292 0.456421 -1.672703 0.028762 3.667643
0.804565 0.412109 0.508911 -1.357124 -0.412783 3.814647
1.117188 0.449829 0.433716 -0.973635 -0.657257 3.858056
1.415283 0.514160 0.364746 -0.760852 -0.476698 3.768043
1.672729 0.539307 0.356812 -0.867110 0.063648 3.575766
1.819580 0.583374 0.473267 -1.219174 0.746471 3.276165
1.905762 0.588989 0.667969 -1.574967 1.308389 2.934487
1.934937 0.592896 0.903320 -1.679893 1.472437 2.585087
1.970093 0.585693 1.034912 -1.448735 1.150999 2.197337
2.018921 0.611450 1.081909 -1.003728 0.520107 1.785885
2.072632 0.659668 1.025757 -0.540879 -0.124900 1.409854
2.116333 0.697144 0.931396 -0.205326 -0.529694 1.094008
2.152466 0.740356 0.823975 -0.039148 -0.606924 0.868176
2.169800 0.760864 0.780518 -0.029561 -0.372836 0.700932
2.164429 0.768188 0.770020 -0.091079 0.014381 0.554993
2.144775 0.753662 0.787720 -0.142743 0.383222 0.417843
2.125244 0.724365 0.813110 -0.132357 0.610386 0.278828
2.100586 0.684204 0.862305 -0.038881 0.656458 0.125699
2.078125 0.633789 0.883789 0.160586 0.467377 -0.054328
2.082397 0.619263 0.844482 0.438083 0.071372 -0.277497
2.099121 0.618408 0.751709 0.731025 -0.348069 -0.556059
2.101929 0.619141 0.640991 0.965379 -0.638349 -0.880426
2.080200 0.608887 0.538574 1.076964 -0.731292 -1.227696
2.027100 0.578247 0.465088 1.067377 -0.650333 -1.572570
1.937500 0.526733 0.436279 0.988016 -0.503862 -1.884421
1.843018 0.469727 0.416626 0.906791 -0.390413 -2.149134
1.756348 0.408569 0.413086 0.843409 -0.345406 -2.373102
1.668335 0.354248 0.396729 0.805593 -0.365379 -2.580027
1.579468 0.302856 0.377563 0.792543 -0.431691 -2.782157
1.481445 0.258911 0.353638 0.792810 -0.498802 -2.978163
1.379639 0.217407 0.325317 0.789880 -0.553662 -3.157923
1.274170 0.187622 0.288452 0.782157 -0.588549 -3.307590
1.160278 0.171143 0.253418 0.772836 -0.600000 -3.422637
1.037842 0.152466 0.222778 0.760320 -0.600799 -3.489214
0.919556 0.129150 0.188599 0.744341 -0.615712 -3.519308
0.803711 0.116577 0.167236 0.717976 -0.654860 -3.528362
0.690308 0.110718 0.133545 0.673768 -0.716644 -3.522770
0.589233 0.101685 0.102783 0.606391 -0.769374 -3.499334
0.495483 0.097534 0.089722 0.532357 -0.795206 -3.458855
0.410522 0.090942 0.078979 0.460186 -0.800266 -3.401864
0.333740 0.077637 0.063721 0.405593 -0.779228 -3.325965
0.257080 0.065308 0.066406 0.363249 -0.737949 -3.242077
0.187622 0.051636 0.071411 0.331292 -0.698802 -3.145140
0.130493 0.063477 0.051880 0.319308 -0.677497 -3.031691
0.059814 0.066528 0.036743 0.347803 -0.621571 -2.851132
0.006226 0.072998 0.016846 0.373635 -0.588815 -2.611718
-0.054565 0.100220 -0.034790 0.411984 -0.564581 -2.336618
-0.121338 0.101807 -0.033569 0.461252 -0.549933 -2.018908
-0.173828 0.105591 -0.045776 0.508123 -0.641278 -1.662583
-0.199585 0.109009 -0.086792 0.527830 -0.837284 -1.288682
-0.217407 0.117432 -0.130005 0.488149 -1.084154 -0.938748
-0.229126 0.135010 -0.156738 0.382157 -1.312384 -0.629294
-0.238159 0.149780 -0.163330 0.243409 -1.486285 -0.369907
-0.252930 0.170288 -0.163208 0.097204 -1.603462 -0.159787
-0.271240 0.197021 -0.152710 -0.046072 -1.667377 0.019707
-0.284424 0.210083 -0.141235 -0.160053 -1.694274 0.192810
-0.289917 0.220825 -0.139282 -0.237550 -1.685486 0.366711
-0.290405 0.241089 -0.143188 -0.275366 -1.641012 0.557124
-0.277588 0.249634 -0.162964 -0.294541 -1.585886 0.785353
-0.257935 0.249390 -0.175903 -0.333156 -1.490013 1.046072
-0.221558 0.242920 -0.184692 -0.429561 -1.372304 1.327563
-0.169312 0.232178 -0.172363 -0.599467 -1.219441 1.623169
-0.135132 0.232056 -0.129028 -0.832490 -1.042610 1.935286
-0.100586 0.224121 -0.052612 -1.074301 -0.882823 2.259654
-0.058716 0.215820 0.027466 -1.280959 -0.779760 2.588549
0.013794 0.229858 0.098633 -1.422370 -0.737683 2.903862
0.109985 0.241089 0.147339 -1.501731 -0.714514 3.168309
0.223511 0.284546 0.178711 -1.539281 -0.641545 3.339281
0.337891 0.340576 0.189087 -1.578162 -0.465246 3.425033
0.452148 0.389038 0.216309 -1.643941 -0.160852 3.450067
0.557373 0.400146 0.281128 -1.758189 0.216778 3.447403
0.652710 0.383789 0.368286 -1.896937 0.570173 3.463649
0.733276 0.367798 0.482666 -2.005326 0.785353 3.520107
0.846436 0.350464 0.599609 -2.014914 0.792011 3.618642
1.009155 0.345337 0.676880 -1.895073 0.659121 3.709454
1.190186 0.405884 0.681885 -1.647137 0.514514 3.714780
1.384521 0.465698 0.667236 -1.380027 0.532889 3.588815
1.533936 0.501587 0.639526 -1.202929 0.750466 3.284687
1.602783 0.535156 0.617432 -1.151265 1.089214 2.844208
1.619263 0.542236 0.683350 -1.212783 1.349134 2.378961
1.585938 0.551270 0.732178 -1.287350 1.449800 1.968575
1.544922 0.534546 0.822632 -1.298535 1.355792 1.707324
1.566650 0.497314 0.838501 -1.214647 0.964314 1.597603
1.591553 0.484863 0.849609 -0.968842 0.443941 1.562983
1.652222 0.511475 0.767822 -0.694008 -0.026897 1.524367
1.685059 0.559204 0.686157 -0.481225 -0.239947 1.431691
1.714722 0.570679 0.631104 -0.417044 -0.177630 1.294008
1.721069 0.554932 0.611450 -0.489747 0.072703 1.100666
1.681030 0.543945 0.619263 -0.626099 0.382423 0.848735
1.604858 0.530029 0.685791 -0.735553 0.656724 0.600266
1.526001 0.497681 0.723877 -0.713981 0.796804 0.398668
1.461060 0.458740 0.750366 -0.578162 0.773901 0.244208
1.408325 0.425659 0.739868 -0.362983 0.595739 0.121704
1.366699 0.400635 0.709595 -0.119574 0.332091 0.024767
1.343750 0.386963 0.642822 0.100133 0.051931 -0.064714
1.321045 0.381836 0.574829 0.259121 -0.143542 -0.160053
1.282471 0.381958 0.515259 0.343009 -0.225832 -0.261252
1.237549 0.363647 0.477417 0.354194 -0.221838 -0.355260
1.190063 0.348755 0.453857 0.330226 -0.169907 -0.435952
1.138916 0.340820 0.426392 0.298535 -0.100133 -0.495073
1.096924 0.320435 0.418823 0.272703 -0.027164 -0.535020
1.061401 0.298584 0.417847 0.249001 0.044474 -0.561651
1.030640 0.275024 0.406494 0.235153 0.111585 -0.581358
0.992065 0.253296 0.420654 0.242077 0.177097 -0.600266
0.965454 0.233276 0.420044 0.272170 0.209854 -0.616778
0.947754 0.215454 0.418823 0.320639 0.221305 -0.625566
0.939453 0.192871 0.427124 0.368575 0.232756 -0.631957
0.955933 0.169922 0.434082 0.383489 0.290013 -0.647403
0.976440 0.139526 0.449341 0.347004 0.407989 -0.668442
0.989014 0.139893 0.469360 0.258322 0.633822 -0.698003
1.035034 0.150757 0.491333 0.085486 1.079095 -0.718242
1.110352 0.098022 0.532593 -0.237816 1.855393 -0.726232
1.158447 0.016357 0.545898 -0.692676 2.813316 -0.790413
1.047119 0.036499 0.555542 -1.164048 3.911585 -0.930759
0.886475 0.010132 0.636108 -1.505459 5.077497 -1.037284
0.707886 -0.051514 0.708130 -1.624767 5.992543 -1.053795
0.475464 -0.061401 0.780884 -1.468975 6.505193 -0.951265
