1.204834 0.705078 0.610474 -0.660719 0.272703 0.818376
1.382080 0.698486 0.673096 -0.770173 0.614381 0.717177
1.422607 0.688599 0.839111 -0.707324 0.934221 0.626631
1.462036 0.714600 0.971436 -0.440479 0.922770 0.554993
1.513550 0.750732 1.053223 0.042610 0.612783 0.526498
1.632080 0.798950 1.073853 0.604527 0.103595 0.459121
1.763794 0.848633 1.057129 1.100666 -0.376565 0.275366
1.858276 0.863403 0.984497 1.457523 -0.693209 -0.041012
1.902344 0.866699 0.907349 1.686818 -0.791478 -0.417843
1.887207 0.841309 0.840210 1.837816 -0.733955 -0.775233
1.849854 0.797974 0.749756 1.953395 -0.602929 -1.070573
1.790161 0.761963 0.661865 2.029294 -0.460985 -1.306525
1.712036 0.738159 0.588745 2.064447 -0.323036 -1.507590
1.619873 0.692627 0.544556 2.047936 -0.218109 -1.703063
1.511963 0.643433 0.532837 2.003462 -0.202130 -1.902796
1.401611 0.589722 0.519409 1.997337 -0.312650 -2.083622
1.304688 0.536499 0.505005 2.043941 -0.520905 -2.251931
1.229004 0.484009 0.462891 2.128096 -0.755526 -2.396272
1.158203 0.426758 0.403687 2.221571 -0.944607 -2.520107
1.085327 0.376831 0.336304 2.287883 -1.088682 -2.634887
1.035645 0.338379 0.246094 2.292943 -1.147004 -2.732357
0.981445 0.299561 0.166260 2.215180 -1.065779 -2.797869
0.919312 0.273682 0.098755 2.064714 -0.881491 -2.833023
0.862305 0.225708 0.046509 1.846605 -0.646338 -2.831158
0.797974 0.176514 -0.001343 1.593342 -0.439148 -2.815446
0.735840 0.134277 -0.041870 1.355260 -0.336884 -2.779494
0.671875 0.110107 -0.073242 1.167510 -0.385353 -2.733156
0.622803 0.085938 -0.125732 1.026631 -0.576032 -2.708921
0.567139 0.066772 -0.164307 0.904128 -0.847670 -2.740346
0.529663 0.055176 -0.221558 0.788815 -1.137417 -2.799201
0.500122 0.028809 -0.287598 0.682290 -1.379494 -2.835952
0.473511 0.002686 -0.333130 0.571771 -1.544873 -2.852730
0.438599 -0.017822 -0.385132 0.426365 -1.619441 -2.860719
0.383423 -0.029297 -0.423340 0.223702 -1.619973 -2.860453
0.316528 -0.039551 -0.426147 -0.047403 -1.541145 -2.851398
0.250366 -0.055664 -0.416138 -0.359254 -1.418109 -2.816511
0.173340 -0.061646 -0.400513 -0.656192 -1.252730 -2.735553
0.085938 -0.055542 -0.354370 -0.891345 -1.074035 -2.602130
0.003540 -0.055664 -0.320679 -1.042610 -0.942477 -2.408522
-0.081787 -0.050903 -0.280884 -1.116112 -0.870839 -2.178429
-0.154785 -0.027222 -0.251465 -1.119574 -0.864447 -1.908655
-0.213013 0.004150 -0.225098 -1.078296 -0.899334 -1.589347
-0.256958 0.047852 -0.220337 -1.022370 -0.962184 -1.232224
-0.286255 0.081177 -0.195801 -1.024767 -1.024501 -0.882290
-0.312988 0.127075 -0.163208 -1.134754 -1.062051 -0.565646
-0.334839 0.177002 -0.115967 -1.354993 -1.042343 -0.301198
-0.357056 0.233643 -0.041748 -1.631425 -0.958189 -0.083089
-0.379150 0.268433 0.073486 -1.899601 -0.855393 0.113182
-0.386719 0.298828 0.197754 -2.102530 -0.807190 0.306258
-0.365234 0.327026 0.315796 -2.219441 -0.819441 0.505193
-0.336060 0.365356 0.424438 -2.274833 -0.817577 0.736618
-0.291016 0.419312 0.514282 -2.270839 -0.736618 1.024234
-0.211060 0.489014 0.605347 -2.218642 -0.553395 1.330226
-0.143555 0.554199 0.706299 -2.166445 -0.263116 1.576565
-0.108154 0.646973 0.801147 -2.113715 0.052730 1.723302
-0.047729 0.724609 0.863281 -2.021305 0.322503 1.806924
0.032227 0.765381 0.902222 -1.854061 0.575766 1.851398
0.090088 0.795654 0.909302 -1.624234 0.835419 1.874035
0.128418 0.820557 0.912109 -1.395739 1.080692 1.900133
0.135254 0.868042 0.919678 -1.221571 1.283089 1.946205
0.112915 0.932373 0.922241 -1.120373 1.427696 2.013316
0.103271 0.969727 0.963013 -1.084421 1.464447 2.101198
0.128052 1.013184 1.002319 -1.038615 1.354727 2.175233
0.183960 1.021118 1.022339 -0.898003 1.173635 2.239947
0.296997 1.025635 1.012939 -0.671638 0.980826 2.299068
0.421265 1.026855 0.998169 -0.410386 0.866844 2.366445
0.542236 1.027588 0.980591 -0.183489 0.852996 2.406924
0.651245 1.058594 0.952759 -0.028762 0.939547 2.410120
0.764404 1.098267 0.927246 0.063648 1.114780 2.368309
0.869629 1.114624 0.910156 0.111851 1.365113 2.255393
0.954834 1.123169 0.901489 0.162184 1.637284 2.103329
1.026245 1.107788 0.902344 0.254594 1.845806 1.967244
1.106812 1.085205 0.900635 0.390945 1.930493 1.845007
1.188599 1.069458 0.902954 0.548336 1.895606 1.741145
1.260986 1.031616 0.918091 0.700399 1.756858 1.626365
1.317627 1.001953 0.929810 0.863915 1.516911 1.456991
1.362671 0.984497 0.902588 1.077763 1.234354 1.222370
1.413330 0.961548 0.840332 1.320373 0.990945 0.933688
1.474854 0.949463 0.729492 1.544341 0.866045 0.634088
1.500610 0.927246 0.612305 1.708655 0.914514 0.374700
1.479736 0.892090 0.518188 1.764314 1.077497 0.134221
1.418701 0.849243 0.449341 1.729427 1.243142 -0.103329
1.330566 0.794800 0.392944 1.644740 1.325965 -0.327031
1.230103 0.736694 0.355347 1.548069 1.295073 -0.531025
1.117065 0.678589 0.331299 1.475899 1.134487 -0.711585
1.021606 0.619385 0.289917 1.455393 0.850599 -0.858589
0.931274 0.575684 0.238159 1.460985 0.513182 -0.972304
0.867065 0.527344 0.181030 1.462583 0.197337 -1.050599
0.805786 0.487671 0.121826 1.434354 -0.046605 -1.096937
0.744873 0.443970 0.068970 1.358189 -0.194674 -1.116112
0.681763 0.403564 0.025391 1.246605 -0.279095 -1.110786
0.618652 0.365479 -0.014404 1.123835 -0.328096 -1.084953
0.561768 0.330933 -0.057129 1.006125 -0.366711 -1.037816
0.525757 0.300049 -0.110962 0.895073 -0.385619 -0.970972
0.496460 0.271851 -0.167847 0.786951 -0.386684 -0.886285
0.466797 0.249023 -0.229004 0.674834 -0.386684 -0.772836
0.440186 0.243896 -0.289795 0.540080 -0.401332 -0.638083
0.414673 0.235229 -0.335571 0.381624 -0.429028 -0.495872
0.395020 0.220703 -0.379883 0.206125 -0.466844 -0.365113
0.374023 0.208618 -0.416748 0.004794 -0.510519 -0.263382
0.354736 0.203735 -0.460815 -0.218376 -0.535553 -0.199734
0.334473 0.186768 -0.477051 -0.479893 -0.529427 -0.161917
0.314453 0.168823 -0.500854 -0.766178 -0.528628 -0.132357
0.289063 0.156006 -0.509277 -1.065246 -0.527830 -0.094274
0.281250 0.139404 -0.520630 -1.369907 -0.531558 -0.032224
0.274414 0.123901 -0.534058 -1.686551 -0.536618 0.040213
0.276611 0.107422 -0.529907 -2.017843 -0.547004 0.115579
0.289063 0.103882 -0.503418 -2.366445 -0.573369 0.192277
0.288696 0.114502 -0.473022 -2.748868 -0.624501 0.259121
0.283936 0.155396 -0.415649 -3.162184 -0.694274 0.315846
0.287964 0.185791 -0.323730 -3.575499 -0.796005 0.366445
0.285889 0.240112 -0.195435 -3.967510 -0.916644 0.413582
0.283203 0.280884 -0.023560 -4.316911 -1.082024 0.473768
0.318115 0.313477 0.192139 -4.601864 -1.351798 0.551265
0.412720 0.338989 0.447144 -4.824501 -1.671638 0.648469
0.524658 0.366943 0.690918 -4.938748 -1.895339 0.718509
0.649292 0.431274 0.914795 -4.949667 -1.900399 0.744341
0.769775 0.478882 1.126831 -4.869774 -1.640746 0.722503
0.837769 0.494507 1.296265 -4.728629 -1.123569 0.681491
0.837036 0.472900 1.451904 -4.501198 -0.533688 0.624501
0.791016 0.409790 1.569580 -4.101465 -0.169640 0.583222
0.758911 0.331909 1.703369 -3.535553 -0.257257 0.587217
0.787354 0.307617 1.707764 -2.910786 -0.868176 0.604794
0.903687 0.350830 1.647827 -2.350999 -1.613582 0.611451
1.032837 0.374268 1.611572 -1.993608 -2.050599 0.586951
1.116089 0.389038 1.588623 -1.825832 -2.004794 0.519574
1.122070 0.428589 1.542480 -1.727830 -1.556325 0.426365
1.063965 0.455444 1.511841 -1.614381 -0.873236 0.362983
0.969604 0.460327 1.473022 -1.470306 -0.203995 0.329161
0.867065 0.450073 1.421875 -1.291878 0.269507 0.305992
0.772827 0.439941 1.370361 -1.087084 0.463116 0.288149
0.701294 0.435303 1.311401 -0.846871 0.386418 0.255393
0.668335 0.430542 1.231567 -0.577097 0.105459 0.200000
0.673340 0.423706 1.141235 -0.325166 -0.255925 0.133422
0.691284 0.425659 1.046021 -0.132889 -0.563515 0.064714
0.713623 0.416748 0.955444 -0.012783 -0.737683 0.014647
0.724121 0.407471 0.878296 0.053795 -0.752330 -0.010652
0.732178 0.400269 0.807739 0.070839 -0.636751 -0.003728
0.721069 0.383057 0.757080 0.041811 -0.444474 0.032224
0.706543 0.365723 0.722046 -0.013049 -0.243675 0.085220
0.682861 0.351074 0.699341 -0.064714 -0.080959 0.139814
0.660156 0.329224 0.681396 -0.099867 0.011185 0.192810
0.647217 0.311401 0.676758 -0.109454 0.027164 0.232224
0.637695 0.296753 0.662720 -0.095073 -0.007989 0.255127
0.635742 0.278809 0.649048 -0.071638 -0.050067 0.268176
0.632446 0.277954 0.635620 -0.054061 -0.076431 0.280160
0.639771 0.271729 0.640625 -0.074035 -0.065513 0.303595
0.655151 0.268555 0.656128 -0.141678 -0.010386 0.343808
0.681274 0.263428 0.665161 -0.238349 0.103862 0.401332
0.722534 0.256592 0.683594 -0.333156 0.311318 0.456192
