0.063843 0.825928 0.531616 -0.420772 0.109454 -0.254860
0.031006 0.799805 0.555298 -0.304394 -0.007723 -0.192277
0.022583 0.808228 0.523682 -0.166711 -0.137150 -0.128362
0.028442 0.814575 0.514526 -0.080160 -0.233289 -0.065246
0.016968 0.816406 0.482422 -0.021305 -0.286818 -0.021305
0.020386 0.802734 0.471680 0.007989 -0.305193 0.016245
0.030151 0.792236 0.447998 0.022636 -0.300932 0.044740
0.031250 0.776855 0.423950 0.006391 -0.262051 0.064714
0.032227 0.763184 0.416260 -0.029294 -0.200799 0.083089
0.034302 0.732300 0.404663 -0.068975 -0.135020 0.104128
0.030396 0.704346 0.406006 -0.094807 -0.089214 0.134487
0.041260 0.669312 0.386719 -0.095340 -0.068442 0.167244
0.072632 0.618286 0.361694 -0.078029 -0.044208 0.193076
0.103149 0.551025 0.326904 -0.060719 -0.004794 0.180293
0.126831 0.479004 0.276489 -0.056192 0.047137 0.119840
0.135864 0.400391 0.231079 -0.079361 0.111052 0.025300
0.116821 0.332031 0.178101 -0.128362 0.173901 -0.082290
0.056641 0.290039 0.112671 -0.193342 0.218109 -0.183489
-0.003296 0.265381 0.054565 -0.274035 0.256192 -0.268176
-0.077271 0.249512 0.005371 -0.360320 0.258056 -0.312650
-0.154053 0.249634 -0.039673 -0.434620 0.195473 -0.307057
-0.218140 0.242432 -0.078857 -0.483356 0.043142 -0.240746
-0.248779 0.235718 -0.121460 -0.503063 -0.185619 -0.118775
-0.229004 0.234131 -0.197388 -0.528628 -0.439680 0.051132
-0.189575 0.282593 -0.267944 -0.628762 -0.642077 0.262583
-0.134033 0.340576 -0.348022 -0.847936 -0.720107 0.505726
-0.047241 0.371094 -0.390259 -1.238349 -0.620772 0.723569
0.026733 0.372559 -0.376221 -1.796272 -0.341678 0.856192
0.079224 0.345581 -0.296631 -2.442077 0.056724 0.875366
0.097046 0.283813 -0.159912 -3.070306 0.442610 0.783222
0.063354 0.220825 0.016479 -3.599201 0.698802 0.600533
-0.037598 0.189697 0.242065 -3.957124 0.719041 0.395206
-0.113403 0.171631 0.456055 -4.042610 0.416778 0.295073
-0.144409 0.196411 0.617798 -3.849800 -0.173369 0.376298
-0.112305 0.238281 0.704712 -3.526498 -0.857257 0.614913
0.017090 0.222168 0.760010 -3.229561 -1.397869 0.899601
0.159058 0.224243 0.793945 -3.078828 -1.642077 1.092410
0.263306 0.217773 0.875000 -3.189614 -1.537683 1.114248
0.318604 0.161987 1.022583 -3.508921 -1.193875 1.037017
0.331055 0.176025 1.225464 -3.892410 -0.845007 0.952064
0.291992 0.242188 1.505127 -4.159255 -0.654860 0.939015
0.292114 0.288574 1.746704 -4.121705 -0.733688 1.046338
0.342529 0.341431 1.945923 -3.751798 -1.013049 1.248735
0.473145 0.409546 2.063843 -3.168842 -1.331025 1.468442
0.672241 0.475220 2.123901 -2.551798 -1.493742 1.591478
0.846313 0.551147 2.137939 -2.061252 -1.381358 1.537949
0.964233 0.627441 2.158813 -1.768043 -1.037550 1.349134
0.999878 0.662476 2.176270 -1.643941 -0.563515 1.108389
0.959106 0.703125 2.213379 -1.586152 -0.097470 0.858322
0.887817 0.736084 2.250854 -1.475633 0.237284 0.642876
0.806641 0.738403 2.291870 -1.266312 0.384288 0.474035
0.736450 0.744019 2.317993 -0.929427 0.328629 0.337949
0.711182 0.752686 2.318848 -0.498802 0.109720 0.242876
0.745483 0.745605 2.275391 -0.031691 -0.166445 0.182690
0.804443 0.727905 2.221069 0.382157 -0.370972 0.129960
0.874756 0.718384 2.156494 0.715579 -0.445007 0.062051
0.928833 0.701660 2.083252 0.975233 -0.359254 -0.035153
0.942749 0.671265 2.028931 1.203995 -0.131558 -0.152330
0.947754 0.621094 1.933960 1.434354 0.128362 -0.286818
0.913940 0.565430 1.859497 1.659654 0.349134 -0.453262
0.859009 0.511841 1.777466 1.912383 0.470573 -0.618375
0.803223 0.468140 1.676270 2.187483 0.488948 -0.759787
0.751587 0.432251 1.558105 2.468975 0.441012 -0.880160
0.721313 0.405273 1.425171 2.726764 0.365113 -0.984288
0.695190 0.375732 1.283569 2.925699 0.290546 -1.093475
0.669922 0.362183 1.146606 3.045273 0.244474 -1.216511
0.637695 0.341187 1.008301 3.093475 0.247936 -1.343009
0.589844 0.330078 0.890625 3.079894 0.294807 -1.455393
0.535156 0.312622 0.773926 3.034088 0.365912 -1.543009
0.473022 0.289185 0.668213 2.976032 0.444208 -1.607190
0.418823 0.276367 0.552979 2.908655 0.501997 -1.644740
0.357300 0.268066 0.446899 2.819441 0.537417 -1.664980
0.304443 0.256226 0.347778 2.703063 0.537150 -1.670040
0.261108 0.243286 0.261108 2.535819 0.503595 -1.674567
0.216919 0.227905 0.188110 2.320373 0.420506 -1.678828
0.175781 0.214478 0.114136 2.072703 0.285220 -1.689481
0.138672 0.203979 0.050171 1.818109 0.131824 -1.715846
0.086792 0.207031 0.002441 1.601864 0.002929 -1.744874
0.041504 0.208008 -0.042603 1.426099 -0.141678 -1.747537
0.020630 0.206177 -0.098389 1.290546 -0.348868 -1.726498
0.001465 0.217407 -0.157227 1.166178 -0.569907 -1.691079
-0.010498 0.213745 -0.201416 1.029294 -0.767244 -1.648735
-0.009033 0.190674 -0.228394 0.874834 -0.936352 -1.604794
-0.015137 0.170166 -0.259399 0.695872 -1.051398 -1.581092
-0.029053 0.158813 -0.295776 0.474035 -1.094274 -1.562184
-0.053467 0.142456 -0.303101 0.193609 -1.055393 -1.525433
-0.077881 0.108154 -0.301514 -0.129960 -0.970706 -1.460186
-0.110107 0.080811 -0.277710 -0.471638 -0.852197 -1.368043
-0.155151 0.058105 -0.240479 -0.807723 -0.716112 -1.244740
-0.204712 0.032104 -0.181396 -1.098269 -0.601864 -1.073236
-0.243164 0.011108 -0.127319 -1.316112 -0.556059 -0.854594
-0.269165 -0.001587 -0.066772 -1.483356 -0.574168 -0.608788
-0.277832 -0.004028 -0.032349 -1.630626 -0.651132 -0.350200
-0.286865 0.015747 0.005981 -1.780293 -0.750732 -0.098003
-0.282837 0.045898 0.039795 -1.935020 -0.858056 0.124368
-0.274536 0.064941 0.083984 -2.097470 -0.952330 0.311052
-0.258667 0.074219 0.140137 -2.259654 -1.027696 0.464447
-0.233276 0.070923 0.213501 -2.427696 -1.088948 0.584820
-0.203125 0.058716 0.300415 -2.624767 -1.149667 0.662850
-0.184204 0.059082 0.416992 -2.841012 -1.198668 0.695606
-0.157959 0.086426 0.554565 -3.027963 -1.229294 0.714514
-0.111084 0.100342 0.725098 -3.173103 -1.227430 0.754461
-0.069092 0.093750 0.914917 -3.247403 -1.202929 0.811451
-0.022217 0.098633 1.098999 -3.214647 -1.169374 0.906525
0.043579 0.114746 1.271729 -3.085486 -1.118509 1.065246
0.132324 0.129272 1.390991 -2.897204 -1.023968 1.243409
0.205566 0.158936 1.499756 -2.716378 -0.842077 1.364581
0.289429 0.227051 1.572510 -2.569907 -0.622104 1.411451
0.337769 0.292725 1.664185 -2.455127 -0.390146 1.385087
0.375000 0.349365 1.750488 -2.304128 -0.216245 1.309987
0.392212 0.413086 1.796997 -2.087084 -0.148868 1.205326
0.408447 0.464478 1.799316 -1.834088 -0.166977 1.079361
0.428467 0.498413 1.796021 -1.594674 -0.204794 0.927297
0.445313 0.530640 1.774048 -1.380027 -0.235952 0.756591
0.463135 0.548950 1.745239 -1.210120 -0.221571 0.595206
0.477173 0.577759 1.716553 -1.096138 -0.135020 0.460186
0.479858 0.581543 1.704468 -1.045539 0.046072 0.347270
0.467285 0.561035 1.710815 -1.024501 0.278296 0.244474
0.440186 0.539185 1.728394 -0.978429 0.492943 0.150200
0.404297 0.501221 1.747192 -0.864447 0.625300 0.069507
0.383057 0.443237 1.756104 -0.662051 0.646871 0.000000
0.369629 0.381714 1.745605 -0.382956 0.574168 -0.062051
0.363159 0.339355 1.686646 -0.066045 0.455659 -0.117177
0.355835 0.311157 1.606934 0.234621 0.370173 -0.166445
0.340820 0.276733 1.531738 0.479893 0.365379 -0.210652
0.320068 0.247437 1.447876 0.647137 0.421571 -0.246338
0.288452 0.225464 1.381958 0.734487 0.526232 -0.268708
0.258179 0.205322 1.332764 0.762184 0.656458 -0.264980
0.230469 0.160645 1.294922 0.773103 0.764581 -0.238881
0.200806 0.126831 1.266968 0.816245 0.838881 -0.209587
0.170410 0.099243 1.221558 0.921172 0.875632 -0.184554
0.148926 0.071411 1.181763 1.073768 0.880692 -0.164581
0.142822 0.050293 1.128906 1.243941 0.850599 -0.150999
0.135254 0.047852 1.059814 1.401598 0.808522 -0.139814
0.116089 0.060547 0.986084 1.531558 0.771771 -0.139547
0.092529 0.078979 0.922852 1.623702 0.755260 -0.143808
0.067139 0.090820 0.866455 1.673236 0.751265 -0.153395
0.027710 0.110352 0.825439 1.692676 0.727031 -0.169374
-0.005005 0.141724 0.765381 1.699068 0.658855 -0.166977
-0.027832 0.175537 0.723755 1.696671 0.586951 -0.132091
-0.021606 0.192139 0.685059 1.679095 0.520639 -0.064181
-0.002930 0.201294 0.638062 1.623435 0.466578 0.034621
0.011597 0.223022 0.593506 1.521172 0.459121 0.154727
0.013916 0.247925 0.562622 1.375233 0.495340 0.285220
0.005981 0.269775 0.533203 1.204794 0.551265 0.416245
-0.006958 0.292236 0.504028 1.030360 0.614381 0.547537
-0.000122 0.333496 0.479492 0.874301 0.685752 0.667643
0.005859 0.381226 0.460205 0.727297 0.762983 0.774434
0.013672 0.421631 0.459229 0.591744 0.831691 0.873768
0.036621 0.445923 0.469116 0.451398 0.867909 0.958189
