0.054321 0.726318 0.109863 -0.271904 0.075366 -0.207989
0.090820 0.574097 0.092651 -0.435952 0.111052 0.019973
0.017090 0.575317 0.114380 -0.571771 0.150200 0.183222
-0.072510 0.575806 0.129761 -0.661518 0.151531 0.363515
-0.117676 0.533081 0.154541 -0.667111 0.071105 0.603728
-0.115112 0.502930 0.153076 -0.598402 -0.115047 0.868975
-0.080566 0.462158 0.128906 -0.475366 -0.343276 1.101198
-0.025391 0.446289 0.105957 -0.320905 -0.553662 1.295872
0.033813 0.425903 0.047607 -0.180027 -0.714248 1.449001
0.081177 0.415894 0.000244 -0.109987 -0.803995 1.545939
0.112183 0.409302 -0.019287 -0.132091 -0.805060 1.578429
0.118164 0.393188 -0.031616 -0.242344 -0.749667 1.557923
0.119629 0.370972 -0.003784 -0.429294 -0.665513 1.516378
0.115234 0.361694 0.030029 -0.635686 -0.588016 1.486285
0.116455 0.375610 0.056641 -0.814647 -0.531025 1.522770
0.141113 0.372925 0.084717 -0.926498 -0.494807 1.661784
0.202148 0.370605 0.090576 -0.980293 -0.477497 1.855659
0.276611 0.385620 0.089355 -1.018109 -0.432490 2.051664
0.348511 0.404053 0.074585 -1.087883 -0.337949 2.207457
0.404663 0.412720 0.075806 -1.231691 -0.171505 2.272171
0.418091 0.398438 0.116333 -1.446871 0.044474 2.219441
0.367920 0.398804 0.209351 -1.682024 0.235419 2.057790
0.294922 0.464478 0.327515 -1.851398 0.267643 1.882024
0.257568 0.503906 0.468018 -1.841545 0.081225 1.843409
0.315674 0.478638 0.537476 -1.586951 -0.334221 1.972304
0.440552 0.480957 0.535156 -1.167244 -0.825566 2.210652
0.600220 0.517212 0.473022 -0.757124 -1.166178 2.470572
0.785522 0.557983 0.401001 -0.554727 -1.181092 2.657790
0.953003 0.627686 0.359741 -0.667377 -0.813582 2.708389
1.058105 0.700195 0.373779 -1.073236 -0.141411 2.595206
1.047119 0.783447 0.467529 -1.605326 0.646871 2.360586
1.017944 0.821533 0.605957 -2.064447 1.282823 2.139281
1.025269 0.800903 0.736206 -2.297204 1.623435 2.027963
1.071411 0.773438 0.830933 -2.265779 1.637017 2.010120
1.117188 0.753540 0.914429 -2.032224 1.402663 2.029294
1.183716 0.760376 0.937500 -1.684953 0.988549 2.029028
1.249390 0.827515 0.946167 -1.332357 0.519840 1.980826
1.343506 0.918945 0.919312 -1.051398 0.112916 1.878296
1.435791 0.985474 0.902954 -0.862317 -0.119308 1.715313
1.519287 1.028076 0.897583 -0.737683 -0.169907 1.495606
1.590942 1.059570 0.915771 -0.652197 -0.091877 1.261518
1.656860 1.075073 0.939087 -0.595206 0.035686 1.060719
1.718628 1.089844 0.982056 -0.557656 0.152597 0.902264
1.782471 1.086426 1.035400 -0.504660 0.217044 0.759521
1.824219 1.079834 1.106445 -0.395739 0.210919 0.579228
1.846924 1.073975 1.143066 -0.214115 0.100399 0.331025
1.857666 1.068115 1.159302 0.030093 -0.060719 0.017577
1.836426 1.034790 1.149170 0.308389 -0.218642 -0.316911
1.802124 1.000000 1.113525 0.572570 -0.344341 -0.646871
1.763550 0.956787 1.060181 0.809587 -0.418642 -0.949134
1.708374 0.904907 0.997437 0.988016 -0.419707 -1.214913
1.630371 0.848389 0.933472 1.113182 -0.368575 -1.456458
1.547241 0.792236 0.871826 1.196272 -0.291878 -1.670040
1.460327 0.735718 0.812744 1.250333 -0.203995 -1.856724
1.370361 0.688599 0.763672 1.287883 -0.118775 -2.020240
1.283813 0.627441 0.714966 1.321438 -0.044740 -2.150999
1.205933 0.583252 0.654907 1.344607 -0.002929 -2.254594
1.127808 0.540283 0.611084 1.351265 0.022370 -2.331292
1.059082 0.486816 0.552856 1.353662 0.030360 -2.392810
0.992676 0.440796 0.505371 1.354727 0.019441 -2.456991
0.937866 0.421509 0.436890 1.352597 -0.023968 -2.517177
0.880981 0.404907 0.375732 1.329694 -0.075366 -2.561385
0.838745 0.386841 0.308838 1.290013 -0.125433 -2.595739
0.794434 0.361450 0.245850 1.242876 -0.152863 -2.633023
0.745483 0.339966 0.190186 1.186684 -0.161651 -2.690013
0.695190 0.314453 0.141357 1.103595 -0.157656 -2.755526
0.647217 0.303467 0.087158 1.001332 -0.143808 -2.795739
0.597290 0.288940 0.041626 0.879627 -0.121704 -2.794407
0.537720 0.265015 0.005737 0.760320 -0.104128 -2.756059
0.478149 0.225952 -0.020142 0.637284 -0.128628 -2.726232
0.401245 0.205322 -0.040894 0.513715 -0.211451 -2.717976
0.311646 0.180054 -0.046631 0.404527 -0.333156 -2.703329
0.222412 0.151489 -0.040283 0.333156 -0.510786 -2.658056
0.132446 0.137817 -0.044067 0.305193 -0.741678 -2.573635
0.046387 0.139160 -0.046509 0.313182 -0.990679 -2.441811
-0.022095 0.129517 -0.046143 0.340346 -1.245806 -2.259387
-0.068359 0.131226 -0.081421 0.355260 -1.505992 -2.042344
-0.110474 0.143433 -0.102417 0.357124 -1.668975 -1.795473
-0.115845 0.126343 -0.133789 0.307590 -1.759254 -1.530226
-0.120972 0.106567 -0.157104 0.190679 -1.751265 -1.280160
-0.140747 0.083130 -0.161987 0.003462 -1.647936 -1.054061
-0.168091 0.059448 -0.149536 -0.234887 -1.497470 -0.846871
-0.202515 0.041138 -0.118774 -0.491345 -1.328895 -0.650599
-0.242554 0.036743 -0.073608 -0.731558 -1.180826 -0.446072
-0.263306 0.032104 -0.019287 -0.951531 -1.062850 -0.213049
-0.277222 0.032349 0.042480 -1.141145 -0.985619 0.059121
-0.280884 0.050659 0.096802 -1.285486 -0.944341 0.366711
-0.249146 0.066650 0.137939 -1.374434 -0.929427 0.707324
-0.217896 0.098633 0.170898 -1.432756 -0.901997 1.070573
-0.200684 0.143677 0.198486 -1.505459 -0.819707 1.422370
-0.207886 0.169556 0.257446 -1.603462 -0.695872 1.719308
-0.220703 0.197144 0.341431 -1.691877 -0.608522 1.935819
-0.199951 0.217773 0.413330 -1.764847 -0.603995 2.086551
-0.169922 0.249023 0.472412 -1.798935 -0.647403 2.182157
-0.094482 0.297974 0.507324 -1.772037 -0.686285 2.256991
0.010132 0.335205 0.526123 -1.714780 -0.651664 2.351798
0.108276 0.388916 0.541748 -1.664980 -0.503862 2.466312
0.191040 0.481689 0.558594 -1.678828 -0.246605 2.635153
0.277466 0.573608 0.593384 -1.770972 0.085752 2.876698
0.404297 0.660889 0.652100 -1.917976 0.458589 3.117710
0.548096 0.755005 0.711182 -2.067111 0.820772 3.252996
0.671021 0.805176 0.786377 -2.141412 1.131824 3.246604
0.797241 0.835815 0.865234 -2.113182 1.340613 3.135553
0.903564 0.885010 0.940308 -1.994407 1.404527 2.929427
0.989380 0.889160 1.000732 -1.815446 1.294274 2.651664
1.041138 0.890381 1.056519 -1.641545 1.012517 2.320373
1.103271 0.888428 1.100342 -1.497470 0.647670 1.982157
1.163940 0.910889 1.114502 -1.382690 0.259654 1.660453
1.234009 0.935181 1.124390 -1.284421 -0.022370 1.372037
1.283447 0.948120 1.114746 -1.164847 -0.152064 1.115047
1.314697 0.949097 1.103027 -1.027430 -0.115846 0.891611
1.318237 0.936768 1.068726 -0.919308 0.052996 0.701465
1.293823 0.921265 1.049438 -0.869507 0.302530 0.533422
1.245728 0.898560 1.036865 -0.872170 0.560586 0.373369
1.173584 0.867920 1.043701 -0.881491 0.754727 0.210919
1.088745 0.819702 1.073486 -0.849534 0.850333 0.050599
1.002319 0.769775 1.079712 -0.748069 0.814647 -0.091877
0.931763 0.727051 1.082886 -0.563782 0.662317 -0.191478
0.879272 0.687378 1.064453 -0.320373 0.431158 -0.229294
0.859497 0.652466 1.019165 -0.062051 0.185619 -0.214381
0.851929 0.624634 0.962646 0.163515 -0.003462 -0.183489
0.854004 0.594238 0.912720 0.326232 -0.109987 -0.161651
0.856201 0.569580 0.853027 0.417577 -0.131824 -0.160852
0.846924 0.543335 0.816895 0.440746 -0.069774 -0.179760
0.828735 0.509888 0.789917 0.415446 0.033822 -0.214115
0.797974 0.493774 0.768921 0.372304 0.147803 -0.256724
0.761963 0.469604 0.751343 0.335286 0.246871 -0.295073
0.721436 0.446045 0.734741 0.325433 0.319308 -0.323036
0.675049 0.427612 0.709839 0.342477 0.359254 -0.341944
0.624878 0.417480 0.683960 0.371238 0.370972 -0.354194
0.583374 0.409302 0.652710 0.401864 0.357390 -0.349134
0.549194 0.410767 0.626465 0.428229 0.332091 -0.331558
0.523071 0.408325 0.608276 0.436485 0.303862 -0.305459
0.498779 0.411011 0.590332 0.427164 0.268708 -0.271372
0.487061 0.418945 0.573608 0.415712 0.233555 -0.231425
0.483032 0.428955 0.554321 0.415446 0.207457 -0.183222
0.483521 0.435913 0.538330 0.418109 0.197870 -0.125965
0.492676 0.437866 0.517700 0.408256 0.198402 -0.067643
0.504395 0.433594 0.515747 0.371238 0.209587 -0.021571
0.505249 0.420410 0.517334 0.313981 0.203728 0.004261
0.500488 0.408569 0.530640 0.266312 0.152863 0.013582
0.474976 0.398438 0.568848 0.242610 0.034088 0.010386
0.451904 0.402710 0.595093 0.266578 -0.197603 0.005859
0.446411 0.418335 0.598389 0.340080 -0.515313 0.012250
0.464600 0.443481 0.575439 0.432490 -0.818908 0.031957
0.496582 0.465332 0.536987 0.504128 -1.025832 0.058589
0.539185 0.495483 0.500122 0.521971 -1.074834 0.079361
0.573853 0.519531 0.469360 0.477497 -0.953129 0.094008
0.613770 0.542358 0.442505 0.376298 -0.682823 0.108389
0.640259 0.552368 0.425903 0.231957 -0.283089 0.135286
