0.115234 0.429443 -0.134399 0.216245 -0.363515 1.586951
0.224609 0.374268 -0.205200 -0.010652 -0.248202 1.853262
0.290039 0.342041 -0.154541 -0.331292 -0.011451 2.060186
0.307251 0.382690 -0.115723 -0.692410 0.237816 2.090812
0.274292 0.399780 0.005737 -1.011451 0.498802 1.993076
0.225708 0.356323 0.140869 -1.175766 0.610120 1.854061
0.161987 0.303955 0.263916 -1.125433 0.513715 1.766178
0.131958 0.257446 0.328857 -0.878029 0.218642 1.795206
0.158203 0.257446 0.316772 -0.506258 -0.182690 1.936352
0.253174 0.283569 0.202271 -0.120639 -0.546471 2.178429
0.359863 0.325806 0.081177 0.159521 -0.713182 2.473502
0.480469 0.391846 -0.040283 0.230626 -0.652730 2.762450
0.579102 0.445190 -0.091675 0.059654 -0.379760 2.991478
0.644653 0.476563 -0.101929 -0.297204 0.032756 3.109720
0.678223 0.484497 -0.031250 -0.735553 0.501198 3.106791
0.656128 0.483643 0.088745 -1.140080 0.887883 3.011451
0.654419 0.465210 0.219482 -1.404261 1.106791 2.911052
0.703491 0.466797 0.313599 -1.440746 1.121172 2.906525
0.810547 0.504883 0.322021 -1.249800 0.989081 3.049800
0.963379 0.553101 0.324951 -0.966977 0.837550 3.267643
1.142456 0.630493 0.273560 -0.762716 0.722503 3.388815
1.281738 0.678955 0.282959 -0.717710 0.736618 3.319840
1.391479 0.707275 0.337891 -0.817044 0.781624 3.105726
1.505005 0.750854 0.446655 -0.957124 0.791212 2.818376
1.624878 0.766602 0.544556 -0.973901 0.665513 2.568043
1.761230 0.772217 0.613037 -0.838083 0.412250 2.382157
1.891846 0.819092 0.624023 -0.601332 0.095606 2.209853
2.023804 0.857422 0.590698 -0.346205 -0.148336 2.002131
2.110840 0.887817 0.564209 -0.156858 -0.257790 1.710519
2.163696 0.918579 0.558350 -0.084953 -0.270306 1.360320
2.166992 0.950562 0.538696 -0.075632 -0.190413 1.020240
2.160400 0.957764 0.548096 -0.090013 -0.034088 0.712384
2.135376 0.960083 0.556763 -0.075366 0.137949 0.433023
2.103760 0.949463 0.562134 -0.024767 0.256192 0.186418
2.083374 0.930908 0.565063 0.088149 0.280160 -0.021838
2.072876 0.901611 0.538208 0.237017 0.214647 -0.213316
2.052856 0.873413 0.513184 0.387217 0.092410 -0.427696
2.029663 0.837036 0.479736 0.512650 -0.063382 -0.692943
1.989136 0.798462 0.427246 0.594407 -0.204261 -1.006392
1.927856 0.769775 0.395752 0.642344 -0.292676 -1.332623
1.854126 0.723877 0.358276 0.656458 -0.341944 -1.649800
1.768188 0.678101 0.333740 0.651664 -0.359521 -1.936884
1.683350 0.627197 0.312256 0.647137 -0.364847 -2.173902
1.593018 0.571289 0.298950 0.646605 -0.372836 -2.356059
1.504272 0.524414 0.281494 0.661518 -0.392011 -2.497204
1.429077 0.483887 0.248169 0.682557 -0.423968 -2.623702
1.354248 0.447266 0.207520 0.692410 -0.438881 -2.747537
1.272583 0.406494 0.172241 0.670040 -0.439680 -2.874035
1.179321 0.368530 0.146729 0.613582 -0.436751 -3.000266
1.078979 0.328857 0.127930 0.543542 -0.437017 -3.119308
0.972534 0.292480 0.114990 0.470839 -0.446871 -3.227164
0.861938 0.257690 0.101196 0.409587 -0.468708 -3.308921
0.746094 0.224609 0.096680 0.357124 -0.510786 -3.349134
0.644531 0.206543 0.080444 0.314514 -0.577630 -3.337683
0.549805 0.196655 0.074219 0.289747 -0.639414 -3.277763
0.476196 0.199463 0.044312 0.270040 -0.697204 -3.172836
0.405518 0.209351 0.005127 0.272170 -0.737683 -3.025832
0.335449 0.209106 -0.020020 0.283888 -0.748336 -2.856991
0.269165 0.203003 -0.046875 0.268708 -0.750999 -2.692410
0.204834 0.193359 -0.064819 0.217310 -0.753395 -2.532091
0.152100 0.176636 -0.079956 0.138216 -0.772304 -2.380293
0.089233 0.164185 -0.078491 0.059387 -0.785886 -2.217044
0.044922 0.152832 -0.076660 -0.002130 -0.806125 -2.026897
-0.010864 0.143799 -0.081421 -0.042344 -0.850865 -1.825832
-0.057983 0.133789 -0.084717 -0.060985 -0.910786 -1.619174
-0.106079 0.127441 -0.069214 -0.084953 -0.986684 -1.396804
-0.145874 0.123291 -0.077148 -0.099601 -1.035952 -1.156857
-0.180664 0.111572 -0.072754 -0.127830 -1.084154 -0.907856
-0.201416 0.114380 -0.077148 -0.160053 -1.113715 -0.651664
-0.211060 0.122681 -0.094360 -0.190146 -1.098802 -0.374168
-0.213745 0.142090 -0.113037 -0.209321 -1.029028 -0.073502
-0.218018 0.159180 -0.130615 -0.228495 -0.909188 0.241278
-0.204468 0.183838 -0.148315 -0.267377 -0.766445 0.561917
-0.175537 0.195068 -0.161499 -0.348069 -0.607723 0.885486
-0.146973 0.193359 -0.161133 -0.478296 -0.427696 1.194407
-0.128540 0.186401 -0.133179 -0.663382 -0.252197 1.464181
-0.107544 0.178345 -0.101563 -0.889214 -0.111052 1.688149
-0.092407 0.163086 -0.051514 -1.127031 -0.021571 1.869774
-0.092773 0.187622 0.016968 -1.353395 -0.001864 2.013316
-0.079102 0.250610 0.086792 -1.564314 -0.054061 2.121971
-0.037720 0.291138 0.152344 -1.748602 -0.136884 2.205593
0.022339 0.302734 0.214111 -1.865246 -0.217044 2.258056
0.093262 0.331177 0.272095 -1.902530 -0.274834 2.280692
0.188965 0.361816 0.311401 -1.885220 -0.289747 2.304927
0.284424 0.394409 0.343018 -1.840213 -0.243409 2.349134
0.378784 0.459473 0.374268 -1.797337 -0.124900 2.414114
0.491821 0.535522 0.393433 -1.801065 0.065246 2.507590
0.628906 0.595703 0.419189 -1.867643 0.325166 2.593342
0.775513 0.641968 0.487549 -1.960053 0.637284 2.648202
0.918213 0.653687 0.553223 -2.022903 0.903862 2.660985
1.067749 0.702881 0.624146 -2.026631 1.089214 2.623968
1.198853 0.737305 0.676636 -1.973369 1.168842 2.548602
1.323486 0.784302 0.706299 -1.887617 1.183755 2.412783
1.416504 0.824585 0.745605 -1.781358 1.152064 2.206924
1.484253 0.850830 0.787964 -1.651931 1.051398 1.967510
1.515747 0.881470 0.818726 -1.513449 0.899334 1.704927
1.539063 0.911621 0.846924 -1.381358 0.715313 1.444208
1.560303 0.922363 0.853394 -1.227164 0.512383 1.191478
1.570679 0.907471 0.848145 -1.037017 0.330493 0.935020
1.574585 0.891479 0.829590 -0.841012 0.190413 0.696671
1.564209 0.876831 0.795044 -0.687617 0.116112 0.491611
1.542603 0.851440 0.770264 -0.585353 0.118775 0.315313
1.515015 0.808716 0.751587 -0.515579 0.172836 0.155792
1.467285 0.776001 0.738525 -0.471105 0.239947 0.010386
1.405640 0.745972 0.729492 -0.429028 0.301731 -0.125166
1.340454 0.706177 0.724243 -0.376032 0.344075 -0.247670
1.266602 0.663574 0.718750 -0.302264 0.336618 -0.364048
1.186523 0.644409 0.718384 -0.199734 0.268442 -0.467643
1.119751 0.615967 0.697510 -0.082290 0.167244 -0.550200
1.058960 0.582520 0.679443 0.038083 0.060186 -0.607457
1.008301 0.546631 0.647705 0.163782 -0.056991 -0.633822
0.965088 0.521851 0.614502 0.289747 -0.167244 -0.632756
0.923950 0.497314 0.571533 0.393609 -0.247137 -0.619441
0.888550 0.472534 0.537476 0.471904 -0.298535 -0.600266
0.852905 0.450439 0.494385 0.530226 -0.318509 -0.581891
0.818726 0.438354 0.461548 0.554727 -0.294008 -0.564581
0.783447 0.409668 0.442261 0.556059 -0.249001 -0.549401
0.759277 0.390137 0.427124 0.546471 -0.194141 -0.535553
0.728394 0.377319 0.413818 0.532091 -0.136352 -0.515047
0.698608 0.375854 0.393188 0.515047 -0.075100 -0.477763
0.673462 0.377319 0.381104 0.497204 0.002130 -0.423169
0.660278 0.375244 0.369141 0.472703 0.091877 -0.361917
0.665161 0.381714 0.357056 0.438083 0.197603 -0.304660
0.666260 0.402954 0.334717 0.393342 0.328629 -0.266578
0.663330 0.413208 0.331421 0.333156 0.491079 -0.248469
0.670898 0.405640 0.343018 0.246871 0.638349 -0.251931
0.670166 0.397217 0.358032 0.141145 0.745939 -0.280160
0.675171 0.386719 0.396606 0.041278 0.814647 -0.323569
0.684814 0.373291 0.422729 -0.029561 0.853529 -0.376032
0.709595 0.367065 0.438599 -0.065513 0.899334 -0.440213
0.742676 0.356567 0.451416 -0.092410 1.006392 -0.512650
0.770874 0.347534 0.432739 -0.155792 1.188549 -0.598668
0.763306 0.348633 0.417725 -0.272437 1.485220 -0.710519
0.744751 0.335693 0.410156 -0.450333 1.888948 -0.840746
0.722046 0.302246 0.423950 -0.686285 2.351531 -0.979494
0.691406 0.258179 0.446655 -0.968842 2.822636 -1.120373
0.630493 0.226685 0.477051 -1.272437 3.240479 -1.247137
0.547974 0.200195 0.520264 -1.539547 3.575766 -1.368842
0.456665 0.190186 0.554443 -1.719840 3.777364 -1.470573
0.355591 0.230347 0.577515 -1.782423 3.850866 -1.515579
0.274292 0.274658 0.629883 -1.715579 3.779228 -1.446871
0.238525 0.286987 0.667236 -1.517710 3.533955 -1.266045
0.246094 0.287231 0.666260 -1.245007 3.165646 -1.050599
0.253662 0.310547 0.651367 -0.985886 2.781092 -0.867377
0.262085 0.339233 0.635742 -0.784820 2.461784 -0.745939
0.256714 0.375854 0.603760 -0.658056 2.238083 -0.708122
0.216919 0.421875 0.587769 -0.630093 2.098802 -0.760320
0.171997 0.465332 0.591553 -0.698535 2.016245 -0.856724
0.120483 0.493286 0.598755 -0.849001 1.976298 -0.941678
0.053955 0.500000 0.630249 -1.032224 1.960320 -1.003728
