0.209961 0.212646 0.157471 -0.286818 0.154993 2.816245
0.288330 0.216309 0.112305 -0.252463 0.077763 3.217310
0.394409 0.272095 0.072998 -0.353662 0.114248 3.550200
0.513794 0.300903 0.099121 -0.613848 0.288149 3.749667
0.599609 0.255249 0.225952 -0.882557 0.511851 3.750732
0.666382 0.254395 0.304565 -1.002663 0.592011 3.557657
0.687012 0.339966 0.337280 -0.988016 0.546738 3.281758
0.723389 0.414429 0.333374 -0.860186 0.456991 3.114780
0.797119 0.455811 0.279785 -0.638349 0.341411 3.136352
0.907959 0.469849 0.241333 -0.464980 0.241811 3.269507
1.044434 0.564941 0.167480 -0.422104 0.234088 3.430360
1.226563 0.610596 0.140869 -0.503862 0.352597 3.555260
1.378662 0.629883 0.198120 -0.645273 0.603462 3.560852
1.552368 0.677612 0.186279 -0.780027 0.873502 3.424767
1.677246 0.708008 0.219116 -0.899068 1.165113 3.157124
1.743530 0.741821 0.290649 -0.965113 1.403728 2.835686
1.808472 0.716431 0.380859 -1.022637 1.500399 2.529428
1.848755 0.670044 0.479248 -1.000266 1.339281 2.267111
1.897339 0.657471 0.582520 -0.856192 0.929694 2.057790
1.979614 0.666992 0.609253 -0.627696 0.345939 1.865246
2.053467 0.697998 0.599487 -0.379228 -0.179494 1.619973
2.115479 0.735718 0.571533 -0.183222 -0.502796 1.325433
2.173218 0.752563 0.531494 -0.060186 -0.584820 1.027430
2.213135 0.755981 0.485718 0.017577 -0.467111 0.773369
2.243042 0.754639 0.468262 0.066312 -0.211451 0.566977
2.261841 0.740967 0.457153 0.102796 0.056192 0.380293
2.268433 0.727417 0.451660 0.125699 0.233289 0.165113
2.258423 0.732056 0.442383 0.172836 0.318509 -0.085486
2.218994 0.711426 0.442749 0.243941 0.298003 -0.361385
2.166138 0.666626 0.441895 0.322503 0.133156 -0.668708
2.092651 0.635986 0.440430 0.403462 -0.157390 -1.005060
2.009277 0.596924 0.425903 0.489214 -0.498269 -1.345939
1.921143 0.564819 0.393921 0.570972 -0.818109 -1.668442
1.840332 0.527466 0.363525 0.627430 -1.047137 -1.945140
1.755249 0.490601 0.325928 0.658322 -1.178162 -2.169907
1.681030 0.457153 0.297485 0.664980 -1.216778 -2.340879
1.603638 0.420532 0.266357 0.652463 -1.186152 -2.460453
1.521606 0.391357 0.238403 0.619973 -1.113449 -2.566711
1.430298 0.360107 0.236206 0.580559 -1.035419 -2.656724
1.338013 0.339233 0.220825 0.553662 -0.995739 -2.739547
1.250000 0.311157 0.203491 0.548336 -0.991212 -2.814914
1.153687 0.285767 0.181519 0.560586 -1.010652 -2.877497
1.049927 0.277100 0.154297 0.580293 -1.057523 -2.925699
0.948364 0.269775 0.126709 0.596538 -1.110519 -2.950466
0.849121 0.266968 0.076904 0.604527 -1.173369 -2.958189
0.751099 0.261963 0.043701 0.608788 -1.216511 -2.950200
0.671509 0.244629 -0.003418 0.590679 -1.260453 -2.921172
0.586548 0.235474 -0.028687 0.537417 -1.279361 -2.874567
0.510986 0.222290 -0.058105 0.444208 -1.293475 -2.804261
0.438843 0.187378 -0.062378 0.303595 -1.308389 -2.712384
0.362793 0.159058 -0.059326 0.155526 -1.343276 -2.617044
0.258301 0.188232 -0.062256 0.030892 -1.378961 -2.525167
0.171753 0.187012 -0.052368 -0.047137 -1.379494 -2.393342
0.095459 0.187500 -0.044067 -0.080692 -1.417044 -2.241278
0.022583 0.180786 -0.051025 -0.079893 -1.484953 -2.071638
-0.041626 0.194458 -0.081909 -0.055393 -1.558722 -1.886019
-0.105347 0.210449 -0.097656 -0.026897 -1.607989 -1.666045
-0.151978 0.205444 -0.116211 -0.022636 -1.620506 -1.411718
-0.190186 0.204834 -0.127563 -0.045539 -1.638083 -1.145672
-0.222046 0.205444 -0.130615 -0.089747 -1.654061 -0.878029
-0.243896 0.206543 -0.125977 -0.136618 -1.647670 -0.606658
-0.249146 0.210449 -0.138062 -0.174700 -1.611185 -0.337417
-0.252441 0.211182 -0.149170 -0.203995 -1.527830 -0.072437
-0.251099 0.220337 -0.170654 -0.244208 -1.402130 0.184820
-0.243286 0.232788 -0.185791 -0.325433 -1.250067 0.431957
-0.235840 0.236572 -0.194336 -0.445539 -1.079893 0.665246
-0.233887 0.245972 -0.174194 -0.589614 -0.916112 0.886285
-0.252930 0.254517 -0.115112 -0.717710 -0.827963 1.093475
-0.281372 0.264771 -0.013672 -0.781891 -0.922770 1.274035
-0.263184 0.272339 0.078735 -0.757656 -1.236485 1.421571
-0.202515 0.292847 0.104858 -0.632490 -1.656724 1.538216
-0.112427 0.336548 0.053589 -0.435153 -1.977097 1.634354
-0.019775 0.387817 -0.022827 -0.254061 -2.010919 1.749135
0.073608 0.427368 -0.100342 -0.162184 -1.731292 1.911318
0.161133 0.454590 -0.150146 -0.215180 -1.214115 2.123302
0.239380 0.480347 -0.141235 -0.426365 -0.589614 2.376298
0.323853 0.484253 -0.091064 -0.731558 -0.005326 2.665779
0.426514 0.474731 -0.019165 -0.992011 0.436485 2.965113
0.561523 0.477295 0.060913 -1.135819 0.717177 3.236485
0.727661 0.494751 0.135864 -1.155260 0.875100 3.439680
0.904785 0.512085 0.179199 -1.053529 0.910519 3.522503
1.056519 0.547363 0.176147 -0.880692 0.838349 3.439680
1.163696 0.563599 0.182861 -0.714514 0.767244 3.240213
1.249146 0.595093 0.214844 -0.598668 0.658056 3.004527
1.323853 0.554443 0.258423 -0.521704 0.483888 2.797337
1.415894 0.557495 0.269653 -0.447403 0.228762 2.631425
1.501953 0.550537 0.271362 -0.319840 -0.030892 2.495872
1.609131 0.563110 0.208008 -0.144341 -0.218642 2.374700
1.694946 0.574951 0.116577 0.025300 -0.217044 2.252197
1.751465 0.610107 0.036865 0.115579 -0.030626 2.076964
1.757690 0.656860 -0.009399 0.101465 0.279893 1.844208
1.741943 0.683105 -0.048218 -0.052730 0.573635 1.567776
1.695435 0.674561 -0.028076 -0.282290 0.806125 1.266045
1.637329 0.650513 0.018188 -0.490546 0.873768 0.984021
1.578857 0.606079 0.065796 -0.594940 0.764048 0.748336
1.528320 0.560791 0.111206 -0.568842 0.490546 0.555792
1.498291 0.527222 0.118896 -0.462850 0.144341 0.416778
1.475220 0.507446 0.105469 -0.346205 -0.164314 0.317710
1.456299 0.496826 0.100952 -0.257790 -0.352597 0.228229
1.429199 0.491943 0.085449 -0.203995 -0.409055 0.128362
1.390625 0.488037 0.081665 -0.173635 -0.349667 0.019174
1.353394 0.477417 0.071655 -0.144873 -0.234354 -0.095340
1.298096 0.458984 0.067139 -0.118775 -0.111585 -0.206391
1.237061 0.446167 0.064453 -0.093475 -0.015712 -0.291079
1.179077 0.431519 0.059570 -0.066844 0.039680 -0.335286
1.119385 0.416016 0.062500 -0.029294 0.035952 -0.346738
1.076538 0.404785 0.076294 0.025832 -0.018109 -0.336352
1.043457 0.389526 0.063477 0.098535 -0.123569 -0.319574
1.013306 0.393677 0.045898 0.167776 -0.239148 -0.311851
0.992554 0.400146 0.016602 0.220772 -0.328629 -0.317443
0.987183 0.405151 -0.013916 0.238881 -0.343276 -0.332091
0.980835 0.400391 -0.038208 0.209321 -0.265779 -0.365113
0.954834 0.397949 -0.042480 0.136884 -0.122770 -0.417044
0.916382 0.391724 -0.026367 0.053529 0.031425 -0.457790
0.871826 0.380981 -0.009277 0.000266 0.132889 -0.471105
0.831421 0.375854 0.010132 -0.003728 0.157923 -0.459920
0.800659 0.375488 0.013184 0.037550 0.109188 -0.431158
0.786743 0.379272 0.006592 0.108921 0.024234 -0.387217
0.785767 0.384033 -0.017212 0.176565 -0.041012 -0.341944
0.799805 0.381836 -0.035767 0.220240 -0.056458 -0.294274
0.810303 0.380371 -0.058350 0.234088 -0.017843 -0.236218
0.812134 0.387451 -0.074097 0.219707 0.069507 -0.174700
0.819214 0.390381 -0.087280 0.195739 0.181092 -0.115047
0.830566 0.388794 -0.097534 0.164581 0.291611 -0.066312
0.828247 0.394653 -0.103027 0.120905 0.374168 -0.035686
0.819458 0.399536 -0.094727 0.069241 0.412517 -0.012250
0.813477 0.396606 -0.079834 0.023968 0.388016 0.003462
0.814575 0.394165 -0.057007 0.003196 0.290013 0.008256
0.816040 0.396484 -0.058105 0.019441 0.140080 0.005326
0.839844 0.394653 -0.053589 0.058589 -0.003728 0.005593
0.872925 0.389282 -0.078735 0.087617 -0.106525 0.007457
0.896240 0.394775 -0.088867 0.084953 -0.124368 0.003462
0.911743 0.397827 -0.093628 0.050067 -0.067909 -0.000799
0.915649 0.398560 -0.090454 -0.005593 0.038083 -0.010919
0.905884 0.398560 -0.066040 -0.064714 0.142210 -0.021838
0.885620 0.394653 -0.047974 -0.104394 0.190146 -0.021305
0.872925 0.398071 -0.027710 -0.105726 0.184288 -0.002929
0.873779 0.412354 -0.030273 -0.066578 0.132623 0.040746
0.890381 0.421631 -0.044312 -0.015446 0.087617 0.110786
0.919556 0.420532 -0.052856 0.011451 0.082557 0.182956
0.941040 0.421997 -0.059448 0.010919 0.111851 0.229827
0.957153 0.424316 -0.056274 -0.006924 0.156325 0.241545
0.963013 0.415894 -0.040283 -0.032490 0.190413 0.223702
0.962280 0.423706 -0.037231 -0.049001 0.185885 0.180559
0.951172 0.434570 -0.027344 -0.050067 0.158455 0.128096
0.948853 0.427368 -0.021118 -0.038083 0.095606 0.088415
0.952271 0.422607 -0.028687 -0.014115 0.005060 0.056192
0.955688 0.424316 -0.038818 0.001065 -0.086551 0.029561
0.957520 0.419922 -0.042603 -0.001864 -0.148069 0.011718
0.955566 0.416260 -0.046875 -0.011718 -0.171771 -0.003995
