0.290894 0.950684 0.273682 -0.050866 -0.164048 -0.041545
0.283081 0.941284 0.284668 -0.136618 -0.130759 -0.042077
0.245972 0.960571 0.301025 -0.170173 -0.069241 -0.053795
0.220825 0.956787 0.322510 -0.150999 -0.048469 -0.017577
0.228271 0.946045 0.333374 -0.092943 -0.061784 0.044740
0.227783 0.942627 0.312866 -0.009587 -0.061518 0.105459
0.239380 0.948486 0.301270 0.052197 -0.049268 0.143009
0.258911 0.937622 0.278564 0.078029 -0.023968 0.148602
0.269653 0.913696 0.269409 0.064980 0.009854 0.121172
0.270874 0.896851 0.275146 0.032224 0.037550 0.070306
0.261841 0.871338 0.281006 0.005859 0.049800 0.015180
0.243530 0.854126 0.285034 0.003196 0.046871 -0.034354
0.223633 0.844116 0.283081 0.020506 0.034088 -0.068442
0.212036 0.821655 0.278931 0.049268 0.020506 -0.083888
0.203003 0.789307 0.257568 0.070040 0.026897 -0.093209
0.183838 0.757202 0.240845 0.077497 0.064181 -0.100133
0.169312 0.713745 0.222534 0.069241 0.114514 -0.097736
0.152832 0.663696 0.204224 0.042077 0.173103 -0.088149
0.133301 0.602539 0.177856 -0.005326 0.236485 -0.070306
0.112305 0.526489 0.164551 -0.066045 0.298535 -0.049001
0.075195 0.459717 0.141846 -0.129427 0.341678 -0.027963
0.003784 0.413086 0.120972 -0.200533 0.364314 -0.012783
-0.084961 0.386230 0.113892 -0.278029 0.337683 0.005060
-0.182861 0.351685 0.125488 -0.320905 0.226631 0.043941
-0.263672 0.325439 0.141479 -0.295340 0.010919 0.116644
-0.301514 0.298462 0.127930 -0.186684 -0.291079 0.251931
-0.291870 0.276245 0.069580 -0.027963 -0.618642 0.470839
-0.261963 0.277710 -0.015015 0.138482 -0.876964 0.757124
-0.214966 0.273804 -0.110229 0.243941 -1.049800 1.066844
-0.143433 0.275513 -0.196411 0.213049 -1.095340 1.347004
-0.068604 0.265015 -0.274292 -0.013316 -0.974168 1.563782
-0.004028 0.257324 -0.291626 -0.458855 -0.667111 1.701731
0.007935 0.265625 -0.261841 -1.051931 -0.260453 1.762983
0.003662 0.269897 -0.157593 -1.655126 0.131824 1.783755
0.002930 0.245239 -0.044678 -2.149933 0.382690 1.845007
0.008667 0.224609 0.062134 -2.458855 0.463382 1.968575
0.042969 0.220215 0.142090 -2.581358 0.407989 2.166178
0.077271 0.289917 0.165527 -2.601598 0.304128 2.412517
0.134399 0.355835 0.218384 -2.624501 0.254594 2.688416
0.211182 0.422729 0.255859 -2.690812 0.232490 2.935819
0.327759 0.485840 0.341675 -2.812517 0.245539 3.108655
0.468262 0.503174 0.478271 -2.909454 0.285220 3.204527
0.632080 0.463745 0.609863 -2.915846 0.265513 3.221571
0.805786 0.409302 0.751831 -2.861784 0.126764 3.172570
0.965698 0.438354 0.841553 -2.755526 -0.060985 3.088149
1.071167 0.490845 0.936523 -2.623169 -0.189348 2.978695
1.151367 0.604248 1.030396 -2.483888 -0.288149 2.852996
1.234619 0.696655 1.114624 -2.315047 -0.323036 2.725965
1.352173 0.742798 1.180542 -2.118242 -0.306258 2.582956
1.457520 0.751343 1.223877 -1.900133 -0.225033 2.369374
1.526245 0.767944 1.245605 -1.694274 -0.076964 2.105992
1.586914 0.796143 1.252319 -1.523036 0.107590 1.863648
1.633423 0.785522 1.259399 -1.409854 0.305193 1.655393
1.643433 0.759644 1.241211 -1.347270 0.503862 1.432490
1.591187 0.758545 1.217896 -1.321438 0.682557 1.187483
1.521362 0.741699 1.217529 -1.313715 0.813049 0.964581
1.428223 0.717407 1.208740 -1.272703 0.872969 0.764847
1.344971 0.716064 1.184082 -1.211451 0.890546 0.593342
1.282471 0.753662 1.190918 -1.173635 0.941145 0.481225
1.281738 0.770630 1.220093 -1.171238 1.035952 0.483089
1.347168 0.778320 1.272949 -1.155260 1.188549 0.554727
1.438721 0.801025 1.319214 -1.073236 1.407190 0.625300
1.520264 0.793091 1.402588 -0.930759 1.678562 0.631691
1.545410 0.756836 1.471802 -0.744341 1.900932 0.481758
1.479492 0.720581 1.586914 -0.473502 1.972570 0.192543
1.406982 0.675049 1.645264 -0.056991 1.746471 -0.153395
1.335815 0.654297 1.648315 0.478296 1.253262 -0.493742
1.292847 0.646973 1.580322 1.066312 0.654594 -0.776298
1.286865 0.641357 1.455566 1.576298 0.139814 -0.990413
1.303223 0.634277 1.324585 1.910519 -0.160586 -1.164581
1.312866 0.614746 1.231079 2.068176 -0.213848 -1.320905
1.291748 0.578613 1.156982 2.093209 -0.098003 -1.474035
1.233154 0.541992 1.107056 2.054327 0.086818 -1.630892
1.145020 0.507202 1.058960 2.032490 0.265513 -1.778429
1.047729 0.461792 1.012695 2.058056 0.377630 -1.913182
0.962280 0.416870 0.947021 2.125965 0.386684 -2.033555
0.883789 0.387939 0.871338 2.213049 0.326764 -2.140879
0.808472 0.366821 0.787231 2.301198 0.235419 -2.217310
0.742310 0.334106 0.693481 2.376831 0.146205 -2.251931
0.683960 0.312622 0.588989 2.418642 0.066312 -2.277230
0.614502 0.307983 0.498535 2.392011 0.036218 -2.307590
0.551270 0.285767 0.414551 2.309987 0.048469 -2.329960
0.489502 0.264526 0.332764 2.178695 0.065779 -2.353928
0.418213 0.250977 0.271484 2.013049 0.100666 -2.366977
0.352295 0.218018 0.213989 1.820506 0.134487 -2.359787
0.291260 0.192627 0.181885 1.623968 0.152597 -2.337151
0.235718 0.173584 0.143555 1.455127 0.142743 -2.282823
0.168823 0.165283 0.147705 1.327031 0.114514 -2.191744
0.125854 0.145386 0.117554 1.247404 0.040746 -2.077230
0.087158 0.128174 0.083862 1.194940 -0.072437 -1.954461
0.044556 0.135742 0.047119 1.162450 -0.216778 -1.822104
0.009277 0.147705 0.003906 1.132357 -0.360320 -1.673236
-0.007080 0.143799 -0.054932 1.077763 -0.487883 -1.517443
-0.031738 0.144897 -0.097290 0.972836 -0.591478 -1.382423
-0.056763 0.153564 -0.123535 0.817310 -0.665513 -1.269241
-0.082031 0.165894 -0.142700 0.641278 -0.710253 -1.163515
-0.108032 0.169922 -0.160767 0.472969 -0.737949 -1.046871
-0.126953 0.179932 -0.167480 0.299867 -0.746738 -0.927031
-0.138184 0.187500 -0.172852 0.108921 -0.729960 -0.806391
-0.138428 0.205933 -0.193604 -0.098269 -0.688682 -0.684953
-0.136597 0.212524 -0.182251 -0.332091 -0.600266 -0.560053
-0.135986 0.210693 -0.163452 -0.571505 -0.494541 -0.438349
-0.145386 0.216919 -0.136597 -0.804261 -0.393342 -0.318242
-0.161499 0.216553 -0.107056 -1.011451 -0.320905 -0.190413
-0.182617 0.227051 -0.078735 -1.165113 -0.303862 -0.054594
-0.191162 0.240723 -0.052979 -1.284687 -0.360053 0.093209
-0.193726 0.235962 -0.036621 -1.380559 -0.475100 0.247936
-0.177246 0.234375 0.002441 -1.475633 -0.637816 0.396538
-0.158203 0.238403 0.044556 -1.586684 -0.845007 0.523835
-0.121338 0.228638 0.095459 -1.709454 -1.071638 0.628762
-0.090698 0.243774 0.138062 -1.826365 -1.279361 0.699334
-0.071045 0.291260 0.180176 -1.954194 -1.400266 0.736085
-0.043457 0.308594 0.228149 -2.096937 -1.403462 0.761651
-0.005859 0.301514 0.285645 -2.228495 -1.334754 0.788549
0.026123 0.321045 0.338135 -2.337151 -1.235952 0.831425
0.058105 0.328979 0.401245 -2.424501 -1.136352 0.921704
0.107788 0.329834 0.465820 -2.492676 -1.080692 1.077763
0.172974 0.349487 0.549316 -2.552597 -1.091611 1.276698
0.257935 0.386353 0.644531 -2.655926 -1.160320 1.484687
0.384766 0.414307 0.740479 -2.847137 -1.194674 1.644208
0.520996 0.419800 0.846069 -3.106258 -1.103595 1.688682
0.625854 0.427490 0.986450 -3.334221 -0.881491 1.577630
0.696289 0.431519 1.153687 -3.443941 -0.614913 1.366445
0.756836 0.409546 1.281616 -3.380826 -0.426365 1.145939
0.784302 0.417847 1.351929 -3.161385 -0.325965 0.932357
0.762451 0.473511 1.442749 -2.885220 -0.277497 0.762184
0.770630 0.512329 1.474487 -2.629560 -0.301198 0.667909
0.756836 0.514526 1.501099 -2.384820 -0.302796 0.630360
0.744507 0.550293 1.531982 -2.165646 -0.295872 0.628229
0.746826 0.557739 1.563232 -1.970173 -0.279627 0.680692
0.777344 0.548340 1.577393 -1.781092 -0.261252 0.764847
0.824585 0.552246 1.575439 -1.571238 -0.226897 0.834621
0.878174 0.560425 1.555054 -1.372037 -0.140080 0.858322
0.912720 0.561890 1.535034 -1.202397 0.016778 0.816245
0.905151 0.565308 1.516724 -1.062051 0.196005 0.713715
0.874756 0.562012 1.494385 -0.921438 0.335819 0.588815
0.836548 0.558960 1.472046 -0.755260 0.384820 0.462583
0.792236 0.559448 1.434082 -0.561917 0.347537 0.347537
0.760254 0.556763 1.382690 -0.363782 0.245007 0.241811
0.733765 0.554932 1.323853 -0.177364 0.132623 0.147537
0.716309 0.540405 1.276733 -0.011718 0.040479 0.077230
0.712646 0.528442 1.215332 0.124634 -0.033822 0.032224
0.707275 0.514771 1.166382 0.232490 -0.066045 0.002929
0.704834 0.494751 1.118042 0.317443 -0.052996 -0.030892
0.698608 0.473022 1.065186 0.377097 -0.004527 -0.083622
0.679077 0.446533 1.019775 0.415712 0.075632 -0.152597
0.653809 0.419067 0.979370 0.435952 0.161119 -0.223702
0.624390 0.384888 0.948608 0.444474 0.226099 -0.276964
0.594116 0.358276 0.926880 0.446338 0.263915 -0.309720
0.561279 0.332275 0.898804 0.455393 0.287350 -0.329694
