-0.060181 0.282837 0.581543 -2.116911 0.818642 0.184021
-0.026001 0.233643 0.659302 -2.364847 0.818376 0.332091
-0.032715 0.217651 0.778320 -2.477497 0.770173 0.385619
-0.013916 0.173950 0.898193 -2.445806 0.601332 0.385353
0.000122 0.169800 0.980347 -2.286019 0.346205 0.337150
0.002441 0.183838 1.034912 -2.057257 0.086551 0.256991
0.019775 0.216797 1.041992 -1.832224 -0.118242 0.187483
0.036377 0.244629 1.050781 -1.689747 -0.206125 0.137150
0.034790 0.269531 1.079224 -1.649534 -0.170439 0.109454
0.011841 0.305176 1.130249 -1.670306 -0.041811 0.117976
-0.001709 0.295532 1.226196 -1.716378 0.098269 0.170972
-0.012573 0.280518 1.347046 -1.737683 0.181358 0.237017
-0.025024 0.265137 1.475586 -1.688415 0.186684 0.298802
-0.013184 0.237061 1.612305 -1.539015 0.120905 0.338216
-0.000366 0.201782 1.728516 -1.276964 0.014115 0.324900
-0.016357 0.170898 1.866089 -0.925166 -0.113981 0.264980
-0.027588 0.142456 1.990723 -0.508921 -0.298802 0.214381
-0.020752 0.146729 2.083008 -0.060985 -0.521172 0.227963
0.008423 0.158081 2.137329 0.376032 -0.697204 0.310519
0.060303 0.174194 2.181152 0.764581 -0.717976 0.432490
0.107178 0.184692 2.220337 1.082024 -0.535020 0.555792
0.112671 0.212158 2.250977 1.353129 -0.223169 0.668442
0.100220 0.239868 2.250977 1.633555 0.102530 0.789614
0.109619 0.255249 2.223999 1.936352 0.356591 0.900666
0.132690 0.252808 2.153564 2.260719 0.509720 0.958988
0.166260 0.235474 2.082764 2.580293 0.569374 0.963782
0.200195 0.228516 1.970703 2.892943 0.553662 0.938748
0.235596 0.219238 1.840576 3.200533 0.506791 0.896671
0.282959 0.214233 1.687256 3.475632 0.482557 0.842876
0.319702 0.225708 1.523926 3.671105 0.516112 0.777097
0.344971 0.236328 1.361084 3.765912 0.621039 0.698535
0.376221 0.235718 1.213135 3.770173 0.772570 0.629294
0.383423 0.237305 1.086670 3.714514 0.943808 0.566711
0.395386 0.239868 0.969360 3.644740 1.064714 0.508921
0.410767 0.223877 0.877441 3.570439 1.096937 0.426897
0.411865 0.212524 0.800659 3.512117 1.012250 0.293209
0.419434 0.215698 0.721924 3.475632 0.804527 0.122237
0.430908 0.233398 0.650757 3.467377 0.530226 -0.062317
0.448120 0.241577 0.573364 3.468176 0.242077 -0.231957
0.471069 0.247314 0.478760 3.457257 -0.001864 -0.392011
0.482422 0.256470 0.390015 3.412250 -0.152064 -0.562716
0.489380 0.270630 0.315186 3.322770 -0.224234 -0.734221
0.498535 0.270386 0.246704 3.201864 -0.258855 -0.889214
0.502319 0.270996 0.175171 3.047936 -0.256724 -1.023435
0.493896 0.273438 0.118530 2.865513 -0.221571 -1.157923
0.466064 0.274048 0.072998 2.655393 -0.171238 -1.300932
0.420166 0.262207 0.027344 2.428762 -0.123302 -1.444740
0.366821 0.251343 -0.004028 2.188282 -0.088415 -1.586951
0.306274 0.244995 -0.029785 1.950200 -0.091611 -1.695340
0.258667 0.241577 -0.038330 1.721438 -0.147270 -1.768309
0.219604 0.228638 -0.050537 1.513449 -0.251664 -1.796804
0.190063 0.228516 -0.064209 1.327031 -0.390945 -1.795473
0.156372 0.234375 -0.065063 1.168575 -0.520639 -1.786152
0.141357 0.222412 -0.086914 1.032756 -0.627164 -1.777364
0.106812 0.223267 -0.100830 0.882823 -0.696671 -1.797337
0.067139 0.229980 -0.118286 0.713449 -0.727563 -1.834354
0.009888 0.215332 -0.111084 0.534221 -0.733688 -1.871638
-0.047363 0.214355 -0.103760 0.384288 -0.766445 -1.889747
-0.109375 0.220337 -0.100220 0.262317 -0.833289 -1.888149
-0.167358 0.222290 -0.106079 0.135819 -0.917976 -1.884687
-0.244019 0.224731 -0.098511 -0.000266 -1.020506 -1.890812
-0.321411 0.226440 -0.082031 -0.132091 -1.147803 -1.895339
-0.404297 0.233276 -0.067505 -0.262583 -1.313449 -1.889481
-0.478882 0.237061 -0.051880 -0.392277 -1.493742 -1.864181
-0.549316 0.251709 -0.031738 -0.543009 -1.673236 -1.825566
-0.611328 0.259644 0.005615 -0.744874 -1.817577 -1.774967
-0.665039 0.268799 0.048096 -0.985886 -1.898003 -1.709454
-0.717285 0.266357 0.112305 -1.247936 -1.902530 -1.621571
-0.770752 0.256714 0.192383 -1.493742 -1.851931 -1.486019
-0.808716 0.246460 0.277588 -1.691877 -1.789081 -1.296671
-0.827515 0.239258 0.355103 -1.837550 -1.730226 -1.065779
-0.847778 0.249512 0.437012 -1.959787 -1.636751 -0.825033
-0.858154 0.259521 0.518921 -2.089747 -1.504128 -0.598668
-0.897217 0.259033 0.616821 -2.218908 -1.327830 -0.429561
-0.955200 0.268066 0.742554 -2.319840 -1.158455 -0.312916
-1.014038 0.267212 0.855225 -2.365113 -1.034354 -0.219973
-1.052856 0.281616 0.940430 -2.320639 -0.976565 -0.082024
-1.085693 0.291016 1.033813 -2.194674 -0.962184 0.154194
-1.053589 0.300537 1.074097 -2.029827 -0.961119 0.497736
-0.974731 0.302734 1.095093 -1.896937 -0.890812 0.912650
-0.904053 0.326904 1.117432 -1.850067 -0.707324 1.324634
-0.847168 0.368286 1.162598 -1.885220 -0.448469 1.702796
-0.794922 0.409668 1.229980 -1.948602 -0.166178 2.021837
-0.734253 0.437134 1.305420 -1.981092 0.091345 2.247137
-0.665283 0.468506 1.374512 -1.929960 0.276165 2.393076
-0.576660 0.487915 1.435791 -1.786418 0.387217 2.496938
-0.483398 0.503418 1.482910 -1.575499 0.434887 2.556059
-0.381714 0.523315 1.530518 -1.343009 0.417577 2.598402
-0.270142 0.585815 1.588257 -1.117976 0.345406 2.665246
-0.150513 0.628052 1.636353 -0.894274 0.269507 2.767510
-0.025146 0.665161 1.679321 -0.647403 0.236218 2.845007
0.107666 0.726685 1.733521 -0.372570 0.287883 2.864714
0.256714 0.760132 1.715942 -0.092144 0.392277 2.831957
0.389160 0.750122 1.703125 0.174700 0.556059 2.702796
0.484009 0.779297 1.667725 0.442344 0.733688 2.497204
0.551147 0.780884 1.604858 0.693742 0.893475 2.271105
0.593750 0.775024 1.510620 0.925699 0.981092 2.037550
0.623291 0.764038 1.409302 1.124101 1.023435 1.781891
0.637573 0.743164 1.293823 1.288149 1.028495 1.513981
0.650635 0.722900 1.173340 1.421838 0.989081 1.262583
0.651489 0.705688 1.042725 1.527031 0.940346 1.027963
0.647583 0.685547 0.912476 1.594940 0.894807 0.814381
0.649414 0.669189 0.792847 1.616511 0.860985 0.643675
0.651978 0.643066 0.683838 1.580559 0.846871 0.499867
0.641724 0.610596 0.577271 1.495872 0.859920 0.349933
0.615601 0.573364 0.491699 1.370706 0.888682 0.171505
0.573730 0.546753 0.418091 1.224234 0.894807 -0.028762
0.526489 0.510498 0.355835 1.075366 0.860453 -0.226897
0.463135 0.475098 0.307861 0.942743 0.766178 -0.388815
0.408936 0.440186 0.264648 0.835952 0.601332 -0.503063
0.366333 0.403564 0.222778 0.742210 0.376831 -0.578961
0.336304 0.383911 0.169800 0.665513 0.141678 -0.625300
0.316284 0.376465 0.120361 0.573369 -0.073502 -0.654594
0.309814 0.374878 0.078613 0.456192 -0.259920 -0.646871
0.313599 0.363770 0.048462 0.299867 -0.416245 -0.614913
0.332764 0.352051 0.017700 0.116911 -0.541678 -0.586951
0.354736 0.335571 -0.006958 -0.097736 -0.627164 -0.594674
0.367432 0.322754 -0.022583 -0.344607 -0.667377 -0.655393
0.364624 0.319458 -0.024658 -0.607190 -0.670839 -0.762716
0.349487 0.320435 -0.011108 -0.864447 -0.659121 -0.882557
0.336914 0.334473 0.002197 -1.098003 -0.666844 -0.975766
0.336670 0.363892 0.018433 -1.310786 -0.712916 -1.029028
0.337646 0.378174 0.044800 -1.521704 -0.789614 -1.074301
0.334961 0.383057 0.093872 -1.751531 -0.900399 -1.164581
0.326172 0.389160 0.157227 -1.970706 -1.073768 -1.316911
0.298828 0.390259 0.234497 -2.145672 -1.307590 -1.531824
0.271606 0.358154 0.354980 -2.260186 -1.603462 -1.805859
0.249512 0.299561 0.459229 -2.317710 -1.996272 -2.124634
0.209473 0.271851 0.568970 -2.362716 -2.401598 -2.434354
0.133545 0.259644 0.684204 -2.415712 -2.753396 -2.656991
0.041504 0.282593 0.774780 -2.454594 -3.033023 -2.784288
-0.008545 0.269531 0.860718 -2.483888 -3.189348 -2.812783
-0.047974 0.259155 0.951050 -2.517443 -3.200000 -2.763782
-0.066650 0.219360 1.053589 -2.577363 -3.064181 -2.669241
-0.058838 0.169678 1.181519 -2.716911 -2.817577 -2.564847
-0.072144 0.133423 1.291992 -2.886551 -2.490812 -2.419441
-0.085205 0.090576 1.392822 -2.991212 -2.098802 -2.219441
-0.121338 0.052002 1.489380 -3.001065 -1.661518 -2.002131
-0.163086 0.005493 1.605957 -2.875633 -1.268708 -1.773901
-0.194580 -0.022705 1.688232 -2.638349 -1.051664 -1.561917
-0.206665 -0.030518 1.737183 -2.312383 -1.003196 -1.394940
-0.201782 -0.021606 1.738037 -1.952064 -1.063915 -1.284154
-0.189575 0.009888 1.701782 -1.617843 -1.136884 -1.211185
-0.173706 0.051025 1.632935 -1.341145 -1.148336 -1.135819
-0.152710 0.084595 1.551880 -1.160053 -1.040479 -1.041012
-0.135742 0.103149 1.493774 -1.067909 -0.814913 -0.909454
-0.112671 0.103638 1.457153 -1.050067 -0.527563 -0.760852
-0.113892 0.093994 1.435425 -1.092144 -0.229561 -0.625300
-0.114258 0.079712 1.428955 -1.142477 0.033822 -0.524634
-0.113037 0.053955 1.432129 -1.179228 0.259121 -0.454594
