0.017212 0.918335 0.371826 -0.237284 -0.242610 -0.063116
0.035278 0.897705 0.355225 -0.335286 -0.295073 -0.079893
0.015381 0.903076 0.370361 -0.357124 -0.263382 -0.115313
0.011719 0.895508 0.398315 -0.327297 -0.213049 -0.120639
0.011230 0.882446 0.403076 -0.250866 -0.163782 -0.099068
0.014282 0.883057 0.403687 -0.156059 -0.119574 -0.057790
0.028076 0.871216 0.391724 -0.075632 -0.083356 -0.018109
0.032837 0.860962 0.382202 -0.027430 -0.036485 -0.002130
0.037109 0.842529 0.372070 -0.009055 -0.004261 -0.006658
0.028931 0.834595 0.357056 -0.014381 -0.008788 -0.014381
0.026978 0.819092 0.348389 -0.041545 -0.027696 -0.025566
0.026245 0.801147 0.337891 -0.071904 -0.055925 -0.039680
0.015869 0.781006 0.333496 -0.093209 -0.083888 -0.049268
0.013794 0.754883 0.332520 -0.096937 -0.114514 -0.046605
0.021606 0.718628 0.310303 -0.087617 -0.138748 -0.032490
0.023071 0.681030 0.286987 -0.076964 -0.140613 -0.013582
0.026611 0.630493 0.250610 -0.074301 -0.120639 0.005326
0.029053 0.575806 0.205933 -0.090546 -0.076698 0.016511
0.027954 0.515869 0.167603 -0.153129 -0.005060 0.010120
-0.006226 0.470581 0.121826 -0.258056 0.080426 -0.010386
-0.072754 0.473267 0.096191 -0.389614 0.143009 -0.025033
-0.150513 0.494019 0.075317 -0.511585 0.134221 0.000266
-0.196899 0.494507 0.053955 -0.583489 0.029561 0.085220
-0.208130 0.481934 0.031128 -0.601332 -0.173901 0.215712
-0.189087 0.461914 0.004150 -0.590945 -0.419174 0.367776
-0.154053 0.433105 -0.021484 -0.570439 -0.678828 0.523569
-0.104736 0.399292 -0.061523 -0.557656 -0.924101 0.656192
-0.046753 0.366699 -0.092529 -0.590413 -1.121704 0.740613
0.003296 0.333008 -0.136475 -0.720905 -1.222636 0.764314
0.021851 0.317383 -0.165771 -0.978162 -1.187750 0.726764
0.007202 0.312500 -0.149414 -1.357124 -1.024501 0.657523
-0.022095 0.302734 -0.083374 -1.789614 -0.804527 0.614647
-0.064453 0.287231 0.009888 -2.164581 -0.618109 0.640213
-0.100708 0.270996 0.120605 -2.409587 -0.558988 0.755526
-0.099121 0.280396 0.213257 -2.512117 -0.667111 0.954993
-0.063721 0.291382 0.269775 -2.473768 -0.889214 1.213848
0.011597 0.322388 0.313721 -2.392810 -1.127031 1.455127
0.085693 0.377563 0.356812 -2.394940 -1.294807 1.590945
0.159302 0.417603 0.429321 -2.524900 -1.334221 1.622636
0.217529 0.411743 0.554321 -2.726232 -1.291611 1.605592
0.279541 0.409790 0.706787 -2.909987 -1.270040 1.601332
0.353149 0.394287 0.886719 -2.994940 -1.327297 1.688415
0.440063 0.407349 1.025757 -2.956059 -1.491611 1.889214
0.567505 0.450439 1.125000 -2.817044 -1.694274 2.121438
0.702271 0.492310 1.187622 -2.622637 -1.783222 2.279893
0.815186 0.558838 1.232788 -2.461518 -1.697736 2.257257
0.906006 0.629761 1.280640 -2.379494 -1.461784 2.018642
0.946899 0.689819 1.351929 -2.349667 -1.148868 1.638615
0.969238 0.754761 1.446411 -2.321438 -0.874035 1.278562
0.987915 0.793823 1.511475 -2.226365 -0.713715 1.043142
1.016357 0.812622 1.557739 -2.039680 -0.647670 0.915313
1.053955 0.851074 1.593262 -1.803728 -0.613049 0.821571
1.074097 0.905029 1.616577 -1.564048 -0.556591 0.705459
1.076538 0.971924 1.610229 -1.320107 -0.431425 0.537949
1.042603 1.012695 1.617310 -1.095073 -0.244474 0.356059
0.995361 1.051392 1.600098 -0.885486 -0.052996 0.205326
0.957642 1.068970 1.593506 -0.675899 0.118509 0.140613
0.944824 1.075439 1.577271 -0.463116 0.223968 0.149933
0.962158 1.084595 1.561646 -0.280959 0.252197 0.192810
1.000366 1.068237 1.548828 -0.138482 0.255393 0.207190
1.030029 1.035400 1.560669 -0.024234 0.273236 0.162983
1.039673 0.996094 1.593262 0.107590 0.279095 0.068708
1.043579 0.957397 1.605835 0.308655 0.238349 -0.059920
1.041870 0.922119 1.591064 0.570972 0.171771 -0.205593
1.043457 0.895020 1.544189 0.862051 0.116112 -0.363782
1.040161 0.864868 1.483765 1.161651 0.089747 -0.532357
1.032471 0.823486 1.405518 1.450067 0.082823 -0.704128
1.008057 0.798950 1.330933 1.702264 0.088415 -0.872170
0.977051 0.757080 1.231201 1.915579 0.107590 -1.023169
0.950806 0.717407 1.134888 2.051664 0.132623 -1.177097
0.905762 0.691406 1.042847 2.137417 0.202929 -1.313981
0.854248 0.639893 0.960571 2.170173 0.299601 -1.439414
0.791870 0.590454 0.888184 2.166977 0.388815 -1.561385
0.725952 0.545776 0.827393 2.167776 0.461252 -1.659654
0.654663 0.508545 0.750244 2.180293 0.499867 -1.727297
0.584961 0.467896 0.673828 2.200000 0.524368 -1.774168
0.523804 0.429688 0.588501 2.216245 0.547803 -1.812517
0.457642 0.393066 0.500977 2.214381 0.586418 -1.847137
0.386475 0.364258 0.413086 2.184820 0.633289 -1.875366
0.322998 0.331665 0.337769 2.118775 0.682024 -1.891079
0.255737 0.299438 0.272095 2.007723 0.719574 -1.876964
0.201538 0.263184 0.218872 1.862317 0.732091 -1.829294
0.147827 0.237183 0.171875 1.683089 0.699068 -1.761917
0.100220 0.208374 0.137573 1.485752 0.621039 -1.678562
0.060181 0.185669 0.097656 1.293209 0.505726 -1.588549
0.016846 0.157837 0.074829 1.116911 0.364048 -1.482557
-0.017090 0.134155 0.051636 0.973901 0.186418 -1.368043
-0.049316 0.118286 0.027832 0.871105 -0.002397 -1.255925
-0.077271 0.110229 0.004517 0.798402 -0.192277 -1.154993
-0.104126 0.094849 -0.011841 0.731025 -0.376298 -1.061784
-0.128784 0.082153 -0.038452 0.663382 -0.554194 -0.969640
-0.152466 0.074707 -0.064331 0.593608 -0.727297 -0.873236
-0.173462 0.080200 -0.080444 0.521971 -0.891611 -0.757656
-0.189941 0.081299 -0.092651 0.450333 -1.049001 -0.620772
-0.202393 0.099487 -0.104980 0.385885 -1.197870 -0.466578
-0.211060 0.123535 -0.126831 0.318509 -1.339015 -0.288948
-0.204590 0.155273 -0.145630 0.223435 -1.450333 -0.094807
-0.185547 0.181519 -0.158569 0.066045 -1.512916 0.102530
-0.164795 0.208984 -0.156128 -0.177630 -1.509188 0.294541
-0.145020 0.233154 -0.145874 -0.511851 -1.424767 0.476964
-0.137695 0.264160 -0.114624 -0.915047 -1.279361 0.649268
-0.116943 0.284302 -0.058472 -1.339547 -1.105193 0.801598
-0.077881 0.292725 0.002563 -1.707590 -0.932889 0.919308
-0.026978 0.315063 0.068115 -1.997337 -0.769108 0.987483
0.012695 0.340210 0.130737 -2.222903 -0.637816 1.013316
0.030884 0.370239 0.186768 -2.379760 -0.562450 1.019973
0.029785 0.405151 0.270752 -2.482290 -0.567244 1.027430
0.043213 0.412476 0.374390 -2.558988 -0.688149 1.065779
0.079468 0.410156 0.483398 -2.650599 -0.920107 1.135286
0.144653 0.416382 0.590454 -2.775499 -1.207190 1.207457
0.231445 0.426392 0.698730 -2.921172 -1.473768 1.266045
0.334595 0.425049 0.806641 -3.049268 -1.646072 1.296671
0.431885 0.429810 0.906006 -3.109720 -1.705992 1.314780
0.512329 0.464478 0.998657 -3.062317 -1.627963 1.335286
0.592651 0.490601 1.094360 -2.925166 -1.409854 1.363515
0.687378 0.507813 1.157349 -2.733688 -1.095872 1.382157
0.753052 0.545532 1.223755 -2.550732 -0.716911 1.352597
0.794067 0.597778 1.267700 -2.457790 -0.311318 1.253795
0.792114 0.647339 1.327515 -2.465779 0.082823 1.103063
0.755615 0.671875 1.410889 -2.506525 0.360053 0.958189
0.718262 0.671875 1.509033 -2.454594 0.441811 0.857257
0.702637 0.664673 1.587891 -2.230626 0.327830 0.816511
0.720947 0.658569 1.624390 -1.849268 0.106258 0.820772
0.768188 0.664063 1.605713 -1.397337 -0.131558 0.837816
0.817871 0.686523 1.547607 -0.978695 -0.273768 0.834887
0.859497 0.712646 1.475952 -0.680959 -0.269241 0.776032
0.882568 0.724487 1.413818 -0.524101 -0.127031 0.668442
0.874634 0.724854 1.364014 -0.467377 0.099867 0.531025
0.846436 0.722778 1.330811 -0.459387 0.355792 0.382690
0.806396 0.706543 1.315674 -0.456991 0.584820 0.251132
0.758911 0.670288 1.303589 -0.426631 0.745140 0.139281
0.705078 0.636597 1.308716 -0.339015 0.793342 0.031158
0.660400 0.589600 1.301758 -0.173103 0.695872 -0.064714
0.616699 0.553589 1.280640 0.066312 0.480426 -0.145672
0.603271 0.532959 1.227539 0.345939 0.221305 -0.211984
0.597778 0.514526 1.165527 0.601598 0.013848 -0.263116
0.600342 0.493042 1.101563 0.792277 -0.095340 -0.309720
0.616577 0.468628 1.044434 0.902264 -0.093209 -0.360320
0.628052 0.452515 0.995483 0.911851 0.022370 -0.415979
0.620483 0.436890 0.958130 0.833555 0.230626 -0.469507
0.591919 0.418701 0.950806 0.716911 0.486285 -0.510519
0.546753 0.389526 0.965332 0.625033 0.709454 -0.533955
0.496582 0.359375 0.988892 0.609321 0.837284 -0.543542
0.463379 0.333374 0.986450 0.674035 0.859121 -0.555260
0.437012 0.312378 0.985474 0.774434 0.810120 -0.575499
0.413208 0.300903 0.981201 0.888415 0.724900 -0.602397
0.397217 0.282471 0.958984 0.988282 0.631691 -0.636218
0.378906 0.293701 0.939087 1.075632 0.569108 -0.677230
0.358032 0.299316 0.901245 1.141678 0.569907 -0.702796
0.350098 0.287720 0.863403 1.146738 0.638615 -0.687883
