0.805542 0.524414 0.542236 -0.671105 -0.041545 0.867909
0.843140 0.512573 0.613892 -0.623169 -0.132623 0.859121
0.891357 0.566162 0.700928 -0.425033 -0.313182 0.817044
0.956421 0.638794 0.718384 -0.175499 -0.559787 0.765113
1.016968 0.728149 0.746338 0.050866 -0.774700 0.708921
1.129395 0.808105 0.770264 0.214647 -0.911851 0.662850
1.242798 0.894775 0.809814 0.322770 -0.941145 0.601864
1.369751 0.934448 0.850586 0.421838 -0.895606 0.539547
1.512085 0.963257 0.899658 0.545672 -0.794407 0.457257
1.639038 0.970947 0.944092 0.716911 -0.654594 0.324368
1.731812 0.961548 0.973511 0.930759 -0.513182 0.125965
1.779907 0.964600 0.982422 1.151798 -0.408522 -0.111585
1.769531 0.965698 0.979492 1.351265 -0.352597 -0.374967
1.722290 0.949829 0.965332 1.529694 -0.371771 -0.643675
1.656860 0.908691 0.954224 1.704660 -0.468708 -0.906258
1.577393 0.878540 0.923218 1.896671 -0.614913 -1.169108
1.491455 0.845703 0.872070 2.095872 -0.752597 -1.407190
1.411743 0.806641 0.792358 2.286019 -0.854860 -1.592011
1.350830 0.769531 0.699829 2.443675 -0.896671 -1.726764
1.308472 0.703369 0.599609 2.524634 -0.864447 -1.813049
1.267090 0.640381 0.501099 2.552597 -0.784554 -1.882557
1.209229 0.610352 0.413330 2.540612 -0.667909 -1.937949
1.160522 0.577637 0.340576 2.495872 -0.545672 -1.975233
1.106934 0.540527 0.271606 2.420240 -0.449800 -2.007457
1.036255 0.524658 0.240967 2.323036 -0.424767 -2.057790
0.978027 0.487915 0.209717 2.199201 -0.497470 -2.120639
0.938843 0.441650 0.172119 2.092144 -0.662583 -2.194940
0.913330 0.396606 0.126831 2.026897 -0.866312 -2.276431
0.918945 0.354980 0.047363 1.965646 -1.050333 -2.345939
0.929199 0.318115 -0.035767 1.876431 -1.144607 -2.378961
0.928955 0.269287 -0.108154 1.720905 -1.134221 -2.405326
0.904785 0.236450 -0.149902 1.492144 -1.043409 -2.464714
0.846558 0.210693 -0.181519 1.238083 -0.912117 -2.550732
0.771973 0.180176 -0.195801 0.993076 -0.777896 -2.647670
0.685791 0.131836 -0.199585 0.788815 -0.703595 -2.741944
0.602783 0.091675 -0.212891 0.631691 -0.736884 -2.818376
0.540771 0.050659 -0.235962 0.532623 -0.867110 -2.851398
0.490601 0.009766 -0.275391 0.460985 -1.036751 -2.850333
0.445801 -0.027954 -0.308960 0.378429 -1.190146 -2.826365
0.401855 -0.046753 -0.348755 0.277763 -1.298802 -2.770173
0.358521 -0.065796 -0.362183 0.138482 -1.356325 -2.689481
0.305298 -0.072266 -0.365723 -0.049268 -1.375766 -2.597869
0.244385 -0.069946 -0.354736 -0.263116 -1.352330 -2.496405
0.186279 -0.076050 -0.343994 -0.484154 -1.310253 -2.380826
0.105225 -0.061157 -0.300903 -0.670040 -1.262317 -2.255925
0.036987 -0.047485 -0.277588 -0.765646 -1.214913 -2.098269
-0.033203 -0.022461 -0.275269 -0.807723 -1.226099 -1.910519
-0.092529 0.010620 -0.272705 -0.818376 -1.273768 -1.704128
-0.139648 0.036743 -0.271362 -0.822370 -1.358189 -1.472703
-0.177124 0.062500 -0.272705 -0.841811 -1.457790 -1.233023
-0.209961 0.102295 -0.279297 -0.903063 -1.543276 -1.000533
-0.241211 0.135254 -0.279175 -1.010919 -1.593875 -0.766977
-0.274170 0.176147 -0.255737 -1.168043 -1.592543 -0.536884
-0.302124 0.204590 -0.221069 -1.362983 -1.563782 -0.309720
-0.329224 0.232056 -0.183472 -1.575499 -1.526764 -0.089481
-0.359131 0.261719 -0.129517 -1.782157 -1.494274 0.123302
-0.380615 0.279541 -0.067993 -1.959521 -1.486019 0.328096
-0.395264 0.291748 -0.003784 -2.102530 -1.504394 0.531558
-0.392334 0.309204 0.065674 -2.237816 -1.532091 0.750466
-0.383301 0.338379 0.137695 -2.419174 -1.511851 0.994141
-0.387085 0.375977 0.278564 -2.664714 -1.391478 1.247404
-0.389404 0.433472 0.450684 -2.904660 -1.260719 1.495073
-0.369995 0.492920 0.610474 -3.081491 -1.151265 1.717177
-0.290527 0.535889 0.767700 -3.154993 -1.036751 1.889747
-0.164307 0.556030 0.910889 -3.070839 -0.893209 1.972304
-0.022339 0.596191 0.999878 -2.821039 -0.666578 1.938748
0.078003 0.660278 1.021118 -2.506525 -0.325699 1.818908
0.117188 0.753906 1.024536 -2.261518 0.140613 1.686551
0.112305 0.822510 1.031128 -2.144874 0.668708 1.622104
0.084595 0.858643 1.042847 -2.115579 1.161385 1.666844
0.053345 0.893921 1.093628 -2.113981 1.535286 1.809587
0.058594 0.909180 1.167725 -2.083089 1.718775 2.010386
0.105225 0.965210 1.256348 -1.970173 1.692144 2.213049
0.202271 1.003540 1.300659 -1.753129 1.512916 2.403462
0.335449 1.042236 1.346191 -1.457523 1.304394 2.525433
0.479980 1.073730 1.353882 -1.140346 1.157390 2.566977
0.615234 1.093994 1.357666 -0.864714 1.132091 2.524900
0.723755 1.112549 1.368164 -0.657257 1.241012 2.410919
0.800415 1.119385 1.374023 -0.483356 1.405326 2.280959
0.871216 1.147461 1.368774 -0.303595 1.570173 2.185353
0.945190 1.148560 1.344238 -0.093742 1.729161 2.164314
1.022705 1.135132 1.302734 0.141944 1.876431 2.177896
1.088135 1.103394 1.268677 0.381092 1.990945 2.183755
1.141479 1.056885 1.238281 0.598668 2.030360 2.146205
1.193726 1.017944 1.207520 0.801065 1.982956 2.034354
1.227905 0.995850 1.157471 1.016511 1.854328 1.849800
1.247192 0.968018 1.104736 1.244208 1.681758 1.607723
1.263672 0.947510 1.038208 1.475366 1.496138 1.347537
1.276123 0.924316 0.927246 1.704660 1.321704 1.110253
1.286743 0.898560 0.821167 1.878562 1.200000 0.880160
1.283936 0.870605 0.718872 1.949401 1.157390 0.630626
1.267822 0.834106 0.630005 1.929161 1.199467 0.368575
1.243530 0.810669 0.547363 1.863915 1.298269 0.123835
1.217773 0.770508 0.487427 1.809854 1.408788 -0.050333
1.193359 0.727661 0.429077 1.778961 1.476165 -0.168575
1.151855 0.690552 0.374023 1.747004 1.470040 -0.282823
1.105713 0.654541 0.329712 1.702796 1.385885 -0.415446
1.038452 0.612549 0.285767 1.650333 1.219973 -0.578695
0.957520 0.577148 0.259521 1.601065 0.979228 -0.749667
0.875000 0.537109 0.225098 1.566178 0.687617 -0.898003
0.799561 0.508789 0.176270 1.544607 0.385885 -1.008256
0.740356 0.478394 0.122559 1.516378 0.133688 -1.082024
0.682007 0.457031 0.077759 1.461518 -0.024501 -1.116911
0.630859 0.437012 0.031006 1.372570 -0.095606 -1.113981
0.576782 0.417725 -0.021729 1.240746 -0.098802 -1.087617
0.529297 0.396118 -0.052124 1.050599 -0.050866 -1.045806
0.474609 0.373901 -0.088013 0.837550 0.023435 -0.981092
0.428223 0.349976 -0.104126 0.619973 0.091345 -0.892676
0.386353 0.332275 -0.112793 0.426631 0.129960 -0.793875
0.348145 0.323486 -0.139526 0.251132 0.144341 -0.702796
0.318237 0.308960 -0.151123 0.082024 0.139281 -0.620506
0.291504 0.308960 -0.173584 -0.094274 0.125166 -0.545406
0.273560 0.316284 -0.188110 -0.285752 0.131292 -0.474035
0.270386 0.320923 -0.191528 -0.495872 0.165379 -0.419174
0.262207 0.320923 -0.181152 -0.716112 0.209587 -0.384820
0.263794 0.331421 -0.171997 -0.928096 0.230360 -0.360852
0.266846 0.337891 -0.148926 -1.130493 0.226365 -0.357390
0.266602 0.346436 -0.136719 -1.334221 0.185087 -0.362450
0.271851 0.354736 -0.104614 -1.529161 0.100932 -0.366977
0.269897 0.364746 -0.075684 -1.716112 -0.031158 -0.376831
0.271484 0.378296 -0.033813 -1.891345 -0.194674 -0.398935
0.280640 0.400024 0.006348 -2.042876 -0.382423 -0.433023
0.295288 0.431152 0.044434 -2.175499 -0.571771 -0.482823
0.308228 0.452148 0.074707 -2.289747 -0.742477 -0.541411
0.327759 0.468262 0.089600 -2.391212 -0.884421 -0.611718
0.344849 0.465698 0.116821 -2.503861 -0.986951 -0.698535
0.350220 0.462280 0.135864 -2.638881 -1.054328 -0.796272
0.337769 0.453369 0.186646 -2.807723 -1.088948 -0.863116
0.309692 0.437744 0.260498 -3.002663 -1.136884 -0.845539
0.286743 0.424438 0.353516 -3.202397 -1.250599 -0.725166
0.277222 0.433350 0.431885 -3.367510 -1.427430 -0.541944
0.283691 0.460205 0.496704 -3.485486 -1.607989 -0.349401
0.304688 0.470581 0.563354 -3.578961 -1.720373 -0.200000
0.340698 0.452515 0.650269 -3.655393 -1.757124 -0.118242
0.373657 0.408447 0.786011 -3.681491 -1.744075 -0.100399
0.422607 0.353394 0.909302 -3.633821 -1.762450 -0.120373
0.446045 0.318726 1.014526 -3.517710 -1.833822 -0.158988
0.443848 0.320801 1.113403 -3.350466 -1.962450 -0.174700
0.439697 0.339600 1.195190 -3.147004 -2.120106 -0.131558
0.455078 0.359375 1.240845 -2.933156 -2.283888 -0.042610
0.513184 0.364380 1.279419 -2.755792 -2.368043 0.060453
0.573242 0.368652 1.309448 -2.622370 -2.322237 0.142743
0.637939 0.377197 1.327393 -2.547004 -2.099334 0.182157
0.680664 0.358887 1.362671 -2.525167 -1.700133 0.182423
0.711304 0.325684 1.423340 -2.550999 -1.192543 0.156325
0.702759 0.284302 1.509399 -2.578429 -0.688948 0.118242
0.661377 0.259521 1.581299 -2.513449 -0.292144 0.070573
0.595581 0.261719 1.640381 -2.284421 -0.048469 0.039414
0.553833 0.262451 1.677490 -1.938482 0.009587 0.063648
0.530396 0.274292 1.657104 -1.556591 -0.077497 0.125166
