0.144287 0.446899 0.549805 -0.241012 -0.151265 0.374168
0.174438 0.344727 0.511719 -0.370439 -0.203995 0.532357
0.189819 0.345825 0.508667 -0.463116 -0.199734 0.649001
0.193115 0.315552 0.482422 -0.549933 -0.161651 0.668708
0.199219 0.286011 0.457397 -0.649268 -0.095340 0.636485
0.188354 0.286377 0.454468 -0.754461 -0.049268 0.578961
0.173096 0.293579 0.453491 -0.831691 -0.029561 0.541145
0.171997 0.317627 0.436768 -0.896671 -0.037550 0.558988
0.188354 0.335083 0.427612 -0.976831 -0.029294 0.629827
0.209351 0.351563 0.439209 -1.084421 0.006125 0.719574
0.248413 0.360474 0.470703 -1.223435 0.054328 0.807190
0.284790 0.367554 0.521606 -1.389348 0.114780 0.863648
0.318237 0.364014 0.614502 -1.554461 0.166178 0.841811
0.327881 0.359009 0.705811 -1.681491 0.172037 0.757124
0.314941 0.366821 0.802734 -1.725699 0.129427 0.661518
0.312134 0.379761 0.865112 -1.691877 0.015180 0.613848
0.311035 0.389526 0.919067 -1.617577 -0.128628 0.629028
0.338257 0.405396 0.961670 -1.521438 -0.272969 0.672437
0.369019 0.402954 1.017212 -1.445007 -0.364314 0.717177
0.412354 0.410278 1.076294 -1.400266 -0.410919 0.741145
0.449219 0.421265 1.131104 -1.347803 -0.401332 0.747537
0.486572 0.451660 1.188232 -1.270839 -0.340080 0.748602
0.523682 0.464844 1.245972 -1.190413 -0.252197 0.764314
0.564331 0.466919 1.299927 -1.102530 -0.177630 0.785353
0.602417 0.474487 1.385498 -1.004261 -0.135286 0.801065
0.671875 0.477905 1.488037 -0.894274 -0.157656 0.819174
0.732910 0.481689 1.613159 -0.740879 -0.235419 0.825033
0.807007 0.497803 1.719116 -0.508389 -0.374434 0.798136
0.894653 0.515503 1.809692 -0.194141 -0.521704 0.716911
0.968140 0.541138 1.871216 0.161917 -0.624767 0.558988
1.005859 0.553711 1.921875 0.521438 -0.649268 0.344075
1.018433 0.553467 1.942871 0.876165 -0.627963 0.123036
1.016846 0.546387 1.949707 1.226099 -0.588815 -0.067377
1.002930 0.535889 1.919434 1.572836 -0.553395 -0.210120
0.992676 0.539063 1.872070 1.904128 -0.526232 -0.303063
0.985962 0.535767 1.800781 2.211185 -0.498802 -0.368309
0.968262 0.537720 1.713989 2.481491 -0.450333 -0.447137
0.950806 0.517578 1.631104 2.702796 -0.387750 -0.549933
0.918701 0.487183 1.553833 2.874301 -0.351265 -0.666844
0.890747 0.467163 1.472290 3.018375 -0.360586 -0.783222
0.858276 0.456055 1.376953 3.143009 -0.398136 -0.893742
0.826538 0.439941 1.281372 3.244474 -0.441545 -1.001598
0.790894 0.427612 1.188721 3.315313 -0.469507 -1.116378
0.752441 0.415039 1.108765 3.354727 -0.476964 -1.232756
0.707275 0.412231 1.024780 3.376831 -0.478296 -1.340080
0.664429 0.416138 0.944946 3.377896 -0.471105 -1.428762
0.635132 0.418579 0.872559 3.369641 -0.453795 -1.485220
0.616455 0.400635 0.800415 3.353129 -0.414381 -1.516112
0.599609 0.387085 0.722656 3.321704 -0.341678 -1.558189
0.571411 0.374268 0.647461 3.262051 -0.223169 -1.615712
0.546875 0.338013 0.575928 3.196272 -0.082557 -1.647670
0.517212 0.317139 0.512207 3.134221 0.062051 -1.660186
0.486328 0.301514 0.438721 3.080160 0.176831 -1.638349
0.464966 0.281250 0.364258 3.019441 0.246871 -1.574967
0.443848 0.268799 0.279907 2.934487 0.284953 -1.509720
0.424194 0.259033 0.204712 2.819175 0.315579 -1.462583
0.401367 0.254272 0.134644 2.682024 0.319840 -1.427963
0.401001 0.232300 0.076416 2.525965 0.290812 -1.404794
0.416138 0.218872 0.018433 2.356325 0.231957 -1.381092
0.446655 0.207886 -0.039429 2.189614 0.152863 -1.334487
0.489380 0.192261 -0.099976 2.022370 0.064181 -1.289747
0.523682 0.185303 -0.166748 1.823169 -0.001065 -1.293742
0.528809 0.181274 -0.217651 1.554993 -0.006125 -1.396272
0.500488 0.186646 -0.237671 1.235153 0.042077 -1.577097
0.442261 0.198730 -0.217773 0.920905 0.080160 -1.756325
0.384033 0.185547 -0.191528 0.687350 0.037017 -1.871904
0.338867 0.188232 -0.179565 0.570439 -0.126232 -1.912383
0.311646 0.188965 -0.189697 0.552064 -0.368575 -1.873768
0.290161 0.201416 -0.222290 0.583489 -0.628229 -1.791744
0.269287 0.224365 -0.277100 0.603728 -0.857523 -1.708921
0.251465 0.256592 -0.342163 0.568575 -1.030360 -1.645806
0.210571 0.293091 -0.390625 0.451132 -1.099334 -1.612517
0.164673 0.300903 -0.422974 0.242344 -1.109720 -1.598935
0.102783 0.293945 -0.423828 -0.007723 -1.112916 -1.603196
0.019409 0.288208 -0.398804 -0.260719 -1.154461 -1.623968
-0.083008 0.278564 -0.374146 -0.498802 -1.262051 -1.652996
-0.180298 0.266724 -0.335449 -0.718242 -1.437816 -1.686019
-0.286865 0.266968 -0.285767 -0.917976 -1.660453 -1.690546
-0.394409 0.276489 -0.218872 -1.095606 -1.932623 -1.628495
-0.474487 0.305420 -0.166382 -1.234620 -2.228495 -1.497736
-0.528442 0.325562 -0.120239 -1.333688 -2.493475 -1.292410
-0.551147 0.350586 -0.075439 -1.427963 -2.664181 -1.049268
-0.576660 0.378174 -0.023804 -1.570439 -2.712916 -0.806924
-0.580078 0.385132 0.039307 -1.757923 -2.663648 -0.565113
-0.604492 0.396729 0.113403 -1.958455 -2.561918 -0.337150
-0.610352 0.407837 0.218750 -2.147537 -2.490546 -0.107324
-0.590820 0.402100 0.323975 -2.309454 -2.495872 0.142743
-0.549805 0.432495 0.436157 -2.424501 -2.536618 0.392277
-0.487793 0.463135 0.529297 -2.467643 -2.547004 0.628495
-0.420166 0.512085 0.623047 -2.456991 -2.440479 0.818908
-0.375977 0.562134 0.733154 -2.462051 -2.177364 0.960053
-0.349243 0.596436 0.863647 -2.483089 -1.791744 1.086818
-0.345947 0.638794 0.988281 -2.481758 -1.360053 1.226365
-0.334961 0.663696 1.111450 -2.430093 -0.942477 1.394408
-0.319092 0.672852 1.216797 -2.295872 -0.578429 1.586684
-0.264893 0.672852 1.292358 -2.091611 -0.290812 1.800266
-0.185669 0.658813 1.346069 -1.855127 -0.072969 2.017843
-0.096802 0.650757 1.389648 -1.649001 0.115313 2.205593
-0.024292 0.651978 1.438477 -1.512650 0.299601 2.346471
0.029663 0.678589 1.492310 -1.425566 0.484953 2.438615
0.075684 0.694946 1.548462 -1.337417 0.656192 2.493742
0.120239 0.712280 1.598389 -1.188815 0.810652 2.518509
0.167603 0.715088 1.608643 -0.951265 0.933955 2.543009
0.221069 0.719849 1.593384 -0.643142 1.022637 2.597869
0.293701 0.725220 1.548706 -0.301731 1.086551 2.678296
0.379639 0.737549 1.491577 0.005859 1.137683 2.774967
0.486816 0.775146 1.439453 0.251931 1.196272 2.891611
0.608398 0.789917 1.410889 0.434354 1.276964 2.999201
0.741333 0.809448 1.381836 0.586684 1.378163 3.035952
0.859375 0.818604 1.351929 0.735020 1.501465 2.952064
0.954590 0.836670 1.320068 0.888149 1.623702 2.776298
1.075562 0.888916 1.262695 1.071904 1.724634 2.603196
1.215332 0.932617 1.181519 1.261252 1.860453 2.460186
1.340088 0.950928 1.078369 1.392011 2.043143 2.285486
1.406982 0.941040 1.005615 1.426631 2.251132 2.016778
1.397949 0.926880 0.961426 1.397071 2.403462 1.648469
1.351196 0.881714 0.929810 1.373901 2.402131 1.217577
1.263672 0.843628 0.886963 1.422370 2.187483 0.772570
1.176514 0.795532 0.818115 1.548069 1.791478 0.381624
1.104736 0.749146 0.711670 1.694274 1.286019 0.075100
1.044312 0.718750 0.594116 1.819973 0.787483 -0.167776
0.990967 0.683228 0.478271 1.877763 0.405060 -0.376298
0.936768 0.642944 0.356812 1.863648 0.171771 -0.552597
0.878296 0.607178 0.251953 1.785619 0.079361 -0.687617
0.806641 0.570068 0.158447 1.637284 0.101997 -0.793609
0.729736 0.517456 0.093140 1.428495 0.201598 -0.873768
0.646851 0.472046 0.044312 1.180027 0.331292 -0.937417
0.555542 0.425049 0.012329 0.932889 0.443675 -0.966977
0.471313 0.390015 -0.003296 0.721704 0.498003 -0.953129
0.403442 0.360840 -0.032715 0.571771 0.454328 -0.889747
0.361816 0.342163 -0.069824 0.480426 0.303595 -0.779760
0.341187 0.332153 -0.125977 0.403995 0.084421 -0.642876
0.331055 0.329834 -0.169189 0.311851 -0.158988 -0.521704
0.345459 0.333984 -0.219849 0.194407 -0.389348 -0.438349
0.367920 0.325562 -0.261475 0.035419 -0.564048 -0.412783
0.383179 0.317993 -0.289917 -0.170706 -0.676165 -0.462317
0.388306 0.326172 -0.305176 -0.414381 -0.737949 -0.555792
0.389038 0.362793 -0.305542 -0.696405 -0.760586 -0.652197
0.390259 0.380615 -0.294067 -1.010120 -0.763249 -0.742743
0.379395 0.382324 -0.267456 -1.321438 -0.772570 -0.826897
0.359375 0.390503 -0.235718 -1.604261 -0.809321 -0.895073
0.336304 0.404175 -0.200195 -1.855659 -0.887084 -0.924367
0.319458 0.394287 -0.155151 -2.081491 -1.003462 -0.927830
0.300293 0.381592 -0.102051 -2.287084 -1.174434 -0.928362
0.284058 0.354980 -0.026855 -2.480426 -1.386152 -0.912650
0.274048 0.319092 0.067383 -2.643675 -1.690812 -0.870040
0.273193 0.295654 0.170410 -2.763782 -2.110253 -0.818908
0.288208 0.286133 0.283691 -2.839947 -2.619174 -0.765113
0.311401 0.304932 0.380371 -2.888415 -3.154993 -0.719041
0.357788 0.326782 0.447632 -2.934221 -3.613049 -0.675100
