0.025635 0.398682 1.533325 -0.977630 -0.270040 0.277763
0.058228 0.386230 1.619995 -0.950200 -0.316378 0.411185
0.093384 0.399292 1.726563 -0.791744 -0.428762 0.462317
0.102173 0.441772 1.790894 -0.482024 -0.564581 0.493742
0.144531 0.444580 1.833252 -0.096138 -0.632224 0.512650
0.168457 0.451782 1.879395 0.324101 -0.667111 0.508123
0.201660 0.468506 1.927979 0.760053 -0.675899 0.500133
0.232056 0.502563 1.940918 1.182157 -0.587217 0.537417
0.269775 0.533936 1.907593 1.526232 -0.417310 0.603995
0.310547 0.530029 1.869873 1.762983 -0.205859 0.667377
0.335571 0.526733 1.841309 1.943276 0.017044 0.692943
0.332275 0.524536 1.811768 2.110519 0.203728 0.666312
0.328735 0.512451 1.769897 2.296671 0.306258 0.612250
0.328735 0.488647 1.711792 2.499867 0.335286 0.552597
0.341431 0.473755 1.635864 2.708655 0.318775 0.495340
0.363159 0.464111 1.552979 2.901465 0.299068 0.455126
0.395874 0.448730 1.447266 3.053262 0.311318 0.430093
0.427979 0.435303 1.345703 3.142210 0.384554 0.401864
0.452026 0.420776 1.253174 3.170439 0.503862 0.354194
0.470093 0.399048 1.163086 3.159521 0.643941 0.291611
0.478271 0.387451 1.079468 3.130226 0.769641 0.218908
0.470459 0.388184 0.993530 3.111851 0.856991 0.152863
0.465332 0.382568 0.904541 3.113715 0.889481 0.089214
0.478149 0.366089 0.822266 3.117976 0.857523 0.007457
0.489868 0.354126 0.731689 3.116378 0.770173 -0.096405
0.492798 0.349731 0.648071 3.095340 0.643409 -0.228495
0.491577 0.328735 0.586548 3.042344 0.489747 -0.375499
0.480103 0.317993 0.520386 2.961385 0.328362 -0.519041
0.460327 0.308105 0.457275 2.862849 0.166977 -0.642610
0.463013 0.299438 0.416260 2.765379 0.002929 -0.730493
0.481445 0.286621 0.378418 2.668975 -0.158988 -0.777896
0.516724 0.271240 0.332764 2.566977 -0.281758 -0.816778
0.553101 0.249878 0.279297 2.468176 -0.354993 -0.881758
0.573975 0.236450 0.222900 2.361385 -0.391478 -0.988549
0.585205 0.227905 0.164551 2.248202 -0.402929 -1.112383
0.573608 0.220337 0.106323 2.118509 -0.403196 -1.249534
0.552856 0.212769 0.041138 1.961917 -0.402663 -1.403728
0.498535 0.213867 -0.012451 1.801332 -0.399467 -1.558189
0.434448 0.230347 -0.059326 1.643409 -0.437550 -1.680692
0.379028 0.244263 -0.099243 1.492676 -0.514248 -1.755260
0.339355 0.241333 -0.132202 1.343009 -0.605593 -1.785885
0.302612 0.235962 -0.176392 1.198136 -0.698535 -1.792277
0.270508 0.235962 -0.202881 1.057257 -0.782423 -1.792543
0.240234 0.235962 -0.254761 0.907590 -0.866312 -1.796005
0.180298 0.246094 -0.265259 0.726232 -0.928096 -1.806125
0.157471 0.243408 -0.288208 0.514514 -0.967776 -1.796804
0.114380 0.242676 -0.298828 0.247670 -0.953395 -1.789880
0.064331 0.239624 -0.302490 -0.047670 -0.896405 -1.775499
0.000610 0.244141 -0.292969 -0.339547 -0.818908 -1.761651
-0.072388 0.231689 -0.242920 -0.607190 -0.762184 -1.754993
-0.160645 0.228760 -0.196411 -0.836751 -0.811451 -1.774700
-0.248779 0.242065 -0.152588 -1.023435 -0.958722 -1.825300
-0.346313 0.258545 -0.097046 -1.182423 -1.196272 -1.888682
-0.451416 0.280273 -0.044067 -1.360586 -1.462051 -1.945406
-0.538330 0.295776 0.032715 -1.556325 -1.703595 -1.965113
-0.621582 0.302612 0.116821 -1.755260 -1.879893 -1.914514
-0.700195 0.332031 0.194092 -1.944075 -1.968842 -1.787750
-0.753784 0.354004 0.286011 -2.117443 -1.945140 -1.584554
-0.788818 0.351196 0.366943 -2.259387 -1.806924 -1.321438
-0.816162 0.348633 0.453369 -2.417310 -1.568309 -1.040746
-0.841431 0.332886 0.575439 -2.610120 -1.263116 -0.765113
-0.876221 0.305542 0.707153 -2.781625 -0.956325 -0.506258
-0.938599 0.296875 0.846680 -2.873502 -0.698269 -0.278828
-1.002075 0.307251 0.991333 -2.839148 -0.581358 -0.073236
-1.042114 0.314941 1.109253 -2.647137 -0.634620 0.133422
-1.039551 0.341309 1.182007 -2.352330 -0.806924 0.333422
-1.009766 0.383301 1.235840 -2.057790 -0.998136 0.534754
-0.944214 0.402832 1.280151 -1.818642 -1.110519 0.757923
-0.861206 0.413696 1.294067 -1.651132 -1.077230 0.985353
-0.793091 0.418823 1.333618 -1.572570 -0.863116 1.195473
-0.744385 0.400513 1.366211 -1.544341 -0.503595 1.391744
-0.731323 0.409912 1.398926 -1.515047 -0.080959 1.577630
-0.726074 0.431519 1.426758 -1.463382 0.295073 1.798136
-0.677734 0.450562 1.437256 -1.376032 0.547537 2.058855
-0.604858 0.495850 1.446899 -1.268442 0.688149 2.324634
-0.510742 0.528931 1.467407 -1.137150 0.751531 2.576565
-0.402832 0.528931 1.479736 -0.958455 0.761651 2.749401
-0.295410 0.555054 1.490601 -0.746205 0.737150 2.809587
-0.185547 0.596680 1.492432 -0.524101 0.707324 2.788815
-0.062256 0.649414 1.487671 -0.307856 0.705459 2.737683
0.080933 0.701782 1.493286 -0.115047 0.736085 2.693475
0.229004 0.748535 1.495239 0.058056 0.806125 2.660985
0.385864 0.793091 1.482666 0.209587 0.887617 2.600000
0.520752 0.831421 1.462158 0.355260 0.972037 2.478828
0.633667 0.852783 1.453613 0.509188 1.044474 2.292676
0.708496 0.848511 1.412231 0.674567 1.068176 2.050066
0.766846 0.837646 1.358643 0.840213 1.060719 1.761651
0.799805 0.822144 1.299072 1.007457 1.032224 1.456458
0.819458 0.804077 1.223022 1.164048 0.994141 1.168575
0.823608 0.769531 1.141479 1.296937 0.955526 0.922770
0.813232 0.732788 1.053345 1.415979 0.915313 0.709188
0.788940 0.704102 0.961914 1.517710 0.880160 0.515846
0.761963 0.671875 0.869507 1.589880 0.838083 0.349401
0.727539 0.635254 0.767944 1.621305 0.797603 0.202929
0.688110 0.604126 0.672485 1.598668 0.765113 0.068442
0.644043 0.575073 0.575439 1.540080 0.741678 -0.045806
0.600830 0.541382 0.494507 1.436485 0.732357 -0.142210
0.550171 0.500977 0.418091 1.297736 0.723302 -0.222370
0.499878 0.469482 0.350342 1.145672 0.694541 -0.289214
0.442749 0.437134 0.297485 0.999467 0.633555 -0.335286
0.398804 0.404297 0.253296 0.864181 0.532623 -0.367510
0.363403 0.376587 0.208984 0.749401 0.394141 -0.384820
0.330078 0.363403 0.162964 0.655127 0.200000 -0.384820
0.318237 0.350952 0.117554 0.568842 -0.039947 -0.385885
0.314697 0.342285 0.061279 0.462317 -0.285752 -0.400533
0.314819 0.337646 0.017456 0.332357 -0.491079 -0.435686
0.322754 0.338623 -0.024780 0.183489 -0.659654 -0.488149
0.349487 0.325195 -0.043823 0.001332 -0.794940 -0.547270
0.369629 0.310669 -0.055664 -0.221571 -0.907057 -0.612250
0.389893 0.306152 -0.052612 -0.459121 -0.999201 -0.690013
0.398804 0.307007 -0.037109 -0.695606 -1.067643 -0.777097
0.396851 0.324829 -0.031250 -0.929694 -1.116112 -0.870573
0.396484 0.348389 -0.016357 -1.148336 -1.130493 -0.964581
0.391113 0.365601 -0.002563 -1.363782 -1.110519 -1.079361
0.370361 0.393311 0.029663 -1.576032 -1.084421 -1.211185
0.343994 0.409546 0.052246 -1.782423 -1.086019 -1.347270
0.310303 0.414917 0.089233 -1.991212 -1.144075 -1.481225
0.268311 0.420288 0.143677 -2.193076 -1.275633 -1.595473
0.234985 0.408569 0.229248 -2.373102 -1.478828 -1.686019
0.212402 0.395020 0.293945 -2.528895 -1.735020 -1.762983
0.208374 0.377563 0.379395 -2.692144 -1.988016 -1.834887
0.230103 0.321533 0.494751 -2.918775 -2.178162 -1.912916
0.225220 0.260254 0.636108 -3.221305 -2.280692 -2.007723
0.183960 0.214111 0.798340 -3.500932 -2.287350 -2.109720
0.119751 0.178101 0.964478 -3.629028 -2.214913 -2.182157
0.034424 0.132935 1.118896 -3.570706 -2.102796 -2.203728
-0.031006 0.142822 1.236450 -3.357923 -2.017310 -2.177896
-0.081543 0.138428 1.301758 -3.019174 -2.014115 -2.039947
-0.080444 0.148560 1.289551 -2.650599 -2.099867 -1.864980
-0.023193 0.146240 1.271851 -2.395739 -2.187750 -1.744341
0.023804 0.121094 1.307983 -2.379228 -2.149401 -1.700400
0.046143 0.099731 1.339600 -2.512383 -1.977896 -1.729161
0.047241 0.054810 1.461670 -2.663648 -1.685752 -1.766178
0.028931 -0.017700 1.573730 -2.815979 -1.348868 -1.776565
-0.043701 -0.045654 1.695190 -2.864447 -1.001065 -1.754993
-0.122314 -0.087158 1.794556 -2.698269 -0.741678 -1.659654
-0.169312 -0.117920 1.860962 -2.337151 -0.685752 -1.495340
-0.191650 -0.115356 1.830933 -1.854061 -0.806391 -1.302264
-0.174438 -0.096191 1.785645 -1.382690 -1.035153 -1.116378
-0.116943 -0.070068 1.694214 -1.012517 -1.205326 -0.958988
-0.068115 -0.030396 1.607544 -0.824767 -1.178695 -0.842344
-0.041382 -0.004150 1.544067 -0.814115 -0.905726 -0.732357
-0.039063 -0.006958 1.537598 -0.923569 -0.469507 -0.605326
-0.072388 -0.006348 1.550537 -1.012250 -0.027164 -0.462317
-0.086670 -0.020020 1.552856 -0.998402 0.299601 -0.295606
-0.088379 -0.018066 1.540283 -0.870306 0.497736 -0.133955
-0.077393 -0.024170 1.506714 -0.662583 0.589348 0.000799
-0.062744 -0.019043 1.455200 -0.432490 0.577097 0.098535
-0.044800 -0.002197 1.391113 -0.203728 0.495872 0.159787
-0.022583 0.019287 1.319702 -0.012250 0.397869 0.188549
