0.208862 0.699097 0.370483 -0.113182 -0.806391 0.599467
0.225830 0.665771 0.365601 -0.207190 -0.630892 0.560852
0.214478 0.663574 0.367554 -0.313449 -0.410652 0.475632
0.196411 0.623047 0.373413 -0.415979 -0.215446 0.446871
0.188965 0.594849 0.380737 -0.487350 -0.096671 0.462850
0.192749 0.578491 0.384644 -0.507590 -0.052197 0.512117
0.198730 0.562866 0.366333 -0.491877 -0.047670 0.573901
0.208008 0.542480 0.346558 -0.469241 -0.030360 0.618908
0.225952 0.494019 0.330078 -0.454061 0.001864 0.642610
0.247314 0.443848 0.293213 -0.455393 0.028495 0.635419
0.245239 0.404175 0.250488 -0.486551 0.067111 0.600000
0.248657 0.357910 0.206421 -0.562983 0.139814 0.541944
0.231934 0.311279 0.164551 -0.686019 0.267377 0.454061
0.167358 0.281738 0.139160 -0.849534 0.432224 0.340346
0.083618 0.240723 0.128418 -1.025033 0.562450 0.231425
0.001099 0.214844 0.117432 -1.181625 0.598668 0.151798
-0.054810 0.225586 0.105957 -1.316112 0.530759 0.140613
-0.069092 0.235107 0.100464 -1.446604 0.397869 0.252463
-0.024902 0.220703 0.087402 -1.593608 0.261784 0.445539
0.036011 0.206421 0.091309 -1.779228 0.199201 0.632490
0.096802 0.209473 0.127563 -2.011984 0.240746 0.744341
0.123169 0.232666 0.203735 -2.290280 0.364581 0.755260
0.109131 0.240234 0.310059 -2.553129 0.513182 0.698003
0.064209 0.234253 0.450928 -2.731558 0.595473 0.646871
0.011108 0.266113 0.578613 -2.776565 0.539814 0.650333
-0.007324 0.276123 0.718262 -2.674035 0.348336 0.782956
0.054077 0.260376 0.788086 -2.441278 0.019707 1.081758
0.155762 0.278442 0.796265 -2.206924 -0.319041 1.494008
0.317749 0.326416 0.807373 -2.145939 -0.520107 1.871638
0.481567 0.335571 0.855713 -2.311584 -0.491877 2.055126
0.585327 0.343872 0.942627 -2.635952 -0.277230 1.932889
0.575806 0.381470 1.112427 -2.963249 0.005593 1.583755
0.551880 0.382690 1.306396 -3.120905 0.163249 1.236485
0.542603 0.358276 1.496826 -3.051132 0.083356 1.045007
0.575439 0.332764 1.639404 -2.737417 -0.208522 1.029561
0.661621 0.344849 1.671997 -2.267910 -0.584820 1.101465
0.761719 0.370972 1.651855 -1.800799 -0.802663 1.133156
0.845581 0.406616 1.615356 -1.499334 -0.776298 1.083356
0.879395 0.438599 1.577637 -1.387217 -0.519308 0.981092
0.868530 0.487183 1.587280 -1.417577 -0.137949 0.844474
0.821411 0.525757 1.638916 -1.484687 0.234088 0.717976
0.781616 0.552002 1.686890 -1.476431 0.473502 0.634887
0.764771 0.567993 1.733154 -1.358988 0.546738 0.600000
0.762451 0.595215 1.779297 -1.150732 0.478562 0.602663
0.797485 0.602539 1.793091 -0.879893 0.301731 0.622636
0.836426 0.626099 1.788208 -0.606658 0.080959 0.612517
0.889160 0.652832 1.800659 -0.394674 -0.099867 0.563515
0.954468 0.655029 1.831299 -0.259387 -0.199201 0.458322
0.995117 0.684570 1.883789 -0.154461 -0.188016 0.303329
1.017822 0.704224 1.952393 -0.021838 -0.087617 0.157656
1.051392 0.662842 2.005127 0.181092 0.052463 0.030892
1.065674 0.585083 2.041504 0.478296 0.192543 -0.099601
1.067505 0.512085 2.049927 0.837017 0.255659 -0.244474
1.039795 0.478882 2.003052 1.218375 0.275899 -0.397071
1.002563 0.433960 1.911377 1.577363 0.288415 -0.541944
0.957764 0.393311 1.800659 1.897204 0.314248 -0.668975
0.915161 0.359253 1.670410 2.168309 0.381891 -0.771505
0.876465 0.332153 1.532715 2.368575 0.483356 -0.839947
0.834717 0.311401 1.405640 2.479361 0.616778 -0.888149
0.794800 0.286011 1.306152 2.521971 0.765379 -0.940346
0.759521 0.261230 1.205078 2.522503 0.881225 -1.004527
0.722046 0.242310 1.124756 2.515313 0.957124 -1.095872
0.680786 0.224121 1.053223 2.517976 0.985886 -1.197071
0.641357 0.203857 0.976440 2.538216 0.952064 -1.291079
0.595947 0.195923 0.894165 2.567510 0.868975 -1.388282
0.550415 0.201416 0.811157 2.591744 0.771238 -1.479893
0.513672 0.204468 0.723145 2.591478 0.666045 -1.559254
0.470215 0.213745 0.637207 2.560053 0.579494 -1.627430
0.435059 0.219727 0.563477 2.496671 0.512916 -1.680692
0.395874 0.226563 0.489746 2.413316 0.462850 -1.721438
0.350220 0.233887 0.425049 2.314248 0.420772 -1.753928
0.303101 0.223877 0.359375 2.208522 0.371771 -1.789348
0.235474 0.235840 0.284546 2.095340 0.308389 -1.833555
0.174683 0.253418 0.217529 1.954993 0.241545 -1.866578
0.124634 0.238892 0.156250 1.786951 0.184288 -1.862051
0.081055 0.232300 0.097412 1.596538 0.143808 -1.825832
0.035767 0.227905 0.054443 1.387483 0.125433 -1.756858
-0.001587 0.225220 0.013184 1.176032 0.107057 -1.650599
-0.034668 0.216431 -0.022705 0.969907 0.073502 -1.524101
-0.063232 0.212524 -0.046631 0.777896 0.016511 -1.380027
-0.086914 0.212280 -0.063110 0.609055 -0.067377 -1.226099
-0.098022 0.209717 -0.084595 0.467111 -0.159254 -1.076698
-0.108887 0.208252 -0.109863 0.341678 -0.238881 -0.940612
-0.116211 0.193726 -0.128906 0.213848 -0.299867 -0.824767
-0.118530 0.175903 -0.148193 0.071904 -0.339015 -0.728895
-0.121460 0.165039 -0.170288 -0.088149 -0.376032 -0.660719
-0.119385 0.171143 -0.174561 -0.266312 -0.411185 -0.608522
-0.113281 0.170288 -0.180420 -0.451931 -0.434354 -0.553129
-0.103516 0.176636 -0.167847 -0.627696 -0.456724 -0.494807
-0.090820 0.194336 -0.153809 -0.790413 -0.486818 -0.439414
-0.074097 0.206299 -0.140625 -0.958455 -0.512650 -0.401332
-0.062256 0.225708 -0.122192 -1.144607 -0.522237 -0.387750
-0.062744 0.222778 -0.064941 -1.334221 -0.512650 -0.403995
-0.054077 0.199463 -0.003540 -1.496138 -0.520639 -0.449001
-0.052368 0.199707 0.055054 -1.631691 -0.553395 -0.510519
-0.075073 0.229370 0.116455 -1.756325 -0.606924 -0.566445
-0.094116 0.234009 0.181396 -1.859654 -0.681758 -0.590413
-0.102661 0.243286 0.250122 -1.935819 -0.788282 -0.590146
-0.107544 0.260742 0.330566 -2.011984 -0.914780 -0.575766
-0.083862 0.246948 0.409790 -2.098535 -1.025566 -0.556059
-0.065186 0.233154 0.500488 -2.213315 -1.072703 -0.550999
-0.052979 0.243652 0.603882 -2.361385 -1.048202 -0.552064
-0.035400 0.258301 0.691895 -2.508389 -0.951265 -0.557124
-0.026611 0.251099 0.792725 -2.644208 -0.796804 -0.586684
-0.054321 0.256104 0.899292 -2.740613 -0.614381 -0.633822
-0.105469 0.271240 1.012695 -2.760319 -0.472703 -0.625300
-0.145630 0.300537 1.124512 -2.697204 -0.421571 -0.516644
-0.128052 0.312500 1.203003 -2.558722 -0.456991 -0.300133
-0.057129 0.298706 1.257324 -2.415712 -0.505459 -0.037017
0.025513 0.316040 1.309082 -2.327830 -0.493475 0.164314
0.081665 0.355469 1.354736 -2.307590 -0.398935 0.259654
0.106812 0.396362 1.411743 -2.336884 -0.244208 0.268708
0.109375 0.399048 1.498779 -2.356858 -0.080426 0.235153
0.113159 0.383057 1.575806 -2.316112 0.019973 0.179494
0.110596 0.359009 1.640747 -2.198668 0.055393 0.123835
0.103027 0.334839 1.693604 -1.990147 0.019707 0.114514
0.108154 0.329468 1.698120 -1.703595 -0.096405 0.160586
0.130371 0.355835 1.663696 -1.399734 -0.237284 0.225300
0.157593 0.357422 1.618896 -1.153129 -0.325166 0.259387
0.159424 0.358643 1.574951 -0.982157 -0.339015 0.234354
0.155029 0.359253 1.539917 -0.865779 -0.304128 0.185885
0.151733 0.359619 1.525024 -0.797870 -0.243142 0.136352
0.143188 0.327515 1.515869 -0.752597 -0.167244 0.107324
0.135254 0.301392 1.513306 -0.680692 -0.108389 0.113981
0.134277 0.281128 1.509644 -0.565912 -0.083888 0.154194
0.142944 0.278320 1.485840 -0.417843 -0.090546 0.213582
0.157471 0.288330 1.453491 -0.257257 -0.099867 0.267111
0.172974 0.292969 1.407715 -0.103862 -0.091079 0.295073
0.187012 0.296387 1.363037 0.030892 -0.056192 0.290280
0.184448 0.296875 1.318481 0.135819 -0.003728 0.256458
0.178345 0.299561 1.269043 0.209055 0.052730 0.209854
0.160034 0.291626 1.233032 0.248202 0.117443 0.158722
0.143921 0.270386 1.195679 0.272170 0.168575 0.113715
0.127563 0.267090 1.165039 0.291878 0.201332 0.080959
0.109497 0.265503 1.134766 0.316911 0.220506 0.065779
0.094727 0.249268 1.106445 0.350200 0.233289 0.071638
0.086670 0.232422 1.070313 0.397869 0.231158 0.089747
0.084961 0.225586 1.037476 0.456192 0.211718 0.111851
0.084229 0.228027 1.012939 0.502264 0.196272 0.144607
0.090454 0.219482 0.973755 0.532357 0.184021 0.185885
0.095093 0.217896 0.939209 0.545140 0.182690 0.216778
0.098022 0.218750 0.905273 0.535286 0.189614 0.228495
0.098145 0.228638 0.881714 0.501997 0.200000 0.226099
0.090698 0.232544 0.863403 0.457257 0.206391 0.222903
0.092529 0.232422 0.852051 0.417843 0.194940 0.225033
0.100098 0.228882 0.836670 0.383755 0.176831 0.230360
0.105103 0.230835 0.819580 0.353928 0.169108 0.228229
0.111816 0.237915 0.826416 0.313981 0.178695 0.213848
0.116211 0.233643 0.829590 0.266045 0.193076 0.198935
0.122559 0.226563 0.833130 0.230360 0.192277 0.180293
