0.188232 0.349731 -0.044800 -0.910253 -0.286285 1.718242
0.176270 0.346436 0.005737 -1.012783 -0.178162 1.848469
0.159912 0.333374 0.060547 -1.007989 -0.069507 1.910253
0.188965 0.263916 0.097412 -0.925965 0.022903 1.922237
0.180054 0.225342 0.140259 -0.801598 0.046072 1.850067
0.127563 0.223511 0.127930 -0.661518 -0.025033 1.742743
0.065430 0.218018 0.133057 -0.544075 -0.085486 1.687616
0.035278 0.230347 0.131958 -0.456458 -0.170173 1.721971
0.062012 0.268921 0.113037 -0.394407 -0.247936 1.862583
0.120361 0.317261 0.037476 -0.347537 -0.238083 2.113981
0.215332 0.349854 -0.022461 -0.379228 -0.107856 2.446338
0.337646 0.342773 -0.063110 -0.516644 0.137683 2.781092
0.458984 0.330444 -0.048950 -0.743542 0.475366 3.019441
0.525024 0.315430 0.018433 -1.028229 0.801598 3.087883
0.552002 0.304688 0.140259 -1.330493 1.011451 3.014381
0.539673 0.321655 0.275269 -1.586684 1.017044 2.851132
0.513916 0.362183 0.401978 -1.700400 0.781624 2.723302
0.580078 0.388672 0.469116 -1.583755 0.339281 2.745406
0.734253 0.389771 0.488647 -1.236751 -0.153928 2.932357
0.950195 0.384888 0.420532 -0.786951 -0.518775 3.189614
1.182617 0.352295 0.342041 -0.465779 -0.610652 3.410919
1.405640 0.355103 0.301758 -0.422370 -0.439947 3.527031
1.591675 0.417603 0.286011 -0.649268 -0.022903 3.485752
1.701294 0.498657 0.356323 -1.044474 0.541145 3.265513
1.773071 0.536011 0.478149 -1.397337 1.027696 2.915579
1.809326 0.537720 0.638794 -1.519308 1.266312 2.481758
1.812378 0.560669 0.738037 -1.356591 1.143009 2.059654
1.825806 0.548462 0.784424 -0.990945 0.712650 1.706525
1.840454 0.571045 0.759888 -0.576298 0.133688 1.398402
1.838013 0.635376 0.684326 -0.217577 -0.377896 1.143808
1.830444 0.676758 0.612793 0.034621 -0.656991 0.961119
1.825439 0.701172 0.530640 0.186951 -0.674834 0.831425
1.812866 0.706055 0.455811 0.255659 -0.474567 0.751265
1.788818 0.694092 0.391479 0.236218 -0.156325 0.710253
1.738647 0.705322 0.358521 0.152064 0.184820 0.705992
1.693848 0.693359 0.361816 0.033555 0.450333 0.720373
1.668945 0.670654 0.387207 -0.071904 0.591478 0.704128
1.644287 0.660400 0.433472 -0.111585 0.627430 0.639680
1.625854 0.631104 0.492798 -0.029028 0.500399 0.539281
1.643066 0.609375 0.507080 0.188016 0.148868 0.410386
1.702515 0.620239 0.461548 0.483356 -0.259654 0.279627
1.807495 0.630737 0.372925 0.710253 -0.539814 0.133955
1.882080 0.634888 0.311035 0.766445 -0.614115 -0.101997
1.907227 0.636719 0.289307 0.676431 -0.523302 -0.435686
1.884155 0.634399 0.292603 0.529161 -0.360852 -0.806658
1.822388 0.612183 0.319092 0.415446 -0.221571 -1.141678
1.764282 0.587891 0.342651 0.389081 -0.168842 -1.402130
1.720947 0.574341 0.352417 0.440213 -0.196804 -1.583489
1.709717 0.559692 0.335938 0.520905 -0.276431 -1.708655
1.700928 0.542114 0.325439 0.592011 -0.367510 -1.840213
1.688232 0.529053 0.316650 0.648735 -0.454328 -2.000533
1.663696 0.511597 0.292603 0.694274 -0.521971 -2.190945
1.617920 0.488770 0.263062 0.724367 -0.551531 -2.409321
1.548218 0.454468 0.248779 0.737683 -0.557656 -2.631425
1.466797 0.414673 0.223145 0.737949 -0.559521 -2.827430
1.368286 0.376587 0.212646 0.720905 -0.568043 -2.995206
1.269653 0.348022 0.192017 0.686818 -0.598935 -3.135819
1.156738 0.322144 0.170044 0.653262 -0.634088 -3.245806
1.042969 0.305420 0.153687 0.625832 -0.662051 -3.312383
0.936890 0.291260 0.121338 0.596538 -0.688682 -3.336884
0.835571 0.274292 0.097900 0.565912 -0.696139 -3.332091
0.741699 0.255249 0.075928 0.524900 -0.683888 -3.306258
0.663086 0.226440 0.055298 0.453795 -0.663915 -3.262850
0.581909 0.192261 0.049805 0.376032 -0.643941 -3.201864
0.497803 0.168823 0.049927 0.309188 -0.639680 -3.131824
0.406860 0.147095 0.048340 0.272703 -0.649534 -3.041545
0.322266 0.128052 0.031128 0.261784 -0.675899 -2.922503
0.231079 0.121094 0.016724 0.266045 -0.736085 -2.782423
0.137817 0.122437 0.002441 0.280692 -0.845007 -2.619707
0.058228 0.128052 -0.026855 0.298535 -0.997603 -2.429028
-0.019531 0.146362 -0.046021 0.305193 -1.170173 -2.213848
-0.075073 0.168335 -0.081909 0.311318 -1.313182 -1.968309
-0.111328 0.164185 -0.107544 0.279095 -1.416778 -1.714780
-0.138062 0.168579 -0.129272 0.219174 -1.461784 -1.469774
-0.158691 0.169067 -0.154541 0.128895 -1.442876 -1.235153
-0.180420 0.168945 -0.161987 0.020772 -1.352064 -0.997869
-0.195679 0.158569 -0.173462 -0.094008 -1.232224 -0.763249
-0.213257 0.148315 -0.170532 -0.215446 -1.090812 -0.536352
-0.229370 0.152100 -0.170898 -0.340879 -0.940612 -0.315047
-0.238770 0.159180 -0.159790 -0.462850 -0.799467 -0.089214
-0.234985 0.145996 -0.124878 -0.580826 -0.682024 0.140613
-0.224243 0.126221 -0.084717 -0.684154 -0.610919 0.371505
-0.206177 0.132935 -0.060059 -0.762450 -0.606658 0.601332
-0.188477 0.150879 -0.043823 -0.817310 -0.643675 0.829827
-0.162842 0.160645 -0.018799 -0.857257 -0.696937 1.061784
-0.143066 0.191162 0.006714 -0.891877 -0.762983 1.299068
-0.100586 0.208740 0.016479 -0.914780 -0.845007 1.543542
-0.048828 0.226196 0.020508 -0.928096 -0.900666 1.780027
0.007324 0.255493 0.011841 -0.947803 -0.904128 1.979494
0.076782 0.290894 -0.002197 -0.987217 -0.825832 2.123302
0.138306 0.319824 -0.010498 -1.074301 -0.654860 2.193875
0.191772 0.360718 0.008301 -1.230626 -0.414381 2.202397
0.228394 0.383667 0.052856 -1.431691 -0.143542 2.199467
0.263550 0.367554 0.108276 -1.604261 0.095606 2.233822
0.311157 0.343750 0.165161 -1.702264 0.266578 2.336618
0.376709 0.321289 0.211304 -1.735553 0.354727 2.504660
0.463867 0.315308 0.254517 -1.737683 0.381624 2.715579
0.573853 0.338623 0.298706 -1.750466 0.394407 2.929161
0.693848 0.379639 0.352661 -1.787483 0.427963 3.097470
0.807373 0.400635 0.417847 -1.813049 0.493475 3.196538
0.949341 0.415283 0.491577 -1.789348 0.543542 3.206392
1.070801 0.427002 0.536499 -1.708122 0.554461 3.099334
1.169922 0.424927 0.570557 -1.593875 0.541145 2.896937
1.255981 0.448364 0.573120 -1.477763 0.513981 2.650599
1.316895 0.496216 0.570068 -1.423435 0.546738 2.405060
1.372803 0.533081 0.593750 -1.458322 0.682557 2.218642
1.411743 0.552490 0.604858 -1.536884 0.950466 2.092144
1.433105 0.558716 0.642700 -1.621571 1.211718 1.978429
1.426270 0.574341 0.735596 -1.641811 1.377097 1.872703
1.427490 0.569824 0.800659 -1.564314 1.385087 1.778162
1.432251 0.564453 0.831421 -1.406392 1.222903 1.673768
1.445801 0.571411 0.853271 -1.197337 0.950466 1.548868
1.459961 0.579834 0.827637 -0.944341 0.652730 1.406924
1.479614 0.587158 0.779907 -0.726232 0.402663 1.254594
1.496460 0.603516 0.752075 -0.558722 0.247137 1.106525
1.508301 0.610596 0.714478 -0.434620 0.209321 0.975766
1.501831 0.602783 0.683228 -0.347803 0.255127 0.845539
1.477905 0.609619 0.660034 -0.289481 0.347537 0.719308
1.446289 0.608643 0.644043 -0.247670 0.454061 0.610652
1.413696 0.598755 0.632935 -0.218376 0.539814 0.516644
1.384888 0.590576 0.616577 -0.200799 0.579228 0.420772
1.349854 0.573975 0.606323 -0.183489 0.575233 0.308389
1.316772 0.552368 0.603149 -0.148602 0.515313 0.179228
1.279541 0.522827 0.600098 -0.082290 0.403462 0.041012
1.243896 0.494141 0.580566 0.014647 0.253262 -0.091877
1.209229 0.476807 0.557129 0.120639 0.111851 -0.207989
1.173584 0.458496 0.530273 0.209055 0.011984 -0.293742
1.144897 0.440430 0.501831 0.277497 -0.043142 -0.355260
1.115845 0.421021 0.477539 0.331824 -0.059387 -0.394141
1.079346 0.395996 0.458130 0.374967 -0.065513 -0.418109
1.045898 0.376831 0.441162 0.408788 -0.086818 -0.441811
1.019043 0.351074 0.418457 0.433023 -0.125166 -0.466578
0.993042 0.333496 0.401855 0.437017 -0.145672 -0.497470
0.975952 0.305054 0.398193 0.419441 -0.143808 -0.531824
0.953491 0.275879 0.401245 0.394674 -0.137683 -0.565646
0.932861 0.248657 0.402832 0.375233 -0.128895 -0.590413
0.919312 0.228149 0.405518 0.361651 -0.104128 -0.600000
0.922363 0.216187 0.412842 0.348069 -0.038881 -0.594141
0.928467 0.201050 0.411865 0.321172 0.076964 -0.589348
0.932129 0.197021 0.411255 0.283356 0.236485 -0.602397
0.927734 0.193359 0.427979 0.225033 0.437550 -0.640746
0.929565 0.186890 0.449341 0.144607 0.660186 -0.694274
0.939941 0.178223 0.473145 0.040746 0.901465 -0.755792
0.965454 0.169922 0.494629 -0.087883 1.201065 -0.834354
0.987549 0.157471 0.523071 -0.255659 1.624501 -0.933422
0.989990 0.134277 0.555054 -0.462583 2.176831 -1.049534
0.947144 0.130981 0.569214 -0.677497 2.807457 -1.188815
0.844727 0.137085 0.617432 -0.879361 3.460453 -1.325699
0.727539 0.128906 0.663208 -1.027696 4.013582 -1.391744
0.592773 0.133789 0.745972 -1.102264 4.403196 -1.368309
