0.308716 0.544678 0.179199 -0.394141 -0.411984 0.740080
0.312744 0.478760 0.171265 -0.512650 -0.315846 0.650333
0.265259 0.464111 0.169067 -0.624767 -0.149401 0.467909
0.188599 0.433960 0.183960 -0.734221 -0.021571 0.312384
0.107544 0.413086 0.196899 -0.809587 0.025300 0.228495
0.046997 0.384766 0.205444 -0.846605 -0.016778 0.242876
0.024536 0.370117 0.191406 -0.847403 -0.128895 0.347004
0.033203 0.366211 0.158936 -0.824501 -0.260186 0.522503
0.062012 0.344604 0.120361 -0.804527 -0.368575 0.737949
0.088257 0.348511 0.074097 -0.828229 -0.430626 0.945672
0.105835 0.385010 0.027954 -0.942477 -0.436218 1.131558
0.121094 0.411011 0.006470 -1.162450 -0.388815 1.287883
0.140015 0.415161 0.017212 -1.456991 -0.266312 1.393875
0.151245 0.412598 0.053955 -1.779760 -0.089481 1.434088
0.159302 0.403931 0.110962 -2.079894 0.083089 1.428762
0.188354 0.375366 0.196655 -2.323036 0.195739 1.442876
0.222778 0.352905 0.257690 -2.490546 0.200000 1.523569
0.250488 0.359619 0.322632 -2.583222 0.107856 1.672437
0.288330 0.376953 0.395874 -2.626631 -0.050866 1.853262
0.333374 0.407593 0.470825 -2.630626 -0.215180 1.982157
0.396729 0.401489 0.567139 -2.596005 -0.325433 2.018642
0.467285 0.355347 0.680298 -2.512117 -0.383222 2.014115
0.558960 0.335205 0.773438 -2.361119 -0.440479 2.022903
0.652832 0.358887 0.843628 -2.165113 -0.491877 2.068176
0.771851 0.415283 0.892822 -1.972304 -0.525965 2.164581
0.910522 0.453613 0.940186 -1.836218 -0.483356 2.257257
1.009033 0.488159 1.003174 -1.797870 -0.363249 2.268176
1.059570 0.520508 1.100586 -1.798668 -0.227963 2.190945
1.098022 0.519775 1.208130 -1.749933 -0.142210 2.076165
1.129150 0.504883 1.284790 -1.594940 -0.139281 1.957657
1.177124 0.536011 1.319092 -1.324368 -0.219174 1.880959
1.273315 0.595337 1.272461 -1.002663 -0.315846 1.854594
1.367554 0.660034 1.202759 -0.741411 -0.298269 1.785353
1.411255 0.712280 1.124023 -0.601864 -0.131292 1.617310
1.413452 0.760986 1.070068 -0.608788 0.116112 1.386152
1.370972 0.774170 1.075928 -0.708655 0.344873 1.114514
1.314697 0.776733 1.115845 -0.808522 0.455393 0.853262
1.276123 0.789551 1.172485 -0.837017 0.418908 0.646338
1.293945 0.781982 1.225952 -0.730759 0.264181 0.525965
1.363770 0.778320 1.230957 -0.505193 0.066045 0.456192
1.443970 0.790771 1.224609 -0.264447 -0.076431 0.361917
1.521851 0.785645 1.208984 -0.072170 -0.115579 0.211718
1.578003 0.763184 1.216553 0.059387 -0.075632 0.000533
1.602417 0.755371 1.234863 0.135286 0.001065 -0.281758
1.576782 0.737549 1.269531 0.220240 0.101731 -0.591212
1.537964 0.723877 1.285278 0.357124 0.183489 -0.887883
1.481812 0.710449 1.294189 0.548868 0.237017 -1.146738
1.425171 0.680908 1.296631 0.793342 0.250333 -1.343808
1.381470 0.645996 1.265137 1.073236 0.189614 -1.488682
1.343872 0.631592 1.205811 1.346738 0.082024 -1.622903
1.311157 0.609375 1.133423 1.565912 0.001332 -1.770706
1.264282 0.575806 1.052002 1.713715 -0.026099 -1.952597
1.199951 0.555054 0.980469 1.802929 -0.005326 -2.147270
1.121216 0.524170 0.921387 1.860186 0.035952 -2.315313
1.048096 0.485962 0.861206 1.905992 0.082557 -2.442610
0.968750 0.454712 0.795410 1.953395 0.117443 -2.525433
0.881836 0.428711 0.740479 2.004794 0.134754 -2.569907
0.809204 0.398560 0.656128 2.054061 0.120373 -2.593076
0.737671 0.381104 0.571899 2.075633 0.079893 -2.617044
0.657349 0.373291 0.484009 2.063382 0.045007 -2.636485
0.576782 0.363647 0.396973 2.021571 0.021571 -2.646605
0.495728 0.348145 0.311035 1.944341 0.003462 -2.647670
0.413940 0.334839 0.233398 1.828495 0.004261 -2.636485
0.337524 0.312256 0.173218 1.665513 0.007457 -2.604261
0.268311 0.286255 0.118164 1.460453 0.004261 -2.550200
0.192627 0.263672 0.075684 1.229028 -0.005593 -2.467643
0.128418 0.256226 0.037964 1.007989 -0.030892 -2.354727
0.063721 0.235352 0.010132 0.828229 -0.060453 -2.207989
0.009277 0.202881 0.006836 0.683356 -0.120373 -2.040479
-0.042969 0.193359 -0.031128 0.564581 -0.225033 -1.869507
-0.099365 0.178955 -0.050415 0.478296 -0.319041 -1.673236
-0.130005 0.156738 -0.080933 0.399201 -0.453795 -1.453529
-0.161011 0.153809 -0.097900 0.330493 -0.597071 -1.217577
-0.181763 0.151978 -0.127808 0.242876 -0.743276 -0.965379
-0.191895 0.146484 -0.153687 0.123302 -0.875899 -0.720373
-0.194214 0.147583 -0.166382 -0.032756 -0.985087 -0.508123
-0.197021 0.153564 -0.175415 -0.207989 -1.053529 -0.330759
-0.198853 0.155762 -0.165161 -0.382157 -1.088682 -0.172037
-0.197266 0.150146 -0.144409 -0.544873 -1.111318 -0.023968
-0.181030 0.137329 -0.119019 -0.689747 -1.134754 0.129161
-0.165771 0.126465 -0.082886 -0.818109 -1.167776 0.300399
-0.153320 0.125732 -0.053833 -0.930759 -1.206391 0.484687
-0.137207 0.145630 -0.024170 -1.033555 -1.246871 0.673236
-0.114136 0.155518 0.018433 -1.137949 -1.284421 0.869774
-0.076538 0.166260 0.059448 -1.249268 -1.336085 1.060453
-0.042480 0.194824 0.108887 -1.367510 -1.380027 1.228495
-0.007568 0.226196 0.160278 -1.493742 -1.400799 1.366977
0.030518 0.270386 0.223755 -1.642344 -1.373369 1.466312
0.079956 0.286377 0.309082 -1.791744 -1.301997 1.539814
0.135742 0.279053 0.382935 -1.889481 -1.222104 1.600799
0.194702 0.282471 0.462280 -1.920373 -1.135819 1.669774
0.267700 0.288452 0.527222 -1.896937 -1.044208 1.775233
0.350830 0.314209 0.580688 -1.839680 -0.929960 1.911318
0.455688 0.354980 0.629028 -1.802130 -0.763249 2.034887
0.551636 0.401611 0.687744 -1.843143 -0.526232 2.117710
0.629028 0.442871 0.774414 -1.967776 -0.219174 2.138482
0.696533 0.463257 0.855835 -2.098535 0.104128 2.090280
0.753784 0.470825 0.946533 -2.164048 0.378695 2.013049
0.811890 0.469238 1.038452 -2.124900 0.573103 1.943808
0.875977 0.482910 1.100342 -1.974434 0.676698 1.899068
0.933350 0.512817 1.122192 -1.745406 0.717976 1.873236
0.980957 0.552612 1.152710 -1.548868 0.678029 1.823435
1.008301 0.615356 1.165283 -1.386418 0.612517 1.738482
1.015747 0.677490 1.180664 -1.257790 0.533688 1.605326
1.041016 0.701050 1.192627 -1.202663 0.436751 1.436218
1.065674 0.698242 1.203125 -1.173901 0.349134 1.229561
1.077881 0.689575 1.208984 -1.128895 0.280160 1.011451
1.088745 0.680298 1.195679 -1.046072 0.220506 0.814913
1.092896 0.676880 1.186035 -0.928362 0.199467 0.658322
1.088623 0.668823 1.166382 -0.799201 0.202929 0.542743
1.073486 0.672241 1.132202 -0.672969 0.210120 0.451664
1.042847 0.686035 1.122437 -0.571238 0.218642 0.362450
1.020386 0.674805 1.112793 -0.497204 0.208522 0.261784
0.996338 0.661255 1.109863 -0.437816 0.190413 0.131292
0.977539 0.624023 1.110474 -0.365379 0.180027 -0.011451
0.951538 0.578003 1.102905 -0.264714 0.171505 -0.141411
0.914551 0.534302 1.090820 -0.136884 0.161651 -0.251398
0.883789 0.494385 1.064941 0.001332 0.142210 -0.332889
0.849731 0.474243 1.017090 0.137949 0.121438 -0.383489
0.825317 0.455322 0.967285 0.258056 0.124368 -0.410120
0.810425 0.445068 0.911255 0.349401 0.156059 -0.415979
0.787598 0.447144 0.864258 0.397869 0.242077 -0.417310
0.762939 0.438721 0.825195 0.404261 0.371505 -0.426897
0.739990 0.417236 0.799561 0.376032 0.524368 -0.451132
0.733276 0.388550 0.786255 0.320107 0.688149 -0.490546
0.722534 0.360229 0.785645 0.239148 0.863116 -0.542743
0.713257 0.322998 0.792236 0.148336 1.047403 -0.605859
0.707764 0.291260 0.809204 0.045539 1.255126 -0.677230
0.710815 0.243164 0.855591 -0.115047 1.521971 -0.741411
0.730225 0.153198 0.972778 -0.354993 1.846605 -0.765113
0.709961 0.076294 1.092163 -0.611718 2.178961 -0.757656
0.626831 0.048462 1.129395 -0.812250 2.488415 -0.724367
0.538452 -0.004639 1.141602 -0.845007 2.801598 -0.647670
0.456665 -0.052979 1.143921 -0.615979 3.138482 -0.545406
0.337646 -0.014404 1.072388 -0.150999 3.376565 -0.469774
0.257690 -0.011475 1.033203 0.411451 3.509720 -0.374700
0.209106 0.038574 0.962402 0.903595 3.487350 -0.292676
0.229980 0.081665 0.860718 1.248735 3.395206 -0.286285
0.242310 0.131714 0.739258 1.391478 3.288415 -0.366178
0.194336 0.218262 0.651123 1.381092 3.237816 -0.441278
0.128052 0.311157 0.583740 1.291878 3.190146 -0.435419
0.105835 0.359375 0.550537 1.148069 3.105459 -0.357390
0.085327 0.392578 0.527466 0.964314 3.009055 -0.238881
0.070068 0.413574 0.488403 0.793342 2.927031 -0.122503
0.044067 0.429321 0.470459 0.562983 2.819175 -0.062051
0.006714 0.443115 0.491333 0.334221 2.674567 -0.059387
-0.031616 0.457275 0.474731 0.147803 2.458322 -0.100133
-0.080811 0.471924 0.498535 0.021305 2.231691 -0.170706
-0.123779 0.476563 0.469116 -0.066844 1.965113 -0.252197
-0.174683 0.481323 0.449463 -0.142477 1.724900 -0.340613
