0.657349 0.835449 0.033325 -0.056458 -0.387217 0.013316
0.666992 0.749512 0.043335 -0.259654 -0.246338 -0.063116
0.600220 0.750977 0.110962 -0.346471 -0.127031 -0.135286
0.550049 0.750854 0.169556 -0.296138 -0.133422 -0.129960
0.536011 0.749878 0.155151 -0.136884 -0.248735 -0.066045
0.541382 0.745605 0.113770 0.018375 -0.354727 -0.022903
0.543457 0.732666 0.086426 0.089481 -0.386951 -0.036751
0.534058 0.729614 0.080322 0.083622 -0.364048 -0.089481
0.512695 0.717529 0.091064 0.051398 -0.311585 -0.154461
0.484619 0.691650 0.095459 0.039680 -0.262051 -0.196005
0.454102 0.661743 0.105591 0.057523 -0.227164 -0.201598
0.435181 0.616821 0.110474 0.083356 -0.221838 -0.175499
0.423462 0.575195 0.106934 0.107324 -0.230360 -0.141411
0.416748 0.533447 0.093872 0.117976 -0.214913 -0.108389
0.398315 0.487061 0.099487 0.105193 -0.143276 -0.094274
0.340820 0.493530 0.092285 0.071105 -0.039680 -0.104660
0.244507 0.533936 0.110840 0.035153 0.073768 -0.104660
0.176514 0.515625 0.123901 0.063648 0.101731 -0.034354
0.138916 0.476685 0.112915 0.176831 0.003728 0.094008
0.116333 0.461548 0.063843 0.321438 -0.178162 0.247403
0.125366 0.434204 0.013794 0.417577 -0.365646 0.412517
0.140747 0.393555 -0.038086 0.428229 -0.498003 0.560586
0.146362 0.343018 -0.062744 0.359787 -0.548602 0.683356
0.140991 0.307861 -0.072388 0.239148 -0.527563 0.781092
0.114136 0.306885 -0.069458 0.090546 -0.439148 0.862051
0.064575 0.325806 -0.062866 -0.063382 -0.306791 0.953395
0.023193 0.335693 -0.052124 -0.193076 -0.146471 1.087617
-0.005371 0.367676 -0.052856 -0.282823 0.010386 1.285486
-0.015381 0.390015 -0.055786 -0.329161 0.138748 1.554727
0.022461 0.359985 -0.062500 -0.340879 0.225566 1.885220
0.090576 0.317139 -0.077637 -0.355792 0.291345 2.227164
0.197021 0.281250 -0.068848 -0.419973 0.366178 2.529960
0.300659 0.256592 -0.056152 -0.535020 0.467909 2.735819
0.385620 0.280151 -0.030151 -0.702264 0.614115 2.814647
0.427734 0.359863 -0.001587 -0.889214 0.775233 2.838881
0.464966 0.434326 0.037231 -1.038615 0.948336 2.908123
0.572998 0.470215 0.078613 -1.093742 1.089481 3.061252
0.737305 0.438354 0.121460 -1.081491 1.207190 3.240213
0.921387 0.390991 0.148804 -1.068975 1.311052 3.357923
1.036133 0.312378 0.312866 -1.099068 1.398935 3.387750
1.144409 0.225098 0.349365 -1.186684 1.245806 3.280160
1.152222 0.254639 0.478027 -1.288415 1.014647 3.067111
1.170410 0.283569 0.563965 -1.296139 0.679893 2.851398
1.209839 0.332764 0.591431 -1.188549 0.320905 2.684687
1.275269 0.369873 0.573120 -0.956325 0.058589 2.614115
1.397705 0.383911 0.472534 -0.665779 -0.028762 2.623169
1.529907 0.417725 0.377808 -0.482024 0.112916 2.656458
1.637573 0.429077 0.319092 -0.494541 0.435419 2.650599
1.738159 0.446045 0.343750 -0.642876 0.816778 2.566711
1.820068 0.493530 0.400391 -0.810386 1.106258 2.389348
1.884644 0.506348 0.492432 -0.910253 1.194141 2.121438
1.958008 0.504395 0.584473 -0.887883 1.058056 1.808256
2.022217 0.486450 0.639038 -0.761917 0.761385 1.462317
2.074097 0.469238 0.681396 -0.587217 0.401065 1.096937
2.112061 0.473389 0.686035 -0.407190 0.075899 0.756325
2.137939 0.488159 0.661133 -0.239947 -0.114248 0.470040
2.144165 0.514160 0.619995 -0.097736 -0.134221 0.239414
2.143555 0.534302 0.583008 0.003196 0.002397 0.052996
2.138794 0.535278 0.543579 0.057257 0.231691 -0.115846
2.109497 0.529053 0.537476 0.072170 0.456724 -0.285752
2.078613 0.519165 0.545654 0.071105 0.591478 -0.458322
2.039429 0.486206 0.571411 0.083089 0.602929 -0.647137
1.991821 0.444336 0.605835 0.145140 0.483089 -0.864447
1.932861 0.414063 0.619385 0.270040 0.239680 -1.092410
1.885742 0.390503 0.596924 0.445539 -0.059387 -1.311851
1.836182 0.369263 0.548462 0.623435 -0.327563 -1.516378
1.790894 0.355469 0.486816 0.760320 -0.499601 -1.714514
1.737793 0.337769 0.427368 0.832756 -0.553395 -1.915047
1.674316 0.303467 0.379883 0.848202 -0.506525 -2.103063
1.583618 0.263794 0.359375 0.830892 -0.412783 -2.280160
1.486816 0.234497 0.340210 0.792011 -0.342477 -2.445273
1.384766 0.201172 0.335327 0.756325 -0.308655 -2.576298
1.282471 0.179810 0.307373 0.752064 -0.331025 -2.675632
1.177856 0.173218 0.286865 0.776831 -0.382423 -2.747537
1.086914 0.169434 0.235229 0.800266 -0.452463 -2.789614
0.999390 0.179565 0.195435 0.812517 -0.491611 -2.802663
0.923340 0.171143 0.156250 0.796272 -0.500133 -2.784554
0.851074 0.156372 0.130005 0.743808 -0.494008 -2.768309
0.763062 0.150513 0.122559 0.662317 -0.475632 -2.765646
0.675781 0.140015 0.114746 0.572304 -0.454594 -2.756858
0.581665 0.134766 0.109619 0.490812 -0.434354 -2.735819
0.496460 0.131958 0.113525 0.421838 -0.413848 -2.693475
0.414673 0.132080 0.109375 0.374700 -0.396804 -2.627164
0.328735 0.124146 0.102417 0.358988 -0.392810 -2.532623
0.236084 0.141113 0.077637 0.388549 -0.415446 -2.413582
0.163940 0.152222 0.033691 0.450866 -0.446605 -2.259121
0.109375 0.150024 -0.025757 0.503862 -0.461518 -2.081225
0.055908 0.140381 -0.088257 0.509987 -0.447137 -1.896405
0.004639 0.137817 -0.133179 0.454594 -0.415180 -1.708655
-0.043213 0.128662 -0.173584 0.347004 -0.382423 -1.520905
-0.086426 0.113159 -0.205078 0.201065 -0.359521 -1.345939
-0.128052 0.096436 -0.207642 0.013316 -0.358455 -1.190146
-0.161865 0.085938 -0.205811 -0.192543 -0.378429 -1.046072
-0.203369 0.083252 -0.195557 -0.385885 -0.418908 -0.901997
-0.238525 0.084106 -0.185059 -0.544873 -0.476165 -0.741678
-0.256958 0.082031 -0.168945 -0.670839 -0.541944 -0.560320
-0.266113 0.074097 -0.160522 -0.779760 -0.600000 -0.364314
-0.268921 0.092285 -0.171143 -0.874834 -0.624234 -0.153395
-0.253662 0.112549 -0.174072 -0.968842 -0.584288 0.078029
-0.223633 0.121582 -0.191895 -1.084421 -0.460985 0.326232
-0.184204 0.125366 -0.203613 -1.251931 -0.259121 0.578961
-0.141846 0.119751 -0.191650 -1.482024 0.015180 0.823702
-0.109253 0.120605 -0.163086 -1.769907 0.315846 1.046072
-0.077148 0.120850 -0.090942 -2.080160 0.593342 1.230093
-0.035767 0.133301 0.000366 -2.361385 0.771238 1.350999
-0.002930 0.157349 0.083984 -2.573635 0.826365 1.402397
0.020264 0.187256 0.156860 -2.703595 0.768309 1.438349
0.072510 0.227783 0.225342 -2.748069 0.618642 1.504394
0.171387 0.251831 0.286011 -2.742477 0.449268 1.611718
0.297852 0.255737 0.345215 -2.715846 0.310253 1.729161
0.434448 0.270020 0.414551 -2.704660 0.231158 1.850333
0.578979 0.277832 0.518433 -2.756591 0.234354 1.994674
0.720337 0.269409 0.650146 -2.852197 0.272969 2.155792
0.845093 0.281128 0.765869 -2.902264 0.261784 2.294541
0.948364 0.325806 0.898804 -2.846072 0.201598 2.384288
1.072876 0.369507 1.004272 -2.670573 0.094274 2.414913
1.207031 0.409424 1.026489 -2.433289 -0.014647 2.365912
1.317627 0.501953 1.068726 -2.221571 -0.010919 2.220506
1.413452 0.531250 1.102173 -2.074301 0.156059 2.018908
1.504517 0.526733 1.111450 -1.982690 0.445273 1.792011
1.543701 0.506226 1.161133 -1.903595 0.793609 1.568043
1.542969 0.485474 1.204834 -1.769907 1.021571 1.381358
1.522949 0.481079 1.217529 -1.577097 1.043409 1.225300
1.502808 0.511719 1.196899 -1.370173 0.914780 1.069774
1.469971 0.545288 1.160034 -1.179760 0.738748 0.894807
1.436523 0.559326 1.137329 -1.055925 0.572037 0.690546
1.399292 0.574341 1.106445 -0.999734 0.462850 0.465779
1.343506 0.579224 1.098999 -0.985353 0.433023 0.234354
1.289795 0.559814 1.115601 -0.965912 0.446338 0.032224
1.234985 0.523315 1.120117 -0.891345 0.466045 -0.120107
1.174683 0.493164 1.128540 -0.757390 0.466312 -0.213582
1.134888 0.465698 1.108887 -0.559521 0.424234 -0.249001
1.111572 0.440186 1.069214 -0.324101 0.373901 -0.249534
1.096802 0.422119 1.003784 -0.104660 0.341411 -0.257790
1.068848 0.416504 0.944458 0.061784 0.358189 -0.289747
1.038574 0.403687 0.890259 0.160852 0.427963 -0.341678
1.006104 0.388550 0.846313 0.196804 0.524368 -0.402663
0.967529 0.374390 0.807983 0.191744 0.646605 -0.464980
0.925903 0.348267 0.785522 0.169374 0.775233 -0.519308
0.886230 0.315674 0.772949 0.136352 0.879893 -0.562450
0.832764 0.293091 0.770874 0.114780 0.945140 -0.596804
0.785767 0.281128 0.772583 0.126498 0.949667 -0.623968
0.743042 0.266602 0.771606 0.161385 0.884953 -0.643142
0.688477 0.264038 0.761963 0.222104 0.772836 -0.649268
0.641846 0.273682 0.754028 0.308389 0.599467 -0.650333
0.622925 0.278442 0.722900 0.394674 0.393609 -0.637284
0.613037 0.274658 0.699219 0.452730 0.241012 -0.614115
0.609009 0.279053 0.677124 0.470839 0.180559 -0.592810
0.601440 0.274902 0.661011 0.466844 0.212250 -0.575233
0.596313 0.269287 0.655396 0.450333 0.307324 -0.554993
