1.114746 0.634888 0.481689 -0.033023 -0.348069 0.604527
1.205688 0.582153 0.448730 0.053795 -0.469241 0.522503
1.247681 0.622437 0.405029 0.180293 -0.556325 0.434088
1.299683 0.638306 0.361938 0.256724 -0.617044 0.392810
1.342163 0.642944 0.334351 0.269507 -0.640746 0.361917
1.368774 0.679565 0.334473 0.265513 -0.636218 0.317710
1.399780 0.710205 0.359985 0.270573 -0.638083 0.250333
1.429932 0.717285 0.393066 0.294008 -0.675100 0.144873
1.450928 0.705566 0.438232 0.331292 -0.768842 -0.010386
1.444092 0.680908 0.475220 0.393076 -0.932889 -0.201065
1.423706 0.651123 0.521973 0.495606 -1.183222 -0.392277
1.411011 0.601074 0.526733 0.653795 -1.493209 -0.551265
1.383057 0.563965 0.527222 0.854594 -1.786418 -0.677763
1.367920 0.552490 0.499023 1.061252 -2.033822 -0.765379
1.354614 0.535278 0.457642 1.239947 -2.179494 -0.825033
1.341309 0.529785 0.406494 1.377364 -2.186152 -0.873502
1.321289 0.514038 0.350952 1.463116 -2.042077 -0.915047
1.285767 0.496704 0.301636 1.496937 -1.778162 -0.956858
1.238159 0.473145 0.273193 1.479361 -1.474301 -1.008256
1.175659 0.436768 0.261230 1.421571 -1.212250 -1.055393
1.110352 0.410767 0.248657 1.361651 -1.037284 -1.105459
1.046265 0.379028 0.231934 1.338482 -0.953928 -1.151265
0.980469 0.375977 0.203857 1.359254 -0.959787 -1.185885
0.936646 0.370850 0.160034 1.386684 -1.022903 -1.201065
0.906982 0.364502 0.081177 1.401332 -1.104661 -1.209854
0.880737 0.380981 0.001099 1.392011 -1.140612 -1.214115
0.858521 0.402222 -0.091187 1.332357 -1.113981 -1.210120
0.839478 0.415283 -0.157227 1.214115 -1.025033 -1.209321
0.833740 0.413208 -0.212646 1.056192 -0.903595 -1.211185
0.830566 0.408203 -0.245239 0.878562 -0.772836 -1.224501
0.827881 0.395996 -0.260864 0.708122 -0.656724 -1.250067
0.821289 0.374634 -0.271973 0.565380 -0.582956 -1.295872
0.825439 0.364136 -0.285156 0.451398 -0.535553 -1.348069
0.835083 0.333130 -0.299683 0.354993 -0.491611 -1.397337
0.840576 0.309814 -0.306152 0.253529 -0.440479 -1.455127
0.845215 0.291138 -0.306641 0.148868 -0.387217 -1.519308
0.847900 0.264648 -0.311279 0.056724 -0.337949 -1.593875
0.848633 0.239136 -0.309814 -0.023435 -0.306258 -1.666045
0.847412 0.209961 -0.312988 -0.097204 -0.307590 -1.736618
0.843018 0.183350 -0.325562 -0.166445 -0.328629 -1.812517
0.810059 0.160278 -0.330322 -0.242610 -0.344607 -1.902530
0.766968 0.149902 -0.337524 -0.338482 -0.374434 -2.000000
0.720093 0.143433 -0.346558 -0.425300 -0.410120 -2.076698
0.674072 0.134277 -0.370361 -0.494541 -0.439947 -2.113981
0.621338 0.136230 -0.391113 -0.552863 -0.456724 -2.115845
0.561279 0.145508 -0.406982 -0.614647 -0.457257 -2.091611
0.506714 0.164795 -0.441895 -0.683888 -0.459387 -2.050333
0.436157 0.191772 -0.445557 -0.760320 -0.444208 -1.997869
0.377075 0.204712 -0.445190 -0.839680 -0.459387 -1.936352
0.322998 0.211304 -0.442627 -0.919308 -0.524368 -1.873502
0.273071 0.221191 -0.437622 -1.011451 -0.617843 -1.823702
0.222656 0.236572 -0.442627 -1.135819 -0.712384 -1.776298
0.174683 0.258301 -0.427490 -1.288948 -0.773103 -1.707057
0.135254 0.267944 -0.399780 -1.460719 -0.802397 -1.618642
0.096069 0.273315 -0.364136 -1.635153 -0.815180 -1.518509
0.046143 0.289307 -0.304321 -1.807989 -0.814913 -1.420506
-0.003662 0.307739 -0.227539 -1.972304 -0.813582 -1.310519
-0.064331 0.324341 -0.138062 -2.111851 -0.828495 -1.180027
-0.118164 0.340210 -0.046875 -2.210652 -0.867377 -1.007190
-0.163574 0.393311 0.026489 -2.278562 -0.931292 -0.785619
-0.180420 0.426636 0.103638 -2.335020 -0.977097 -0.535286
-0.164429 0.428345 0.174927 -2.371505 -0.983222 -0.262051
-0.143677 0.443604 0.257324 -2.397870 -0.920639 0.004527
-0.107544 0.462891 0.358276 -2.428495 -0.806125 0.239680
-0.057495 0.462769 0.448120 -2.425300 -0.666578 0.426631
-0.000122 0.473755 0.551392 -2.395206 -0.507590 0.567244
0.051270 0.512329 0.623535 -2.360320 -0.327031 0.666312
0.074829 0.573486 0.681396 -2.337417 -0.095606 0.723302
0.040405 0.684692 0.751465 -2.349933 0.194141 0.753395
-0.014771 0.805176 0.856079 -2.399201 0.475632 0.813848
-0.074097 0.851807 0.991821 -2.398669 0.644474 0.927830
-0.100952 0.869751 1.113159 -2.216778 0.606391 1.096405
-0.063110 0.875000 1.181641 -1.832224 0.382956 1.339814
0.050781 0.882324 1.168213 -1.333955 0.136884 1.602397
0.184448 0.880005 1.134399 -0.855659 0.062051 1.814115
0.309570 0.944946 1.096436 -0.524101 0.196804 1.933955
0.426514 0.998779 1.073364 -0.354461 0.542210 1.984820
0.487061 1.023315 1.092407 -0.281491 1.011451 1.963782
0.513550 1.039917 1.123413 -0.221838 1.462317 1.910253
0.518311 1.033081 1.167358 -0.109188 1.789081 1.878029
0.524902 0.993164 1.184814 0.106525 1.951798 1.881491
0.575806 0.958862 1.132935 0.413049 1.964581 1.912117
0.660400 0.940430 1.060669 0.774168 1.941145 1.994940
0.767334 0.932129 0.944580 1.124101 1.942743 2.111585
0.872314 0.944824 0.837280 1.408788 2.008522 2.230626
0.953979 0.948853 0.769531 1.607457 2.129694 2.333688
1.003784 0.956177 0.716553 1.713981 2.216511 2.358455
1.071167 0.953003 0.702148 1.777896 2.222903 2.306525
1.200806 0.932617 0.627930 1.878562 2.156325 2.192011
1.355347 0.911865 0.530273 2.068442 2.126498 2.063648
1.510864 0.871460 0.413208 2.312383 2.168309 1.933156
1.620117 0.872803 0.305786 2.492676 2.225566 1.715047
1.674194 0.841187 0.223389 2.531025 2.248202 1.373369
1.663574 0.797241 0.165405 2.401864 2.186951 0.926232
1.591187 0.767212 0.135498 2.149667 1.983755 0.411718
1.481934 0.722534 0.115234 1.847670 1.634354 -0.086019
1.365234 0.654785 0.091309 1.601598 1.193342 -0.473768
1.261475 0.593994 0.066406 1.453529 0.716911 -0.739015
1.192139 0.545044 -0.001099 1.381092 0.296405 -0.890013
1.134521 0.512695 -0.064453 1.328895 0.017310 -0.960053
1.081299 0.483398 -0.123535 1.237017 -0.123835 -1.009853
1.017456 0.452393 -0.171387 1.077763 -0.142743 -1.076698
0.939453 0.423218 -0.203125 0.875366 -0.088149 -1.162983
0.851196 0.395264 -0.228638 0.658589 -0.000266 -1.242344
0.760864 0.364136 -0.242554 0.454594 0.090546 -1.292943
0.676025 0.319580 -0.253784 0.275366 0.143276 -1.306791
0.591797 0.291870 -0.254761 0.120107 0.136884 -1.289747
0.528564 0.270020 -0.263794 -0.017310 0.064980 -1.234354
0.473145 0.241577 -0.294556 -0.146738 -0.053529 -1.142210
0.423462 0.231323 -0.318115 -0.276698 -0.184820 -1.029028
0.388794 0.222778 -0.349609 -0.406391 -0.313715 -0.885752
0.360962 0.218140 -0.378052 -0.549667 -0.414913 -0.716378
0.342896 0.201538 -0.404663 -0.714780 -0.479095 -0.537683
0.330933 0.196167 -0.434937 -0.913449 -0.510519 -0.365912
0.318604 0.204712 -0.451782 -1.145140 -0.500932 -0.210386
0.318726 0.214111 -0.455200 -1.411718 -0.458855 -0.079095
0.324463 0.235474 -0.459839 -1.683356 -0.403462 0.022104
0.327881 0.253418 -0.452271 -1.947004 -0.340080 0.087350
0.333740 0.272705 -0.429688 -2.210120 -0.289747 0.137417
0.335815 0.293091 -0.394165 -2.481225 -0.264714 0.182423
0.338501 0.322998 -0.333374 -2.764580 -0.294274 0.226365
0.346191 0.353760 -0.269653 -3.040746 -0.379228 0.279893
0.371094 0.356445 -0.163330 -3.301465 -0.519574 0.322770
0.397583 0.347290 -0.032837 -3.554461 -0.756858 0.342477
0.445190 0.324707 0.122314 -3.787483 -1.091079 0.356858
0.499634 0.295410 0.285767 -3.985353 -1.499867 0.352064
0.548706 0.295532 0.453979 -4.133688 -1.899068 0.343542
0.619263 0.300903 0.624023 -4.219174 -2.204794 0.368575
0.675171 0.341553 0.778809 -4.235686 -2.366179 0.408256
0.745605 0.345215 0.899536 -4.161119 -2.315047 0.427963
0.802246 0.325317 1.045044 -4.003196 -2.081491 0.430360
0.828369 0.294800 1.189087 -3.761385 -1.783489 0.413049
0.817993 0.288818 1.309937 -3.440479 -1.515846 0.405859
0.817749 0.301025 1.404663 -3.060719 -1.316112 0.441545
0.838623 0.321167 1.478882 -2.670573 -1.151531 0.524900
0.877441 0.346191 1.537231 -2.305726 -0.959521 0.620772
0.917358 0.377930 1.540527 -1.965113 -0.703862 0.689214
0.936279 0.418701 1.527710 -1.659387 -0.340346 0.715313
0.916626 0.453735 1.480469 -1.407457 0.063915 0.704128
0.893799 0.485596 1.432739 -1.233555 0.409321 0.682823
0.857300 0.503174 1.363525 -1.113981 0.630626 0.645273
0.818115 0.539185 1.312256 -1.021039 0.726232 0.596005
0.778931 0.557983 1.259033 -0.927830 0.718775 0.560053
0.755859 0.563721 1.205933 -0.835419 0.628229 0.549667
0.754883 0.567383 1.134888 -0.717177 0.465513 0.525965
0.761963 0.574463 1.062744 -0.565912 0.273502 0.477763
0.785767 0.574829 0.975708 -0.404794 0.090013 0.423435
0.813599 0.571289 0.904297 -0.288948 -0.040213 0.372304
0.833130 0.560669 0.846680 -0.240746 -0.101465 0.321172
0.838745 0.548828 0.809937 -0.238881 -0.102264 0.262583
