0.056030 0.347046 0.118042 -0.808522 0.668708 0.428229
0.008423 0.281372 0.185669 -0.804794 0.653262 0.723835
0.055298 0.177490 0.196411 -0.673768 0.459387 1.071904
0.081665 0.189819 0.152222 -0.533688 0.181891 1.389081
0.125732 0.196289 0.098633 -0.431957 -0.010652 1.652996
0.194702 0.197876 0.058350 -0.379228 -0.070573 1.835153
0.211426 0.255859 -0.003052 -0.447936 0.016245 1.876431
0.186157 0.338379 0.017456 -0.624234 0.202663 1.829827
0.183228 0.370361 0.051514 -0.782157 0.401332 1.791212
0.182617 0.353394 0.072510 -0.869507 0.524368 1.764581
0.215820 0.324219 0.078369 -0.908655 0.549134 1.803196
0.282715 0.288574 0.065674 -0.929694 0.496138 1.953928
0.357422 0.289795 0.036865 -0.969108 0.426099 2.174967
0.425781 0.345459 -0.003418 -1.092410 0.425300 2.389880
0.462280 0.412964 0.037964 -1.336884 0.544341 2.523569
0.440186 0.517334 0.133057 -1.637816 0.640213 2.494807
0.397583 0.655029 0.295044 -1.866045 0.598402 2.393076
0.420532 0.693481 0.442871 -1.840213 0.332091 2.351265
0.549438 0.675293 0.518311 -1.517443 -0.144341 2.374700
0.751343 0.642578 0.502686 -1.070306 -0.598935 2.449800
0.962280 0.640747 0.472046 -0.694274 -0.815712 2.570972
1.188721 0.654663 0.391113 -0.500133 -0.735819 2.716112
1.353760 0.742310 0.338013 -0.560320 -0.411451 2.823702
1.513794 0.779785 0.425903 -0.877230 0.044208 2.841278
1.629883 0.815918 0.550049 -1.341944 0.405326 2.710786
1.721924 0.819092 0.708008 -1.743009 0.590945 2.450866
1.790283 0.832275 0.874390 -1.840479 0.601598 2.130759
1.849365 0.838135 0.986816 -1.604527 0.461252 1.872703
1.947388 0.853882 1.028198 -1.160852 0.235419 1.701731
2.053345 0.915894 1.001465 -0.668176 0.039947 1.549667
2.124146 0.975952 0.928467 -0.313981 -0.041012 1.314780
2.143066 1.012939 0.907715 -0.164048 -0.009587 0.976831
2.127563 1.031860 0.920654 -0.107324 0.089481 0.593076
2.098389 1.036377 0.928589 -0.040213 0.185885 0.216511
2.066162 1.018921 0.922852 0.075632 0.240479 -0.109720
2.052856 0.999268 0.901855 0.224234 0.255659 -0.367510
2.026123 0.970093 0.873047 0.364048 0.271904 -0.592543
1.972290 0.938354 0.847656 0.475899 0.261784 -0.832224
1.894287 0.890137 0.831421 0.578429 0.211718 -1.109188
1.798706 0.839111 0.806030 0.688149 0.100133 -1.401598
1.700684 0.793213 0.775391 0.819707 -0.043142 -1.656991
1.613892 0.752686 0.724121 0.968309 -0.199467 -1.865779
1.556519 0.718872 0.656616 1.112650 -0.343276 -2.021571
1.513428 0.691772 0.580200 1.223169 -0.424234 -2.137151
1.476929 0.657349 0.505981 1.283888 -0.427164 -2.235952
1.431274 0.610107 0.435425 1.291079 -0.374168 -2.350466
1.368896 0.563599 0.388916 1.238881 -0.289214 -2.495073
1.287109 0.510132 0.357544 1.139281 -0.217843 -2.659121
1.192749 0.461670 0.329102 1.022903 -0.175766 -2.813049
1.101807 0.419922 0.313721 0.929161 -0.164314 -2.927830
1.017944 0.380493 0.278564 0.876964 -0.182690 -3.000000
0.940796 0.350098 0.228394 0.860719 -0.213848 -3.048469
0.858276 0.327393 0.191528 0.850865 -0.225566 -3.082290
0.774536 0.273804 0.159424 0.805060 -0.234887 -3.107057
0.685791 0.219727 0.131226 0.717443 -0.266045 -3.130226
0.574097 0.185669 0.124756 0.608522 -0.321704 -3.140879
0.467163 0.153198 0.121582 0.513981 -0.432490 -3.111585
0.364746 0.126831 0.109009 0.475366 -0.586684 -3.033822
0.271851 0.119507 0.081665 0.473236 -0.750466 -2.915579
0.185303 0.114014 0.054077 0.477497 -0.892144 -2.766445
0.121216 0.104248 0.011963 0.479095 -1.013049 -2.577363
0.058228 0.112671 -0.027710 0.477230 -1.090546 -2.351265
0.009155 0.114380 -0.071533 0.452730 -1.136884 -2.096937
-0.054321 0.124146 -0.079346 0.400533 -1.146471 -1.828229
-0.102417 0.139893 -0.101074 0.339814 -1.138482 -1.541145
-0.138306 0.142578 -0.115234 0.254328 -1.136352 -1.254061
-0.164917 0.132568 -0.113770 0.170706 -1.135286 -0.986684
-0.190796 0.113525 -0.103271 0.098802 -1.147537 -0.740879
-0.208130 0.103760 -0.100708 0.046605 -1.178961 -0.518775
-0.217407 0.094604 -0.097656 0.004527 -1.209854 -0.317710
-0.229736 0.088135 -0.094116 -0.038881 -1.236751 -0.132357
-0.238770 0.098389 -0.095947 -0.089747 -1.260985 0.047403
-0.243896 0.118652 -0.084229 -0.157124 -1.272969 0.237816
-0.234741 0.134888 -0.078735 -0.246871 -1.259121 0.446338
-0.219116 0.145386 -0.068848 -0.343276 -1.219973 0.681491
-0.200562 0.153564 -0.040283 -0.438881 -1.171505 0.946738
-0.182251 0.172607 -0.020386 -0.526232 -1.136085 1.231691
-0.168579 0.196777 0.007813 -0.601065 -1.099334 1.523302
-0.142212 0.205078 0.030273 -0.671372 -1.090280 1.830892
-0.101196 0.226440 0.057983 -0.745140 -1.108122 2.147270
-0.048096 0.275391 0.077393 -0.823968 -1.125699 2.444474
0.034058 0.336548 0.104370 -0.912650 -1.109720 2.663915
0.128784 0.411743 0.117432 -1.013049 -1.025300 2.755260
0.219727 0.457520 0.133057 -1.120639 -0.830892 2.735553
0.319824 0.478271 0.147461 -1.219174 -0.543542 2.668708
0.405884 0.496094 0.182739 -1.307057 -0.207190 2.605060
0.502808 0.509399 0.228027 -1.404794 0.105992 2.565912
0.583008 0.536743 0.286377 -1.525699 0.355260 2.543542
0.661011 0.599609 0.367676 -1.667377 0.544607 2.538748
0.754883 0.651001 0.470093 -1.801864 0.660186 2.575233
0.874634 0.642456 0.575684 -1.847403 0.704927 2.646605
1.011841 0.633057 0.655884 -1.773369 0.689481 2.715579
1.156738 0.651123 0.695068 -1.608256 0.665246 2.758988
1.293213 0.682251 0.695068 -1.413582 0.683089 2.733422
1.393799 0.741455 0.689697 -1.234088 0.770706 2.628762
1.449341 0.798950 0.693604 -1.099601 0.890812 2.434621
1.471558 0.857910 0.708740 -1.021838 0.973103 2.180027
1.493042 0.884888 0.712158 -1.002131 0.984021 1.908389
1.512817 0.872314 0.745850 -1.009055 0.904128 1.612517
1.516846 0.838989 0.772461 -0.973901 0.713981 1.298269
1.526978 0.801880 0.791870 -0.876698 0.454594 1.021305
1.530640 0.774902 0.777466 -0.717177 0.194940 0.787750
1.522217 0.763062 0.747559 -0.545406 0.000799 0.578961
1.510254 0.755493 0.705811 -0.423968 -0.102796 0.386951
1.484009 0.742188 0.678467 -0.388282 -0.086551 0.206658
1.441040 0.722290 0.662231 -0.401332 0.011451 0.031158
1.383911 0.697754 0.669067 -0.409854 0.147537 -0.136085
1.321167 0.659912 0.676392 -0.393076 0.265246 -0.280160
1.256470 0.622803 0.671875 -0.335020 0.318775 -0.397603
1.195923 0.599121 0.664917 -0.231425 0.308123 -0.485220
1.136353 0.570190 0.640869 -0.107856 0.252996 -0.542477
1.092407 0.544678 0.618164 0.001065 0.187217 -0.585087
1.050049 0.513672 0.585449 0.089747 0.122503 -0.625300
1.008789 0.501587 0.554321 0.167776 0.074035 -0.664181
0.962769 0.489868 0.528931 0.235686 0.036751 -0.696139
0.922485 0.473022 0.506958 0.284687 -0.003728 -0.726232
0.880737 0.463501 0.476929 0.315313 -0.035686 -0.752330
0.834351 0.448853 0.466187 0.322770 -0.054328 -0.766711
0.799927 0.430420 0.451538 0.320905 -0.070040 -0.765113
0.762329 0.418823 0.444092 0.327297 -0.083356 -0.752597
0.726685 0.417969 0.430054 0.339547 -0.083888 -0.721704
0.688232 0.420288 0.411987 0.367244 -0.068442 -0.659654
0.666748 0.415039 0.407959 0.397337 -0.037550 -0.568043
0.657837 0.393677 0.405151 0.422636 -0.031158 -0.449268
0.657715 0.380615 0.400269 0.452463 -0.050067 -0.324634
0.645752 0.395752 0.386108 0.500932 -0.063915 -0.208522
0.632935 0.399414 0.383911 0.554727 -0.064980 -0.102796
0.611450 0.392822 0.400269 0.611718 -0.089481 -0.007190
0.594360 0.388184 0.407715 0.702264 -0.193875 0.091079
0.595215 0.401001 0.386963 0.835153 -0.367244 0.195739
0.596558 0.421387 0.344360 0.987483 -0.544075 0.288149
0.606323 0.432373 0.309448 1.137417 -0.708921 0.364581
0.640259 0.454346 0.246338 1.268708 -0.866045 0.423702
0.688477 0.492676 0.158691 1.350999 -0.964581 0.443941
0.738037 0.539673 0.074829 1.322503 -0.920639 0.407457
0.777100 0.557129 0.011230 1.158189 -0.725433 0.319308
0.801147 0.571289 -0.028442 0.864980 -0.419174 0.201864
0.801147 0.585571 -0.030640 0.479627 -0.046338 0.084953
0.789063 0.572510 0.008545 0.065779 0.328362 0.002397
0.777588 0.556030 0.081177 -0.279095 0.643675 -0.048202
0.765747 0.539429 0.131714 -0.504394 0.873768 -0.072437
0.742920 0.538818 0.177856 -0.611984 1.026897 -0.082823
0.726563 0.520142 0.226318 -0.649001 1.076165 -0.080692
0.711426 0.500244 0.274048 -0.638349 1.017044 -0.071105
0.712402 0.489136 0.316772 -0.593875 0.865779 -0.060985
0.716675 0.476196 0.363403 -0.520107 0.655659 -0.047936
0.742676 0.467163 0.386475 -0.423968 0.422370 -0.040479
0.792236 0.455444 0.410889 -0.334221 0.227696 -0.049800
0.872070 0.456299 0.428345 -0.303595 0.157656 -0.088415
0.957031 0.448486 0.431274 -0.381891 0.317710 -0.165646
