0.186768 0.442993 0.522827 -0.440746 0.417843 0.346471
0.261597 0.404541 0.485107 -0.567776 0.377630 0.441811
0.266602 0.386475 0.457520 -0.675366 0.425832 0.438349
0.271362 0.405273 0.430908 -0.772304 0.505726 0.347270
0.253662 0.382690 0.414917 -0.887617 0.597071 0.225300
0.218140 0.354370 0.402466 -1.019174 0.679095 0.113182
0.174927 0.342041 0.390015 -1.176831 0.735819 0.029294
0.126587 0.327393 0.399536 -1.361119 0.772304 -0.018375
0.098511 0.305664 0.392456 -1.568842 0.804794 -0.043675
0.067017 0.301025 0.403931 -1.786152 0.862051 -0.046072
0.052124 0.309692 0.419922 -1.988016 0.943542 -0.016778
0.055298 0.320068 0.456421 -2.163782 1.046072 0.045273
0.058105 0.333618 0.514404 -2.319308 1.162184 0.132889
0.071289 0.339722 0.594971 -2.446072 1.265246 0.245539
0.097046 0.322632 0.682983 -2.532889 1.333955 0.366711
0.114380 0.314575 0.782593 -2.570972 1.351531 0.462317
0.132202 0.318481 0.891968 -2.568043 1.310253 0.535286
0.131470 0.336670 0.984497 -2.534487 1.230892 0.599467
0.149780 0.354004 1.074951 -2.476431 1.144607 0.667643
0.194214 0.368530 1.170044 -2.430360 1.084154 0.722503
0.226196 0.375610 1.276489 -2.407723 1.044208 0.720639
0.261597 0.383667 1.388428 -2.361119 0.996538 0.666045
0.298828 0.380127 1.497070 -2.282024 0.945672 0.591212
0.316162 0.397461 1.613037 -2.167244 0.926764 0.503595
0.339355 0.405029 1.728516 -1.988549 0.923302 0.446338
0.344116 0.387817 1.901489 -1.728096 0.928362 0.402663
0.360107 0.373657 2.020874 -1.372304 0.829028 0.313715
0.362305 0.365845 2.133057 -0.954194 0.611984 0.168043
0.364624 0.350464 2.234863 -0.509188 0.331025 0.002397
0.375610 0.320313 2.314209 -0.107856 0.054860 -0.149933
0.365845 0.325928 2.395264 0.247936 -0.152597 -0.269507
0.340820 0.371338 2.458374 0.603196 -0.243409 -0.306791
0.344971 0.391602 2.479126 1.001065 -0.226897 -0.246072
0.388794 0.369019 2.480225 1.457523 -0.105726 -0.160053
0.432129 0.320068 2.456055 1.909720 0.085752 -0.117177
0.434570 0.279541 2.394287 2.315579 0.301465 -0.143009
0.409546 0.234375 2.323242 2.674035 0.494807 -0.200799
0.367676 0.196289 2.232666 3.017576 0.613316 -0.250866
0.333618 0.167358 2.113403 3.390146 0.646072 -0.277230
0.314697 0.139282 1.964233 3.773103 0.621838 -0.288149
0.304688 0.093750 1.797974 4.112383 0.571505 -0.306258
0.294189 0.064453 1.621704 4.360586 0.512117 -0.354194
0.277588 0.034424 1.443970 4.516112 0.476431 -0.415979
0.255127 0.011108 1.269531 4.594674 0.477763 -0.472437
0.238770 -0.001587 1.104980 4.622903 0.527830 -0.507856
0.242188 -0.003296 0.933350 4.619973 0.619441 -0.504128
0.258423 -0.005249 0.766235 4.572037 0.747803 -0.474567
0.277832 -0.008667 0.604370 4.459654 0.911851 -0.459121
0.303345 0.003662 0.470825 4.288682 1.080959 -0.484687
0.330811 -0.006104 0.344238 4.067111 1.188016 -0.541944
0.351929 -0.001099 0.241089 3.804794 1.187750 -0.654061
0.369995 0.008301 0.157837 3.524900 1.078828 -0.812250
0.363281 0.033203 0.083374 3.272969 0.863116 -0.978961
0.357300 0.046143 0.020142 3.109454 0.566178 -1.106258
0.379028 0.025024 -0.042236 3.049534 0.199467 -1.183222
0.412842 -0.000244 -0.119995 3.062317 -0.216245 -1.234354
0.455322 -0.028076 -0.219116 3.092676 -0.648469 -1.296671
0.500732 -0.037354 -0.336060 3.064447 -1.046605 -1.392810
0.528320 -0.046509 -0.440552 2.913182 -1.319041 -1.523835
0.525513 -0.042114 -0.532104 2.607457 -1.423169 -1.671371
0.483521 -0.021240 -0.582153 2.185885 -1.373369 -1.810386
0.409912 0.008911 -0.612549 1.711585 -1.233023 -1.900666
0.318604 0.030396 -0.611572 1.237816 -1.080959 -1.927563
0.216919 0.059448 -0.596802 0.811185 -0.997071 -1.890546
0.131104 0.079956 -0.577637 0.447403 -1.018642 -1.815712
0.040283 0.078491 -0.547974 0.135020 -1.127563 -1.738748
-0.055786 0.085205 -0.513672 -0.124368 -1.313182 -1.682823
-0.156982 0.100464 -0.469971 -0.346205 -1.556591 -1.655126
-0.254517 0.120239 -0.421631 -0.547004 -1.830360 -1.642876
-0.346069 0.145264 -0.370483 -0.750466 -2.106791 -1.645539
-0.424438 0.169189 -0.327393 -1.003728 -2.319840 -1.674567
-0.534790 0.192871 -0.248291 -1.313981 -2.416511 -1.748602
-0.644043 0.181519 -0.158936 -1.668975 -2.438615 -1.821039
-0.765503 0.199707 -0.038696 -2.025832 -2.413848 -1.839947
-0.875610 0.196045 0.096069 -2.319840 -2.399734 -1.786418
-0.984985 0.192749 0.242676 -2.496139 -2.432490 -1.646871
-1.088501 0.218872 0.379883 -2.578695 -2.521438 -1.409055
-1.159668 0.240234 0.541992 -2.631425 -2.625832 -1.115313
-1.172974 0.225464 0.674316 -2.661784 -2.695073 -0.764581
-1.131958 0.193726 0.795288 -2.675632 -2.681491 -0.344075
-1.068481 0.166382 0.912109 -2.665779 -2.525433 0.116644
-0.979370 0.142700 1.020264 -2.644740 -2.234354 0.597603
-0.884033 0.162354 1.080566 -2.622104 -1.829294 1.082024
-0.823486 0.215820 1.150024 -2.643675 -1.341411 1.534754
-0.773682 0.272339 1.239380 -2.698802 -0.797337 1.924900
-0.754272 0.317627 1.378540 -2.788282 -0.266844 2.242077
-0.735229 0.332031 1.509644 -2.827696 0.151265 2.490013
-0.689331 0.319336 1.649902 -2.740879 0.369640 2.704927
-0.606934 0.309570 1.810669 -2.482024 0.355792 2.921704
-0.479126 0.323364 1.899658 -2.048735 0.147270 3.142210
-0.290405 0.335327 1.929199 -1.499601 -0.135553 3.364847
-0.065430 0.382813 1.910767 -0.931292 -0.397869 3.550200
0.156128 0.468140 1.873535 -0.436485 -0.496138 3.611185
0.358032 0.583618 1.839966 -0.082290 -0.380027 3.539015
0.546265 0.703857 1.806763 0.144873 -0.135286 3.415180
0.728638 0.793945 1.774902 0.295872 0.175499 3.285220
0.851807 0.879150 1.732788 0.429561 0.508921 3.098802
0.945801 0.923828 1.675293 0.571505 0.843675 2.849268
0.995117 0.937622 1.602661 0.735819 1.120639 2.533955
1.043579 0.912476 1.507935 0.912916 1.282557 2.173103
1.047852 0.893555 1.412598 1.096671 1.284154 1.786418
1.057495 0.875244 1.284180 1.299068 1.171771 1.435952
1.069702 0.848999 1.135864 1.481758 1.005326 1.118775
1.071167 0.809692 0.979126 1.604527 0.868975 0.807190
1.053101 0.773315 0.832153 1.645539 0.796272 0.494807
1.016968 0.722168 0.695557 1.600000 0.818908 0.206658
0.952026 0.665771 0.581177 1.480426 0.919840 -0.048202
0.855713 0.595459 0.497314 1.320639 1.031158 -0.262051
0.753296 0.528320 0.431396 1.165113 1.084154 -0.426099
0.652344 0.467651 0.367798 1.044474 1.053795 -0.537949
0.576538 0.412354 0.311401 0.957390 0.933156 -0.609587
0.514771 0.381958 0.248169 0.897204 0.735553 -0.634088
0.483276 0.366699 0.184326 0.853262 0.477497 -0.607457
0.474609 0.356079 0.113403 0.804794 0.192543 -0.541145
0.478394 0.358032 0.046265 0.741678 -0.098802 -0.470573
0.478760 0.353027 -0.012451 0.643941 -0.374700 -0.429294
0.488892 0.341553 -0.054077 0.516911 -0.614647 -0.424501
0.500366 0.322388 -0.103638 0.360852 -0.817310 -0.460453
0.509033 0.317139 -0.131348 0.159787 -0.974434 -0.547270
0.515015 0.309937 -0.147705 -0.069774 -1.095606 -0.657257
0.522339 0.306274 -0.148315 -0.316378 -1.209854 -0.754727
0.528687 0.306274 -0.137451 -0.575766 -1.327297 -0.844740
0.536621 0.324585 -0.138672 -0.848469 -1.438083 -0.937683
0.526855 0.351074 -0.124023 -1.135286 -1.520905 -1.043409
0.491333 0.371826 -0.087646 -1.419707 -1.579494 -1.153129
0.424561 0.402954 -0.037476 -1.682557 -1.700133 -1.265246
0.356323 0.438110 0.016724 -1.911318 -1.936618 -1.381358
0.293335 0.449951 0.074951 -2.092410 -2.274567 -1.487617
0.268799 0.429443 0.161011 -2.231691 -2.678828 -1.582157
0.281250 0.369995 0.263062 -2.367776 -3.120639 -1.655126
0.305542 0.312866 0.399414 -2.541678 -3.539015 -1.699334
0.352295 0.267700 0.530396 -2.774434 -3.842876 -1.691611
0.371460 0.247070 0.664429 -3.072437 -3.900133 -1.655659
0.377808 0.240234 0.828735 -3.384554 -3.651398 -1.610386
0.375122 0.220459 1.008545 -3.659121 -3.128362 -1.553396
0.359375 0.150879 1.190430 -3.852730 -2.432490 -1.486818
0.320801 0.070557 1.372803 -3.915047 -1.690280 -1.404794
0.291870 -0.033203 1.559204 -3.827696 -1.074567 -1.268708
0.243652 -0.099854 1.727539 -3.593875 -0.685220 -1.072437
0.204468 -0.119995 1.837769 -3.233822 -0.560586 -0.877763
0.172607 -0.093628 1.877686 -2.780559 -0.626631 -0.743808
0.166382 -0.057373 1.868530 -2.305193 -0.760320 -0.681225
0.156494 -0.017944 1.838745 -1.878562 -0.870306 -0.669507
0.148193 0.045166 1.786377 -1.546205 -0.917443 -0.695073
0.137329 0.083008 1.749023 -1.332623 -0.854594 -0.721172
0.113159 0.102295 1.715210 -1.225566 -0.689747 -0.719041
0.080078 0.127808 1.691650 -1.154194 -0.473502 -0.665779
0.057495 0.137573 1.657959 -1.046605 -0.255127 -0.540346
0.044067 0.153320 1.607788 -0.888149 -0.064980 -0.382157
0.046387 0.164795 1.540283 -0.712916 0.093742 -0.227430
