-0.037476 0.935181 0.314575 -0.285752 0.112916 0.000533
-0.021362 0.866333 0.307007 -0.469241 0.205593 -0.026099
-0.074219 0.838501 0.406738 -0.533422 0.278562 -0.043941
-0.108887 0.840820 0.415039 -0.462850 0.202929 -0.046072
-0.133423 0.825439 0.431885 -0.317443 0.078562 -0.006658
-0.127441 0.790527 0.412231 -0.144341 -0.083888 0.054594
-0.109863 0.756470 0.392212 0.000533 -0.220240 0.110253
-0.092163 0.723511 0.350830 0.092144 -0.304394 0.146471
-0.075073 0.684570 0.317871 0.112117 -0.299334 0.165113
-0.066772 0.632080 0.297485 0.065246 -0.218376 0.175766
-0.071411 0.581787 0.280884 -0.035952 -0.090546 0.188282
-0.099854 0.535400 0.269531 -0.159521 0.054061 0.200266
-0.145264 0.471802 0.265503 -0.278029 0.188282 0.189348
-0.239380 0.445435 0.280029 -0.361385 0.259654 0.164048
-0.338501 0.432983 0.295288 -0.386152 0.207989 0.177364
-0.397827 0.417114 0.307373 -0.337683 0.027430 0.284154
-0.395508 0.391235 0.307251 -0.248735 -0.230093 0.498535
-0.346802 0.370361 0.283936 -0.181891 -0.467377 0.787217
-0.298218 0.362427 0.253296 -0.186418 -0.589081 1.092410
-0.256836 0.375000 0.248047 -0.278296 -0.579760 1.385353
-0.214722 0.380371 0.269653 -0.447936 -0.466045 1.658855
-0.184814 0.383667 0.292358 -0.666045 -0.280692 1.874301
-0.195313 0.392456 0.362793 -0.896671 -0.051398 1.973635
-0.212280 0.367432 0.450562 -1.050866 0.119574 2.000533
-0.218872 0.325073 0.533813 -1.050333 0.146471 2.035686
-0.195068 0.341187 0.576904 -0.894541 0.024501 2.160586
-0.142212 0.412964 0.607422 -0.668442 -0.168842 2.478029
-0.021851 0.431641 0.617065 -0.442077 -0.357923 2.955526
0.115845 0.483521 0.581665 -0.233555 -0.406658 3.421571
0.244995 0.575317 0.564941 -0.108921 -0.262583 3.735819
0.403809 0.646729 0.574463 -0.082290 0.032756 3.842344
0.554565 0.706421 0.575806 -0.103862 0.360852 3.821039
0.687988 0.767090 0.593750 -0.146205 0.638083 3.779228
0.832153 0.823608 0.618652 -0.171771 0.802663 3.742210
1.009521 0.883301 0.613770 -0.175233 0.852463 3.703063
1.175293 0.931274 0.590820 -0.181358 0.832756 3.627963
1.319458 1.056519 0.556396 -0.206924 0.816245 3.428229
1.428101 1.138062 0.561890 -0.264714 0.871105 3.104927
1.544678 1.170166 0.552124 -0.321704 0.913182 2.688948
1.619751 1.198608 0.543701 -0.348602 0.940879 2.171505
1.651489 1.226196 0.516968 -0.376565 0.949667 1.604794
1.644531 1.219238 0.501465 -0.411718 0.941411 1.058855
1.612305 1.176880 0.478638 -0.439414 0.882557 0.557124
1.542725 1.148193 0.460571 -0.448469 0.771771 0.104927
1.471313 1.132446 0.446289 -0.435952 0.612517 -0.264980
1.424683 1.102295 0.420532 -0.408788 0.415712 -0.547537
1.379761 1.076294 0.390137 -0.380826 0.226099 -0.765113
1.341553 1.055542 0.355835 -0.369640 0.050599 -0.936884
1.312866 1.030029 0.316528 -0.391212 -0.088415 -1.089214
1.276611 1.008423 0.291260 -0.468442 -0.183489 -1.244740
1.228027 0.970459 0.286621 -0.598136 -0.247403 -1.411984
1.166504 0.919922 0.302124 -0.745140 -0.317976 -1.564581
1.094727 0.874023 0.333618 -0.879893 -0.408788 -1.711851
1.040283 0.835327 0.351807 -1.001864 -0.527031 -1.850067
0.969971 0.804810 0.400513 -1.104661 -0.629028 -1.973902
0.912842 0.757813 0.452515 -1.184288 -0.741678 -2.087883
0.859619 0.714111 0.512573 -1.232756 -0.887617 -2.194407
0.806396 0.670044 0.568726 -1.228229 -1.074834 -2.281225
0.761963 0.618652 0.618652 -1.165912 -1.301731 -2.366711
0.721680 0.580322 0.633789 -1.059121 -1.536085 -2.470306
0.655640 0.582886 0.620361 -0.947270 -1.724634 -2.600266
0.593628 0.553467 0.617554 -0.866578 -1.822370 -2.736351
0.529663 0.517578 0.621826 -0.848469 -1.818642 -2.870839
0.450684 0.469238 0.628418 -0.910253 -1.719308 -2.981891
0.354492 0.410278 0.658081 -1.037017 -1.550466 -3.066578
0.238525 0.333008 0.750488 -1.218908 -1.335020 -3.130759
0.095337 0.261353 0.866211 -1.385885 -1.136085 -3.142210
-0.056885 0.206177 0.975342 -1.419973 -1.027696 -3.056192
-0.183838 0.147339 1.077026 -1.254594 -1.051132 -2.874301
-0.266968 0.107422 1.134888 -0.926232 -1.185353 -2.604794
-0.313965 0.109619 1.122681 -0.537949 -1.320639 -2.274567
-0.340698 0.115723 1.064819 -0.196005 -1.335553 -1.921704
-0.358643 0.119141 0.993530 0.031691 -1.178162 -1.588016
-0.390503 0.114380 0.928955 0.133955 -0.881758 -1.295073
-0.431519 0.097656 0.870483 0.153662 -0.532357 -1.042876
-0.478271 0.090332 0.827759 0.142477 -0.234088 -0.794141
-0.503296 0.091919 0.775513 0.137417 -0.022370 -0.517710
-0.501587 0.079468 0.723755 0.141944 0.102530 -0.208256
-0.469116 0.062866 0.673096 0.141411 0.184820 0.105992
-0.426758 0.035645 0.627319 0.106258 0.256192 0.399201
-0.385498 0.010376 0.595093 0.040213 0.333955 0.657523
-0.347046 -0.027710 0.579102 -0.048469 0.403196 0.885752
-0.338623 -0.045410 0.575195 -0.155792 0.448202 1.064980
-0.369019 -0.031738 0.569824 -0.268708 0.459387 1.196005
-0.418335 -0.019531 0.583740 -0.339547 0.420772 1.311851
-0.448364 -0.022217 0.593628 -0.333955 0.298003 1.458589
-0.451294 -0.039551 0.585083 -0.243675 0.122237 1.674567
-0.398315 -0.051392 0.564697 -0.125166 -0.040746 1.985087
-0.332153 -0.060303 0.551270 -0.075899 -0.098269 2.401065
-0.251465 -0.055664 0.512207 -0.127297 -0.047936 2.895073
-0.164063 -0.046631 0.527832 -0.277763 0.164847 3.434887
-0.083252 -0.047729 0.569824 -0.511851 0.508123 3.938748
-0.027588 -0.043335 0.636475 -0.775766 0.901997 4.365646
0.066406 -0.078979 0.696411 -0.979494 1.259654 4.720107
0.158813 -0.119019 0.727295 -1.123302 1.557390 4.921172
0.209473 -0.164307 0.774414 -1.242344 1.826365 4.973635
0.260986 -0.139526 0.846558 -1.319840 1.961917 5.006125
0.392822 0.025757 0.919922 -1.343542 1.839414 5.234887
0.688232 0.202759 1.050903 -1.305726 1.519574 5.768842
1.095459 0.386597 1.198853 -1.171238 1.144873 6.364048
1.640747 0.511963 1.341797 -0.945939 0.864181 6.642610
2.005859 0.547485 1.362549 -0.606391 0.790413 6.232224
2.175171 0.663086 1.321777 -0.283356 0.985087 5.171238
2.021851 0.751099 1.247192 -0.051931 1.222370 3.817577
1.766357 0.781128 1.209106 0.000533 1.357923 2.600000
1.510620 0.741821 1.111084 -0.053795 1.402929 1.786152
1.328979 0.709106 1.071045 -0.189081 1.372570 1.410653
1.252075 0.641479 1.028076 -0.356858 1.288948 1.357923
1.239624 0.578125 1.017334 -0.508655 1.219973 1.419707
1.245239 0.552734 1.030029 -0.588815 1.192277 1.471638
1.270752 0.518921 1.039185 -0.554461 1.142743 1.464181
1.247070 0.515503 1.031128 -0.390146 1.076964 1.333955
1.194336 0.507202 0.972290 -0.180027 0.955260 1.141678
1.138794 0.481812 0.900513 0.008522 0.802131 0.966178
1.083740 0.468994 0.833862 0.147004 0.617044 0.830892
1.033691 0.464111 0.756104 0.230626 0.439947 0.719308
0.995728 0.440430 0.706665 0.233822 0.324634 0.610652
0.952148 0.417725 0.663940 0.161385 0.275366 0.471105
0.886841 0.400269 0.656250 0.026631 0.289214 0.295340
0.827271 0.358887 0.673218 -0.130493 0.331292 0.108655
0.746216 0.318604 0.727173 -0.264714 0.339281 -0.070573
0.676636 0.291748 0.780518 -0.349667 0.288948 -0.219973
0.618896 0.265259 0.821167 -0.358722 0.167244 -0.320905
0.575317 0.249390 0.852661 -0.286019 -0.014115 -0.366445
0.559814 0.245117 0.863037 -0.165646 -0.230093 -0.349933
0.570068 0.249512 0.852295 -0.039148 -0.426365 -0.287350
0.587769 0.256470 0.838867 0.044474 -0.545140 -0.218376
0.599121 0.263794 0.830933 0.098269 -0.574700 -0.157390
0.615845 0.262817 0.824707 0.112916 -0.553928 -0.116378
0.632202 0.273315 0.815308 0.078296 -0.466844 -0.100932
0.628784 0.282227 0.817139 0.005060 -0.290013 -0.123302
0.616699 0.273193 0.838501 -0.088149 -0.073236 -0.166178
0.593262 0.255371 0.869263 -0.163782 0.118242 -0.215446
0.560181 0.248657 0.896240 -0.211718 0.236485 -0.272170
0.527344 0.240234 0.911255 -0.218908 0.284421 -0.326498
0.497437 0.231689 0.917358 -0.183755 0.276431 -0.363515
0.473999 0.230347 0.919312 -0.115579 0.222104 -0.379494
0.459717 0.227173 0.894531 -0.037816 0.146471 -0.375766
0.454102 0.235107 0.875488 0.024234 0.090013 -0.359787
0.444946 0.232422 0.851563 0.062051 0.079627 -0.336352
0.451294 0.232422 0.855713 0.061518 0.101731 -0.323036
0.442139 0.235596 0.856934 0.028229 0.138216 -0.327563
0.423950 0.236572 0.866211 0.007723 0.173103 -0.328629
0.407837 0.232056 0.853027 0.028495 0.198935 -0.313715
0.398804 0.236816 0.850098 0.074301 0.206125 -0.286818
0.406616 0.225098 0.847412 0.104128 0.203462 -0.255925
0.407593 0.232788 0.832520 0.111851 0.188815 -0.230626
0.407715 0.232910 0.821045 0.122237 0.178162 -0.194940
0.403687 0.237061 0.809448 0.141411 0.178429 -0.150466
0.410767 0.228394 0.806396 0.159787 0.182157 -0.103063
