0.032715 0.889160 0.381836 -0.120107 0.099334 -0.024767
0.038818 0.847046 0.384033 -0.214115 0.129694 -0.097470
-0.003662 0.868042 0.409790 -0.263382 0.157656 -0.179228
-0.029175 0.860474 0.422363 -0.297736 0.140346 -0.240746
-0.045532 0.824829 0.426270 -0.309188 0.112383 -0.269241
-0.069336 0.801758 0.427612 -0.288682 0.092943 -0.279095
-0.096436 0.777466 0.420166 -0.264980 0.086551 -0.276165
-0.128296 0.750122 0.404175 -0.251132 0.097470 -0.266045
-0.168213 0.715088 0.390015 -0.249001 0.123036 -0.257790
-0.211182 0.677734 0.380737 -0.255127 0.157390 -0.243675
-0.260986 0.639038 0.379395 -0.262583 0.179760 -0.213316
-0.302368 0.586304 0.376831 -0.259654 0.171505 -0.147803
-0.326538 0.537964 0.374023 -0.225832 0.124634 -0.039148
-0.328003 0.502075 0.362183 -0.175233 0.066312 0.108389
-0.302734 0.452515 0.347900 -0.123036 0.018642 0.272437
-0.262451 0.399780 0.323364 -0.088948 0.009587 0.418908
-0.238892 0.353027 0.311768 -0.099068 0.063382 0.532889
-0.234985 0.314331 0.301758 -0.156059 0.159521 0.616778
-0.249878 0.287720 0.304199 -0.260186 0.270306 0.669507
-0.293701 0.253052 0.328857 -0.378162 0.352064 0.702530
-0.379639 0.248169 0.350952 -0.465779 0.342743 0.728895
-0.492920 0.270264 0.401367 -0.500666 0.213049 0.783489
-0.544312 0.232666 0.434570 -0.411185 -0.064447 0.953662
-0.550903 0.195923 0.445068 -0.198668 -0.426631 1.250067
-0.474365 0.229736 0.426270 0.061518 -0.775233 1.637550
-0.321533 0.255249 0.385254 0.259121 -0.992543 2.124367
-0.143677 0.268433 0.323975 0.314780 -0.964581 2.633023
-0.042603 0.323486 0.287231 0.203728 -0.646605 2.994141
-0.003662 0.396729 0.305542 -0.096138 -0.149667 3.181891
-0.002075 0.420044 0.371704 -0.461784 0.326498 3.184820
-0.023315 0.382813 0.457764 -0.691611 0.628762 3.073236
-0.037964 0.327881 0.549194 -0.704128 0.655659 2.982424
0.005493 0.349243 0.600342 -0.520905 0.393342 3.049001
0.173340 0.413574 0.599731 -0.255127 -0.046605 3.360320
0.406372 0.499023 0.577515 -0.049001 -0.377896 3.813049
0.647583 0.672974 0.508911 0.021039 -0.433822 4.137417
0.878540 0.805786 0.450684 -0.119840 -0.207457 4.155260
1.000122 0.800781 0.443481 -0.389348 0.205326 3.771238
0.994873 0.862915 0.485718 -0.683089 0.603462 3.111585
0.955078 0.994873 0.600952 -0.933955 0.803728 2.571505
0.990967 1.028198 0.679199 -1.044474 0.705992 2.460453
1.143311 1.051392 0.686768 -1.014114 0.507590 2.607457
1.313232 1.132813 0.675293 -0.984554 0.447137 2.740879
1.502930 1.196411 0.661865 -1.021571 0.585619 2.768842
1.660156 1.230591 0.660767 -1.145406 0.863915 2.655127
1.767456 1.261963 0.701294 -1.311851 1.194940 2.397337
1.837646 1.240356 0.760376 -1.467643 1.445806 2.007989
1.856567 1.219116 0.826538 -1.525965 1.547270 1.516378
1.831421 1.157227 0.894531 -1.429028 1.499068 0.976831
1.776611 1.089478 0.908691 -1.187217 1.295073 0.418642
1.688110 1.052246 0.907593 -0.834354 1.000000 -0.121438
1.588501 1.019531 0.845459 -0.429561 0.626631 -0.595473
1.490845 0.997070 0.754517 -0.068975 0.222370 -0.999467
1.390503 0.973511 0.676636 0.182157 -0.144607 -1.344607
1.307129 0.945557 0.597534 0.330493 -0.467643 -1.629827
1.233032 0.918945 0.525391 0.373901 -0.722237 -1.850599
1.188477 0.887939 0.462158 0.307324 -0.889747 -2.009055
1.153564 0.853394 0.418701 0.127830 -0.951265 -2.124101
1.104614 0.824707 0.411865 -0.145672 -0.899068 -2.224234
1.042969 0.779053 0.427368 -0.443409 -0.769907 -2.305992
0.978271 0.734253 0.468628 -0.699068 -0.630892 -2.378961
0.913696 0.687134 0.507935 -0.873768 -0.533422 -2.447137
0.850098 0.629395 0.546875 -0.967244 -0.501198 -2.532623
0.787842 0.568115 0.590942 -1.004794 -0.547537 -2.664714
0.718140 0.516724 0.611694 -0.993076 -0.655127 -2.828495
0.639771 0.491211 0.630249 -0.937417 -0.788016 -2.990146
0.559204 0.470093 0.638916 -0.859654 -0.917177 -3.109720
0.463867 0.441284 0.651123 -0.784820 -1.030093 -3.194940
0.389526 0.412842 0.670166 -0.729694 -1.124900 -3.245007
0.325928 0.396851 0.668335 -0.733156 -1.188549 -3.218375
0.287231 0.341187 0.670776 -0.818376 -1.131025 -3.180825
0.226563 0.245605 0.693359 -0.994674 -0.894274 -3.245273
0.082031 0.151001 0.760254 -1.194407 -0.536618 -3.453529
-0.151489 0.035767 0.877930 -1.303861 -0.230093 -3.692677
-0.418579 -0.075806 1.005981 -1.252730 -0.154727 -3.837550
-0.687866 -0.129761 1.104736 -0.992810 -0.384554 -3.774967
-0.861572 -0.167480 1.156982 -0.554461 -0.905459 -3.444208
-0.926147 -0.166138 1.143555 0.008256 -1.529960 -2.892676
-0.880249 -0.106812 1.037231 0.541145 -2.014647 -2.223169
-0.759644 -0.043579 0.912842 0.842876 -2.139547 -1.513182
-0.620117 0.014160 0.790161 0.842610 -1.808522 -0.867110
-0.515991 0.042358 0.709961 0.574700 -1.115579 -0.330493
-0.465088 0.052734 0.676880 0.148069 -0.302264 0.093209
-0.461060 0.040649 0.696777 -0.280160 0.411984 0.411451
-0.472900 0.003662 0.738281 -0.527031 0.850333 0.663915
-0.473267 -0.037476 0.760864 -0.539281 0.960852 0.871372
-0.469116 -0.058228 0.761963 -0.381624 0.818376 1.029294
-0.454590 -0.056396 0.727051 -0.148336 0.523302 1.134221
-0.441040 -0.036255 0.673340 0.050333 0.207989 1.221305
-0.416992 -0.031250 0.630371 0.154993 -0.032490 1.330226
-0.383667 -0.024048 0.594360 0.162450 -0.158189 1.491079
-0.353027 -0.026978 0.572632 0.098802 -0.141145 1.726498
-0.327271 -0.018433 0.572266 -0.019707 -0.009055 2.013582
-0.306152 0.077881 0.586182 -0.178961 0.180293 2.357124
-0.266846 0.158936 0.607910 -0.317443 0.392011 2.840746
-0.173340 0.178711 0.632690 -0.386418 0.587750 3.400000
-0.052002 0.177490 0.653198 -0.403995 0.766178 3.917976
0.034302 0.182007 0.696045 -0.401065 0.945939 4.290013
0.117310 0.151367 0.722046 -0.345672 1.107324 4.491078
0.215576 0.110596 0.718384 -0.256458 1.240479 4.539814
0.266724 0.120361 0.715210 -0.215712 1.360053 4.410919
0.308350 0.212402 0.711670 -0.308123 1.433023 4.207457
0.398315 0.344482 0.750000 -0.549667 1.426898 4.192810
0.567505 0.456909 0.821167 -0.865779 1.349667 4.474567
0.791748 0.543091 0.900513 -1.153129 1.249800 4.868975
1.036499 0.564575 0.970337 -1.350999 1.199201 5.119041
1.235596 0.570557 1.027222 -1.426365 1.315313 5.038349
1.366821 0.553955 1.072754 -1.394674 1.553662 4.568309
1.367554 0.575684 1.078857 -1.291878 1.788549 3.727031
1.279053 0.607056 1.143921 -1.171771 1.889747 2.827164
1.202393 0.684448 1.204956 -1.091345 1.728629 2.223435
1.175781 0.682373 1.225342 -0.994407 1.372037 1.912383
1.188965 0.688232 1.244873 -0.833555 0.955526 1.709454
1.206055 0.699951 1.247070 -0.582956 0.593875 1.515579
1.222534 0.687622 1.203735 -0.272703 0.325166 1.298003
1.212280 0.663574 1.130981 0.004794 0.176298 1.036218
1.181030 0.647949 1.057007 0.172304 0.112383 0.756059
1.121216 0.624146 0.988037 0.219973 0.122237 0.490280
1.051880 0.586792 0.924683 0.166178 0.180293 0.253262
0.963501 0.551147 0.911133 0.068442 0.275100 0.050599
0.888062 0.515015 0.910034 -0.031425 0.348069 -0.105726
0.823486 0.483521 0.924927 -0.123569 0.399467 -0.201332
0.754272 0.464844 0.933350 -0.178961 0.439414 -0.231691
0.704102 0.434082 0.953491 -0.193609 0.444208 -0.225566
0.661133 0.404663 0.962524 -0.153928 0.396272 -0.229561
0.614746 0.387939 0.962891 -0.074567 0.305726 -0.254860
0.579468 0.374146 0.947021 0.027164 0.165912 -0.279893
0.554932 0.362183 0.920776 0.131824 0.001598 -0.298535
0.540527 0.360962 0.884888 0.207190 -0.143009 -0.316378
0.527100 0.361694 0.851440 0.239148 -0.228495 -0.349933
0.506592 0.353027 0.837036 0.224767 -0.240746 -0.390413
0.481934 0.352905 0.835205 0.185885 -0.207457 -0.405593
0.457764 0.360352 0.829834 0.160320 -0.155526 -0.377630
0.448975 0.358154 0.821045 0.161119 -0.107856 -0.316911
0.448120 0.359985 0.808594 0.169374 -0.060985 -0.246072
0.444336 0.366943 0.790771 0.165379 0.003196 -0.188016
0.444824 0.368286 0.778687 0.142210 0.077497 -0.146471
0.449341 0.366943 0.778198 0.102796 0.146471 -0.124101
0.444336 0.370483 0.783447 0.051664 0.198668 -0.127830
0.436157 0.378296 0.781616 0.011984 0.216778 -0.145140
0.433228 0.383301 0.796021 -0.000266 0.208788 -0.157390
0.432739 0.381714 0.808960 -0.002397 0.181625 -0.161119
0.427002 0.386108 0.806396 -0.001065 0.149134 -0.168842
0.425659 0.380127 0.814819 0.017843 0.114248 -0.170439
0.427368 0.372314 0.811890 0.045273 0.079361 -0.178162
0.428955 0.373291 0.811523 0.061784 0.049800 -0.205593
0.420166 0.373047 0.812378 0.067111 0.033555 -0.249534
0.407471 0.364746 0.815186 0.056458 0.025566 -0.306791
0.392212 0.356812 0.814819 0.027430 0.017843 -0.371238
0.363770 0.350342 0.826294 -0.013049 0.022104 -0.421305
