-0.034424 0.948730 0.431763 -0.450866 0.174168 -0.484687
-0.029663 0.930176 0.423218 -0.408256 0.141678 -0.445806
-0.050171 0.933594 0.435791 -0.292676 0.108655 -0.437284
-0.056396 0.898438 0.420898 -0.176298 0.009055 -0.454061
-0.068237 0.879883 0.396484 -0.096937 -0.095073 -0.478296
-0.088257 0.854614 0.366699 -0.084953 -0.160852 -0.494807
-0.094116 0.834839 0.349365 -0.139281 -0.147803 -0.471904
-0.102051 0.818970 0.344482 -0.243142 -0.066578 -0.422903
-0.101196 0.808472 0.374512 -0.355260 0.043409 -0.334487
-0.092163 0.772095 0.390137 -0.440479 0.127563 -0.228495
-0.074463 0.732788 0.406006 -0.472969 0.204527 -0.149401
-0.071533 0.684937 0.429810 -0.448735 0.275366 -0.117443
-0.078491 0.629150 0.429199 -0.370706 0.311318 -0.113449
-0.078735 0.564941 0.429688 -0.282024 0.316911 -0.127830
-0.110596 0.493652 0.408691 -0.187483 0.315047 -0.155260
-0.175659 0.459595 0.382568 -0.108389 0.321704 -0.191744
-0.267944 0.425415 0.366333 -0.073502 0.353928 -0.225033
-0.381470 0.386475 0.360596 -0.067643 0.376831 -0.218109
-0.469971 0.338379 0.364624 -0.043409 0.337417 -0.120373
-0.516357 0.298096 0.347778 0.018375 0.210919 0.071904
-0.526855 0.252808 0.317139 0.105459 0.030892 0.342210
-0.497803 0.203979 0.293335 0.189614 -0.149933 0.658855
-0.423096 0.159180 0.245239 0.254860 -0.284154 0.994940
-0.326050 0.134277 0.195313 0.262051 -0.313981 1.304128
-0.246704 0.133789 0.129395 0.161651 -0.197071 1.528895
-0.216919 0.134277 0.119019 -0.072969 0.065513 1.627164
-0.250488 0.138550 0.145386 -0.391744 0.356325 1.614647
-0.331055 0.135864 0.223267 -0.692943 0.535819 1.562450
-0.408325 0.110718 0.304199 -0.877497 0.499601 1.555526
-0.470337 0.126099 0.379028 -0.894274 0.241811 1.622104
-0.436768 0.167114 0.427856 -0.758189 -0.151531 1.794407
-0.350830 0.211304 0.419678 -0.531025 -0.541678 2.089481
-0.200562 0.257446 0.384644 -0.352597 -0.764581 2.434887
-0.023438 0.306763 0.342041 -0.335020 -0.675632 2.787483
0.114868 0.361206 0.314819 -0.521438 -0.274035 3.080426
0.130981 0.446045 0.385986 -0.892410 0.238083 3.200000
0.112549 0.512695 0.543091 -1.297470 0.622104 3.209055
0.094482 0.592041 0.748779 -1.543276 0.595206 3.251132
0.173950 0.697266 0.935791 -1.475100 0.116911 3.450599
0.401855 0.811523 1.074829 -1.080692 -0.676964 3.822903
0.805176 0.950928 1.057739 -0.533156 -1.479361 4.245007
1.291626 1.079224 0.875244 -0.045806 -1.833555 4.454061
1.656616 1.225952 0.692627 0.201598 -1.374700 4.255126
1.845581 1.266235 0.575684 0.125166 -0.435686 3.673768
1.796631 1.332642 0.568237 -0.139814 0.497736 2.907324
1.679321 1.386719 0.632568 -0.417577 1.083089 2.243675
1.632446 1.358521 0.674316 -0.576831 1.218109 1.850333
1.676636 1.373413 0.626831 -0.548069 1.005859 1.642077
1.773682 1.396484 0.567871 -0.403995 0.722237 1.463116
1.876343 1.353027 0.482788 -0.279893 0.549667 1.191744
1.913208 1.299805 0.404053 -0.272969 0.478296 0.780559
1.872925 1.272949 0.359375 -0.405859 0.451664 0.278828
1.786133 1.224976 0.367432 -0.604527 0.410386 -0.197071
1.694214 1.165894 0.390503 -0.778162 0.308921 -0.588282
1.599487 1.112305 0.427368 -0.862583 0.147004 -0.905193
1.520874 1.049194 0.452271 -0.854061 -0.072969 -1.182690
1.448364 0.973267 0.464600 -0.790679 -0.314248 -1.451132
1.375854 0.916382 0.476074 -0.708655 -0.590679 -1.704660
1.320801 0.851563 0.469604 -0.639680 -0.862051 -1.934221
1.279053 0.795776 0.452515 -0.620772 -1.079893 -2.153129
1.218750 0.746460 0.439453 -0.655925 -1.210120 -2.356059
1.155518 0.708252 0.430542 -0.741145 -1.255126 -2.531292
1.079346 0.663452 0.430420 -0.884953 -1.218109 -2.686019
0.989990 0.606934 0.454468 -1.061784 -1.124101 -2.829294
0.889526 0.537842 0.491943 -1.229294 -1.035419 -2.955260
0.776123 0.484863 0.536011 -1.357124 -0.991744 -3.059387
0.660645 0.425415 0.578979 -1.438615 -0.992011 -3.139281
0.547607 0.358154 0.644287 -1.486818 -1.040479 -3.183489
0.432373 0.296875 0.714355 -1.488682 -1.162716 -3.207457
0.303589 0.254395 0.781250 -1.451398 -1.341678 -3.213848
0.190796 0.208374 0.858765 -1.367244 -1.559787 -3.186418
0.091187 0.182129 0.900757 -1.227430 -1.784554 -3.128895
0.009766 0.163086 0.922607 -1.097470 -1.948868 -3.032490
-0.065918 0.134644 0.942749 -1.025566 -1.974967 -2.896937
-0.154785 0.114868 0.966309 -0.986418 -1.865513 -2.727829
-0.248535 0.096069 0.987793 -0.950732 -1.658589 -2.508389
-0.333252 0.074951 1.016235 -0.910519 -1.420240 -2.222903
-0.404419 0.056519 1.030273 -0.837816 -1.177630 -1.883622
-0.447021 0.032471 1.030396 -0.729161 -0.962983 -1.510519
-0.448364 0.020874 0.976929 -0.610652 -0.748602 -1.126232
-0.481934 -0.024292 0.976929 -0.510519 -0.505726 -0.737417
-0.507568 -0.078369 0.959595 -0.417044 -0.331025 -0.431691
-0.529541 -0.131348 0.931274 -0.333955 -0.223435 -0.235419
-0.567261 -0.162231 0.900635 -0.254860 -0.166178 -0.134221
-0.587158 -0.172607 0.844849 -0.157390 -0.155260 -0.052730
-0.580200 -0.182251 0.787964 -0.060186 -0.157656 0.084953
-0.550659 -0.180420 0.713257 0.013582 -0.145672 0.320107
-0.496460 -0.174316 0.648193 0.041278 -0.081491 0.642610
-0.420654 -0.174072 0.586304 -0.018109 0.038881 1.026631
-0.338867 -0.162354 0.535034 -0.189081 0.231425 1.426898
-0.268799 -0.170898 0.535889 -0.464447 0.501731 1.804527
-0.217773 -0.177002 0.542236 -0.809854 0.803728 2.125965
-0.183960 -0.196533 0.607788 -1.171238 1.112383 2.351265
-0.207764 -0.223022 0.723511 -1.503862 1.366711 2.434887
-0.291260 -0.230835 0.876587 -1.739281 1.448735 2.396538
-0.394409 -0.240845 1.034546 -1.801332 1.289747 2.356591
-0.489380 -0.245972 1.155518 -1.621571 0.910786 2.441012
-0.504395 -0.288330 1.244873 -1.203462 0.434354 2.776298
-0.380127 -0.278198 1.262085 -0.688948 0.059920 3.457257
-0.063721 -0.272217 1.182861 -0.283089 0.067643 4.375233
0.317993 -0.142700 1.119629 -0.160320 0.655925 5.411984
0.739868 0.022095 1.130127 -0.429827 1.698802 6.424767
1.134766 0.114624 1.269165 -0.940879 2.938216 7.166178
1.393921 0.261230 1.440552 -1.439414 3.960053 7.342477
1.447021 0.324951 1.599365 -1.742743 4.421305 6.849001
1.447021 0.448242 1.817993 -1.726232 4.225566 5.971505
1.496582 0.652344 1.916016 -1.250599 3.317976 4.996272
1.564941 0.800049 1.783936 -0.456991 2.051664 4.032224
1.596558 0.789551 1.524536 0.244740 1.000799 3.137683
1.582153 0.934326 1.312744 0.547270 0.412250 2.360320
1.530151 0.934082 1.158081 0.550999 0.299068 1.715047
1.438354 0.895874 1.040649 0.378695 0.590146 1.176032
1.269531 0.822510 0.981567 0.114248 1.046871 0.728629
1.077881 0.722290 0.989014 -0.129960 1.482290 0.429294
0.908447 0.619263 1.003540 -0.263116 1.684155 0.265779
0.780762 0.539673 1.004395 -0.257790 1.640746 0.213049
0.691406 0.490967 0.997192 -0.145140 1.390679 0.266578
0.664429 0.490356 0.930176 0.025566 1.000000 0.384820
0.649292 0.461548 0.859375 0.195739 0.635419 0.497204
0.646973 0.476929 0.799683 0.307324 0.338482 0.565380
0.638550 0.488770 0.742065 0.363249 0.145406 0.580559
0.624146 0.487061 0.712036 0.348336 0.043941 0.563515
0.603149 0.478394 0.688599 0.274035 -0.010919 0.528628
0.575928 0.462524 0.690552 0.186418 -0.040213 0.474035
0.546997 0.432495 0.712524 0.103329 -0.085486 0.392543
0.510986 0.400146 0.756836 0.033289 -0.167776 0.296937
0.490234 0.373901 0.787598 -0.017577 -0.288682 0.206391
0.465698 0.305298 0.854980 -0.043409 -0.402397 0.122503
0.452515 0.299561 0.874268 -0.046072 -0.544873 0.034621
0.435425 0.284302 0.897461 -0.028495 -0.642344 -0.027164
0.427246 0.268188 0.921631 -0.003196 -0.708921 -0.065246
0.416382 0.276367 0.917969 0.034354 -0.720905 -0.079627
0.416870 0.267700 0.912109 0.064447 -0.660719 -0.068975
0.422974 0.269409 0.921265 0.065779 -0.563249 -0.060453
0.410889 0.271362 0.920654 0.048202 -0.442077 -0.075899
0.401001 0.247437 0.942261 0.016245 -0.318775 -0.104394
0.388428 0.237549 0.948608 -0.016245 -0.213049 -0.141944
0.362183 0.234253 0.948120 -0.031425 -0.117710 -0.180559
0.333374 0.227295 0.955322 -0.025566 -0.045007 -0.202663
0.305176 0.227295 0.949829 -0.008522 -0.013848 -0.199467
0.286377 0.228882 0.932007 0.025832 -0.001864 -0.176032
0.277588 0.229858 0.920776 0.062850 0.014913 -0.141145
0.278687 0.226196 0.912842 0.084953 0.044208 -0.101731
0.274902 0.226563 0.902344 0.079893 0.075366 -0.071372
0.267700 0.227417 0.896606 0.070573 0.114780 -0.045273
0.255737 0.228394 0.880981 0.076165 0.152863 -0.013316
0.260986 0.232788 0.869507 0.086818 0.179228 0.021838
0.268311 0.226074 0.873779 0.071638 0.193342 0.051931
0.278198 0.231323 0.868286 0.038615 0.194141 0.065513
0.274536 0.240601 0.860962 0.020772 0.194407 0.068442
