-0.154297 0.704834 0.426880 -0.282557 0.217044 -0.233289
-0.162964 0.625610 0.417236 -0.390413 0.304128 -0.227164
-0.217651 0.576782 0.418823 -0.473236 0.439680 -0.246605
-0.309570 0.533936 0.422729 -0.528096 0.527563 -0.279095
-0.423950 0.504150 0.447388 -0.528628 0.551531 -0.305459
-0.515625 0.470337 0.458008 -0.450866 0.453262 -0.275100
-0.589600 0.456909 0.464844 -0.284421 0.227430 -0.164314
-0.600586 0.443359 0.447388 -0.059920 -0.081491 0.041012
-0.572266 0.416870 0.411865 0.163249 -0.400266 0.310253
-0.523560 0.404175 0.377197 0.336085 -0.640746 0.597603
-0.458496 0.397949 0.342285 0.409587 -0.758722 0.885752
-0.403076 0.386230 0.335205 0.376565 -0.730759 1.157656
-0.350708 0.367798 0.326172 0.257257 -0.597870 1.370173
-0.349609 0.366577 0.343872 0.095872 -0.400000 1.507590
-0.365234 0.357300 0.375122 -0.031691 -0.211451 1.584288
-0.401733 0.363281 0.401367 -0.074834 -0.106791 1.618109
-0.397949 0.363403 0.416504 -0.039414 -0.128895 1.676165
-0.339966 0.401489 0.431641 0.021571 -0.239680 1.832224
-0.234741 0.457520 0.453613 0.060719 -0.376298 2.169108
-0.075562 0.473877 0.459717 0.072170 -0.457257 2.620506
0.072510 0.469116 0.446899 0.042344 -0.372570 2.967244
0.169312 0.515625 0.439087 -0.089214 -0.098802 3.078562
0.191040 0.536743 0.460327 -0.320373 0.290280 2.953662
0.118286 0.551270 0.503662 -0.557390 0.659121 2.655926
0.023071 0.581421 0.555664 -0.707590 0.861252 2.346738
-0.049194 0.598511 0.623779 -0.737417 0.814115 2.221571
-0.064575 0.591553 0.662476 -0.619707 0.500932 2.355792
0.040283 0.586548 0.673584 -0.378695 0.068442 2.671371
0.238525 0.609375 0.635254 -0.116644 -0.270040 3.030626
0.479614 0.659302 0.594482 0.041545 -0.322503 3.347803
0.673462 0.779297 0.546387 0.027430 -0.043675 3.543542
0.823242 0.880981 0.529175 -0.190413 0.452730 3.565912
0.909424 0.908691 0.562256 -0.524101 0.988815 3.420240
0.975708 0.978516 0.624512 -0.817310 1.413049 3.212250
1.046265 1.032471 0.694702 -1.029028 1.618376 3.065246
1.141846 1.060059 0.754517 -1.121971 1.607190 2.972570
1.264038 1.090820 0.804077 -1.100932 1.450599 2.869507
1.395508 1.106201 0.803589 -1.005060 1.224234 2.722237
1.503052 1.089111 0.786011 -0.872969 1.042077 2.474567
1.563354 1.066406 0.749146 -0.723302 0.951798 2.093209
1.573853 1.057129 0.717285 -0.576565 0.959254 1.597337
1.523804 1.046875 0.682739 -0.445539 0.988549 1.052463
1.437622 1.045044 0.662598 -0.325166 0.940612 0.549933
1.376099 1.035400 0.640869 -0.209321 0.754727 0.177097
1.352783 1.007813 0.584351 -0.102796 0.476431 -0.064714
1.351807 0.979126 0.517700 -0.030626 0.226631 -0.264980
1.343018 0.952515 0.449951 -0.022370 0.084421 -0.477763
1.313721 0.908936 0.389893 -0.087883 0.042610 -0.708122
1.263184 0.855835 0.347290 -0.221571 0.053795 -0.945939
1.200317 0.803833 0.333252 -0.397071 0.069241 -1.176831
1.140381 0.749756 0.329712 -0.587483 0.056458 -1.393609
1.075439 0.713745 0.343262 -0.785087 0.017044 -1.607989
0.995361 0.681763 0.383301 -0.971505 -0.053529 -1.800533
0.928711 0.656006 0.425049 -1.108655 -0.174168 -1.941145
0.879517 0.633423 0.464722 -1.184554 -0.338748 -2.019707
0.850586 0.613647 0.489868 -1.199734 -0.517177 -2.051664
0.830688 0.602539 0.506592 -1.177896 -0.689214 -2.070040
0.817383 0.599854 0.522217 -1.147803 -0.845007 -2.086818
0.805176 0.581787 0.539063 -1.144607 -0.977097 -2.129694
0.783691 0.564941 0.564087 -1.169640 -1.079627 -2.227430
0.749512 0.564087 0.585449 -1.209055 -1.165646 -2.370706
0.704834 0.559448 0.618408 -1.263649 -1.214381 -2.542477
0.644165 0.536865 0.663452 -1.327830 -1.231158 -2.711318
0.571655 0.501953 0.719971 -1.380559 -1.237284 -2.869507
0.484131 0.440186 0.784058 -1.401332 -1.250067 -3.021039
0.390015 0.343506 0.853516 -1.380559 -1.264181 -3.168043
0.255493 0.273438 0.924438 -1.330759 -1.290013 -3.326764
0.113037 0.192261 0.981689 -1.263649 -1.332623 -3.466045
-0.028076 0.094360 1.064941 -1.176831 -1.378695 -3.515846
-0.152832 0.031250 1.128418 -1.062850 -1.421039 -3.474567
-0.261597 -0.006836 1.156738 -0.928895 -1.420506 -3.321704
-0.350586 -0.022461 1.163818 -0.772836 -1.336884 -3.058322
-0.412109 -0.041992 1.150391 -0.590146 -1.164847 -2.707057
-0.461426 -0.053467 1.124146 -0.433023 -0.913981 -2.327031
-0.499756 -0.070801 1.078247 -0.330493 -0.620506 -1.957124
-0.538818 -0.074219 1.034058 -0.271372 -0.307856 -1.606658
-0.567993 -0.083252 0.986206 -0.229561 -0.026897 -1.263649
-0.597046 -0.090210 0.933716 -0.185087 0.179760 -0.929694
-0.602173 -0.088501 0.882690 -0.121971 0.304660 -0.615180
-0.586426 -0.088989 0.817383 -0.052197 0.380027 -0.324368
-0.562378 -0.098022 0.753784 -0.000533 0.432224 -0.073502
-0.549927 -0.094116 0.719482 0.013049 0.463915 0.136085
-0.535400 -0.106567 0.692505 -0.014115 0.449268 0.327031
-0.543823 -0.115234 0.682617 -0.079893 0.386418 0.491345
-0.555420 -0.116211 0.677124 -0.131558 0.281225 0.630093
-0.566528 -0.130005 0.677490 -0.128362 0.160053 0.772037
-0.574463 -0.131348 0.675049 -0.085220 0.038349 0.929161
-0.568359 -0.105957 0.629272 -0.018908 -0.063915 1.126232
-0.556885 -0.050049 0.603027 0.027430 -0.090280 1.402397
-0.496460 -0.008667 0.567505 -0.007190 -0.036485 1.778429
-0.387817 0.014038 0.561523 -0.139547 0.122770 2.215712
-0.278198 0.084717 0.564209 -0.366977 0.389348 2.645806
-0.185059 0.148438 0.598022 -0.678296 0.735020 3.038349
-0.064331 0.175171 0.653076 -0.990945 1.092943 3.413848
0.049438 0.234253 0.723145 -1.256458 1.396272 3.714780
0.145996 0.312988 0.809326 -1.451664 1.611451 3.899068
0.246948 0.370728 0.883911 -1.576831 1.705992 4.012250
0.356812 0.426514 0.949219 -1.638881 1.682024 4.035686
0.447266 0.459229 1.010620 -1.651664 1.580826 3.912916
0.549927 0.492310 1.091187 -1.624234 1.434088 3.680692
0.647705 0.520752 1.150269 -1.554194 1.243142 3.333688
0.727051 0.584229 1.222900 -1.419441 1.049800 2.918775
0.794556 0.681030 1.271851 -1.225300 0.834354 2.588016
0.888794 0.755371 1.313232 -1.003995 0.587483 2.419707
0.972778 0.805908 1.325684 -0.761119 0.348336 2.361651
1.077881 0.839233 1.285767 -0.541411 0.229827 2.303063
1.144531 0.857788 1.234741 -0.392810 0.286019 2.136352
1.157593 0.865723 1.177490 -0.342477 0.477497 1.844474
1.113037 0.854736 1.137695 -0.402130 0.745406 1.483356
1.043579 0.846313 1.093140 -0.549401 0.993342 1.125433
0.968140 0.821655 1.089478 -0.730226 1.173102 0.821305
0.898071 0.799072 1.104492 -0.893742 1.245007 0.608522
0.837158 0.794434 1.138672 -0.983222 1.187750 0.493209
0.805054 0.765869 1.149414 -0.954194 1.043675 0.443941
0.777344 0.720703 1.145874 -0.825033 0.886818 0.397337
0.746338 0.669434 1.140137 -0.642344 0.740613 0.311585
0.707031 0.616699 1.128540 -0.437816 0.593342 0.182690
0.651978 0.562500 1.098145 -0.230626 0.447137 0.029561
0.590576 0.524292 1.071045 -0.056192 0.284154 -0.129960
0.538452 0.480103 1.034912 0.083888 0.112916 -0.264447
0.484985 0.445313 1.010498 0.178695 -0.042610 -0.365646
0.443481 0.411621 0.975220 0.226099 -0.170173 -0.423169
0.410156 0.375122 0.949219 0.234621 -0.239414 -0.446072
0.375488 0.348877 0.932007 0.193875 -0.233555 -0.440213
0.337524 0.313110 0.918945 0.120107 -0.170173 -0.411451
0.300293 0.295532 0.916260 0.048735 -0.084421 -0.377097
0.257935 0.271484 0.917847 -0.004794 0.014115 -0.335553
0.220825 0.251343 0.914795 -0.024234 0.089481 -0.283622
0.190308 0.246460 0.900024 -0.004527 0.139814 -0.227164
0.177734 0.239014 0.884888 0.031691 0.163782 -0.169640
0.158203 0.236206 0.879028 0.063648 0.165113 -0.125166
0.144409 0.235474 0.860229 0.084687 0.144873 -0.095073
0.130005 0.233521 0.859863 0.088149 0.089747 -0.064181
0.124268 0.238403 0.853271 0.091877 -0.000266 -0.023169
0.131714 0.239136 0.853638 0.100932 -0.095606 0.016778
0.143921 0.247681 0.850464 0.106791 -0.175499 0.041545
0.156372 0.270020 0.844604 0.100399 -0.210120 0.044208
0.163208 0.287476 0.830933 0.082024 -0.190945 0.045539
0.170288 0.292725 0.821533 0.065513 -0.143009 0.052996
0.180542 0.294800 0.827637 0.034887 -0.087883 0.061784
0.187256 0.298096 0.831177 -0.040746 -0.034354 0.061252
0.192139 0.301636 0.840210 -0.129960 0.021305 0.061518
0.191406 0.299561 0.849365 -0.181891 0.076964 0.059387
0.194092 0.295532 0.862183 -0.192543 0.121172 0.053529
0.196899 0.295532 0.875854 -0.186418 0.139547 0.036485
0.192383 0.303345 0.882324 -0.174168 0.132091 0.012517
0.189697 0.303955 0.883057 -0.155526 0.111585 -0.009055
0.187378 0.309937 0.872559 -0.125433 0.078296 -0.019174
0.193726 0.314575 0.867554 -0.101997 0.048735 -0.018109
0.211304 0.296997 0.872681 -0.096138 0.025566 -0.013582
