-0.194946 0.505981 0.460327 -0.459121 -0.136085 0.172570
-0.194458 0.472412 0.398926 -0.354727 -0.334221 0.361385
-0.271240 0.519409 0.408203 -0.259654 -0.421039 0.528628
-0.274658 0.453003 0.403809 -0.189880 -0.447670 0.752064
-0.254517 0.403687 0.379395 -0.132889 -0.420240 0.993342
-0.262085 0.353516 0.383423 -0.103595 -0.324900 1.226365
-0.253784 0.322876 0.366455 -0.101997 -0.241012 1.443409
-0.216309 0.302124 0.375000 -0.100133 -0.115047 1.671371
-0.157593 0.304321 0.363159 -0.107856 -0.011984 1.908655
-0.128784 0.374756 0.347534 -0.143808 0.140613 2.128362
-0.089722 0.410400 0.392212 -0.188815 0.309987 2.348602
-0.018555 0.406372 0.408447 -0.183489 0.448202 2.591744
0.054077 0.391357 0.407837 -0.160320 0.605060 2.783755
0.096313 0.370239 0.417603 -0.157923 0.787483 2.868176
0.117065 0.394897 0.436035 -0.145939 0.937949 2.860719
0.134644 0.458984 0.461548 -0.109188 1.002397 2.896937
0.217651 0.534302 0.440796 -0.052463 0.958189 3.031158
0.336548 0.614014 0.411621 0.006658 0.869507 3.243675
0.493652 0.697510 0.367065 0.033023 0.813848 3.441278
0.658325 0.731079 0.307617 -0.025832 0.844474 3.534754
0.762085 0.788086 0.280273 -0.227696 1.006658 3.449268
0.771606 0.901978 0.308350 -0.546471 1.238083 3.207723
0.788818 0.965332 0.419312 -0.850067 1.404794 2.942477
0.832153 1.033569 0.531250 -0.974168 1.334754 2.809854
0.972778 1.033447 0.593140 -0.849001 1.051132 2.803462
1.163086 1.059326 0.568726 -0.540346 0.685752 2.814381
1.374146 1.110840 0.494751 -0.214647 0.403462 2.774168
1.563110 1.186279 0.378296 -0.050866 0.329427 2.644208
1.736816 1.250854 0.334961 -0.115313 0.495340 2.383222
1.849731 1.276978 0.334473 -0.341145 0.749134 1.980027
1.883179 1.273804 0.349121 -0.621571 0.922503 1.438615
1.840698 1.268066 0.404175 -0.834887 0.981092 0.838083
1.774414 1.236572 0.466553 -0.923569 0.930493 0.294541
1.722412 1.194214 0.491699 -0.865779 0.757390 -0.136618
1.669800 1.158691 0.489624 -0.728895 0.494807 -0.459387
1.620239 1.143799 0.461670 -0.587483 0.197337 -0.750466
1.562866 1.130493 0.427246 -0.499334 -0.058322 -1.049268
1.499390 1.100464 0.402832 -0.475632 -0.279361 -1.345672
1.432373 1.059204 0.394287 -0.483089 -0.482823 -1.627430
1.369873 1.012207 0.385864 -0.509987 -0.676964 -1.882557
1.309326 0.954834 0.379883 -0.552597 -0.860719 -2.120106
1.244019 0.905396 0.380615 -0.604261 -1.029028 -2.341411
1.184937 0.861938 0.389404 -0.669241 -1.156325 -2.540346
1.120117 0.808594 0.394409 -0.773635 -1.234354 -2.722237
1.033813 0.762695 0.429077 -0.904927 -1.265246 -2.891345
0.941162 0.710571 0.484131 -1.014913 -1.295872 -3.045539
0.862183 0.652954 0.526489 -1.061252 -1.363515 -3.167510
0.782593 0.581665 0.544067 -1.048735 -1.455393 -3.250599
0.684692 0.508057 0.567993 -1.015180 -1.535553 -3.339015
0.570801 0.436401 0.587891 -0.990146 -1.612517 -3.446072
0.442261 0.350342 0.617188 -1.015446 -1.653529 -3.545140
0.274658 0.260498 0.678467 -1.094008 -1.676431 -3.631957
0.097534 0.210571 0.752197 -1.186418 -1.682557 -3.696671
-0.062500 0.162354 0.820801 -1.274035 -1.658855 -3.701198
-0.215698 0.128174 0.930664 -1.320905 -1.557390 -3.592011
-0.306641 0.098877 0.988525 -1.262317 -1.432756 -3.298802
-0.379883 0.066040 1.032227 -1.097470 -1.299867 -2.872703
-0.431885 0.050903 1.041748 -0.850599 -1.161119 -2.409587
-0.482056 0.049194 1.031860 -0.590146 -0.986418 -1.978162
-0.512451 0.037598 0.988159 -0.384820 -0.790413 -1.614381
-0.530396 0.029907 0.937256 -0.262051 -0.573103 -1.327830
-0.564819 0.029541 0.896240 -0.209587 -0.354461 -1.112650
-0.599609 0.024780 0.866577 -0.184021 -0.178695 -0.921704
-0.613159 0.018066 0.820923 -0.147537 -0.060453 -0.705726
-0.601074 0.024902 0.765991 -0.096937 0.040746 -0.450599
-0.568359 0.020386 0.700439 -0.050333 0.165113 -0.149401
-0.525269 0.000854 0.640381 -0.021838 0.315846 0.185885
-0.479004 -0.010010 0.575073 -0.023169 0.473768 0.531824
-0.447388 -0.018555 0.530640 -0.070573 0.615446 0.861784
-0.432861 -0.032349 0.511230 -0.174967 0.728629 1.141944
-0.441284 -0.032959 0.519043 -0.315579 0.799467 1.366977
-0.458618 -0.018066 0.545532 -0.430093 0.784021 1.565912
-0.458008 -0.021729 0.567749 -0.436218 0.676431 1.791212
-0.421265 -0.027466 0.574951 -0.345672 0.507856 2.039414
-0.349365 0.011597 0.547119 -0.239414 0.343009 2.305726
-0.259766 0.080200 0.505005 -0.206658 0.296937 2.602397
-0.142822 0.127441 0.489380 -0.278029 0.431425 2.957390
-0.027100 0.152222 0.501587 -0.458056 0.703063 3.345672
0.046021 0.159058 0.547119 -0.677497 1.022903 3.705992
0.113037 0.154785 0.583374 -0.874035 1.312650 4.006924
0.183472 0.168091 0.632080 -1.063915 1.557656 4.203462
0.276611 0.234497 0.714111 -1.235419 1.758455 4.325699
0.397095 0.362183 0.805908 -1.350200 1.883089 4.519308
0.544922 0.451416 0.900635 -1.405593 1.892943 4.801065
0.750854 0.501465 0.959717 -1.340080 1.839148 5.002663
0.941772 0.511963 1.008545 -1.210386 1.800266 4.953928
1.046509 0.507202 1.038818 -1.046605 1.753662 4.607191
1.138062 0.539795 1.003418 -0.891345 1.732890 3.996005
1.129883 0.592407 1.004883 -0.830093 1.833023 3.246338
1.128906 0.655884 1.033569 -0.909720 1.906525 2.660187
1.111938 0.710327 1.098877 -1.043941 1.823435 2.374700
1.135010 0.774170 1.159302 -1.164314 1.574967 2.331025
1.203247 0.793579 1.195435 -1.199734 1.270573 2.326232
1.270142 0.786987 1.183350 -1.130226 1.041811 2.164581
1.281372 0.764160 1.163574 -1.014114 0.975233 1.809587
1.229736 0.730103 1.133667 -0.927563 1.009055 1.330493
1.116943 0.693604 1.121826 -0.877230 1.077497 0.848735
1.002686 0.643188 1.112061 -0.850067 1.078562 0.502796
0.912354 0.593018 1.105225 -0.798402 0.992011 0.318775
0.834473 0.569702 1.103638 -0.718509 0.833289 0.237017
0.775269 0.549683 1.100952 -0.614381 0.649800 0.207190
0.730591 0.532593 1.075317 -0.488149 0.474301 0.185885
0.690552 0.519287 1.063843 -0.340613 0.332091 0.161917
0.666626 0.496826 1.030640 -0.181358 0.210919 0.142477
0.635864 0.482544 0.985718 -0.059920 0.123835 0.117710
0.609619 0.467163 0.946899 0.013316 0.079361 0.100133
0.586182 0.461304 0.919312 0.034887 0.071904 0.109720
0.571899 0.451904 0.896606 0.017843 0.086551 0.150200
0.566650 0.450317 0.877686 -0.022370 0.125433 0.212783
0.566284 0.447144 0.871948 -0.070573 0.179494 0.284953
0.565063 0.432007 0.876587 -0.112650 0.243142 0.343009
0.558716 0.418579 0.880981 -0.136085 0.303329 0.357923
0.541992 0.401489 0.883667 -0.133422 0.338748 0.324368
0.515869 0.386963 0.875732 -0.101198 0.327563 0.255659
0.488037 0.376343 0.873291 -0.051398 0.269774 0.170972
0.463013 0.362915 0.872803 -0.009055 0.170173 0.096405
0.442017 0.357788 0.855713 0.018109 0.053529 0.039148
0.421753 0.351074 0.848633 0.040479 -0.046605 0.002663
0.413330 0.348389 0.839722 0.057790 -0.110519 -0.007723
0.406738 0.349854 0.831787 0.066578 -0.135020 0.003462
0.408813 0.343140 0.818970 0.067111 -0.117177 0.022636
0.406372 0.331909 0.823120 0.053262 -0.068708 0.026631
0.394775 0.322998 0.827881 0.021838 -0.015979 0.011185
0.380249 0.314331 0.839600 -0.024501 0.023169 -0.018642
0.360474 0.300659 0.854736 -0.059121 0.032756 -0.045007
0.353027 0.290894 0.862793 -0.057257 0.013582 -0.054594
0.347900 0.287964 0.874878 -0.030093 -0.025033 -0.049001
0.351807 0.299683 0.873901 0.001598 -0.071638 -0.024501
0.362793 0.300293 0.869141 0.038083 -0.097470 0.017577
0.378418 0.310547 0.857178 0.072969 -0.088682 0.054328
0.398560 0.321533 0.848877 0.077497 -0.049800 0.073502
0.406372 0.324951 0.851929 0.048202 0.009055 0.078296
0.409180 0.320679 0.861206 0.007190 0.070839 0.066578
0.406494 0.318359 0.870117 -0.010386 0.113981 0.044474
0.401489 0.317383 0.871338 -0.001864 0.128362 0.005060
0.392456 0.321533 0.866821 0.029827 0.120905 -0.034354
0.392090 0.319946 0.875000 0.058589 0.094274 -0.059387
0.393311 0.320923 0.865234 0.066578 0.048735 -0.074035
0.393433 0.325195 0.862793 0.079627 0.022903 -0.080426
0.392334 0.337524 0.847656 0.097204 0.017044 -0.077497
0.398438 0.343018 0.839966 0.101997 0.035419 -0.065779
0.405396 0.354736 0.835327 0.070306 0.083089 -0.060186
0.416992 0.370850 0.834961 0.007989 0.168309 -0.065513
0.424805 0.373169 0.844604 -0.066312 0.293209 -0.081758
0.428711 0.383911 0.849976 -0.129960 0.436751 -0.112650
0.426514 0.396484 0.867676 -0.185353 0.585353 -0.144873
0.421021 0.384155 0.892456 -0.231691 0.710253 -0.179494
0.408203 0.371704 0.915527 -0.254061 0.780826 -0.232756
0.376343 0.353638 0.948486 -0.240479 0.778961 -0.300133
0.344604 0.331543 0.970825 -0.177896 0.690280 -0.365912
