-0.037231 0.771851 0.501221 -0.310253 0.170706 -0.069507
-0.039917 0.706421 0.501465 -0.370173 0.180559 -0.011185
-0.079712 0.702148 0.540405 -0.342477 0.183222 0.055659
-0.070557 0.649780 0.556396 -0.255659 0.137683 0.165646
-0.062988 0.639404 0.541138 -0.133688 0.091079 0.262317
-0.064819 0.613647 0.510376 -0.009587 0.088415 0.328096
-0.051880 0.571533 0.473999 0.058056 0.134754 0.366445
-0.061035 0.548218 0.439575 0.058589 0.246871 0.347004
-0.076416 0.503662 0.419922 -0.007989 0.416245 0.268708
-0.096558 0.442627 0.406372 -0.119574 0.609587 0.133688
-0.140015 0.381104 0.405762 -0.258589 0.802397 -0.042610
-0.187256 0.309814 0.403442 -0.396272 0.974700 -0.222903
-0.252319 0.243774 0.388794 -0.512650 1.119041 -0.373635
-0.365234 0.228882 0.376709 -0.606924 1.246072 -0.485752
-0.514893 0.223267 0.378174 -0.679893 1.312650 -0.559521
-0.668823 0.264038 0.401855 -0.703063 1.242077 -0.541411
-0.771240 0.299438 0.435669 -0.630360 0.970439 -0.312384
-0.784546 0.372559 0.484131 -0.450333 0.483356 0.198136
-0.682129 0.380127 0.487305 -0.193342 -0.131558 0.969640
-0.494629 0.338379 0.459717 0.070306 -0.683356 1.806924
-0.260010 0.289673 0.423706 0.231158 -0.989614 2.464980
-0.059082 0.275757 0.394653 0.229561 -0.952863 2.797869
0.052490 0.305664 0.353027 0.068176 -0.587217 2.759521
0.020996 0.394409 0.346191 -0.196005 -0.022903 2.425033
-0.119629 0.525024 0.408203 -0.462317 0.516644 2.013316
-0.241211 0.559692 0.514404 -0.622370 0.811451 1.840479
-0.244141 0.524170 0.596802 -0.608788 0.705726 2.002131
-0.141235 0.507568 0.658447 -0.440213 0.314780 2.426898
0.034668 0.488037 0.642700 -0.229827 -0.120107 2.938748
0.233032 0.493408 0.607056 -0.084421 -0.337150 3.268442
0.421509 0.540283 0.568970 -0.089214 -0.218376 3.339547
0.483032 0.634033 0.588135 -0.237816 0.153928 3.185885
0.508545 0.735596 0.643921 -0.455659 0.521438 2.956591
0.536499 0.850098 0.710327 -0.649800 0.764314 2.807989
0.622681 0.924194 0.770142 -0.790679 0.816511 2.818109
0.765747 0.980713 0.813599 -0.864714 0.768842 2.912117
0.952271 1.020752 0.831177 -0.878029 0.738482 2.969907
1.140625 1.084961 0.846802 -0.881758 0.782423 2.930759
1.302979 1.128052 0.859619 -0.900399 0.887084 2.753129
1.432007 1.170166 0.876465 -0.931292 0.990945 2.409055
1.498169 1.204712 0.892944 -0.942743 1.060719 1.919574
1.515381 1.231934 0.915039 -0.903862 1.085486 1.361917
1.497437 1.227417 0.933105 -0.807723 1.065513 0.822903
1.457642 1.205444 0.937500 -0.654860 0.972570 0.373103
1.433105 1.177002 0.901611 -0.464714 0.821305 0.027696
1.418091 1.128540 0.846802 -0.283622 0.669241 -0.250599
1.392944 1.082031 0.778809 -0.164048 0.558722 -0.522770
1.339233 1.047241 0.722290 -0.117177 0.487350 -0.805060
1.265625 1.000000 0.681274 -0.131292 0.439414 -1.079361
1.198730 0.945435 0.655762 -0.180559 0.367510 -1.328629
1.125366 0.899170 0.642944 -0.241012 0.267377 -1.533156
1.070435 0.842651 0.624146 -0.290280 0.144873 -1.693742
1.013428 0.783081 0.604858 -0.335020 0.032756 -1.837284
0.962036 0.729004 0.593018 -0.386684 -0.045273 -1.962716
0.902832 0.674561 0.583008 -0.454328 -0.091611 -2.067377
0.840820 0.629272 0.580444 -0.536884 -0.132889 -2.156325
0.775391 0.589111 0.576904 -0.620772 -0.187217 -2.229028
0.704834 0.568970 0.566406 -0.693742 -0.241545 -2.293742
0.634033 0.550781 0.563599 -0.764048 -0.276964 -2.358988
0.559814 0.520142 0.564087 -0.834354 -0.305726 -2.434354
0.480469 0.487793 0.577759 -0.898802 -0.359787 -2.519840
0.404297 0.447998 0.605957 -0.953662 -0.459920 -2.609055
0.328979 0.411865 0.641602 -0.988016 -0.599734 -2.686818
0.237183 0.374390 0.684814 -0.976298 -0.783755 -2.741944
0.135742 0.331909 0.738281 -0.901198 -1.020240 -2.784021
0.032715 0.286255 0.787842 -0.768575 -1.318775 -2.817843
-0.065552 0.245972 0.810913 -0.612250 -1.643409 -2.847936
-0.164429 0.219238 0.829224 -0.500932 -1.925699 -2.871638
-0.241211 0.195190 0.835938 -0.443675 -2.068176 -2.865779
-0.307861 0.171631 0.839233 -0.477230 -2.030892 -2.813316
-0.372681 0.134399 0.858398 -0.581625 -1.814913 -2.697736
-0.448975 0.087646 0.894775 -0.719308 -1.483356 -2.516911
-0.523804 0.053589 0.938354 -0.833023 -1.113981 -2.250599
-0.584106 0.016113 0.974487 -0.849800 -0.798668 -1.888682
-0.616211 -0.023193 0.993774 -0.746205 -0.578162 -1.469241
-0.625488 -0.056885 0.981934 -0.570439 -0.443142 -1.065246
-0.636597 -0.070679 0.950806 -0.395739 -0.358455 -0.733955
-0.651733 -0.084717 0.913086 -0.231957 -0.315313 -0.468975
-0.659546 -0.101074 0.866089 -0.070306 -0.328629 -0.247137
-0.655029 -0.119141 0.803467 0.082024 -0.398402 -0.046338
-0.637817 -0.135498 0.749756 0.192543 -0.483888 0.155526
-0.612793 -0.159180 0.709961 0.234088 -0.548868 0.371505
-0.578491 -0.166992 0.673706 0.211451 -0.590945 0.605593
-0.557861 -0.138550 0.646729 0.130493 -0.588282 0.866312
-0.530273 -0.087158 0.639160 -0.011185 -0.530226 1.161917
-0.498535 -0.047729 0.658081 -0.193342 -0.427963 1.486818
-0.452881 -0.035278 0.706909 -0.353395 -0.296937 1.811451
-0.408203 -0.038086 0.755859 -0.455925 -0.161917 2.093742
-0.363403 -0.048096 0.778076 -0.506258 -0.050333 2.291878
-0.354858 -0.061523 0.771484 -0.519840 0.064181 2.393609
-0.369141 -0.091553 0.782593 -0.521438 0.185353 2.431425
-0.390015 -0.139893 0.818237 -0.558455 0.256724 2.444740
-0.384644 -0.106812 0.856201 -0.662051 0.223169 2.533156
-0.348145 -0.044434 0.945801 -0.799734 0.114780 2.880426
-0.178711 -0.040527 1.010620 -0.876165 -0.006658 3.532357
0.031006 0.025391 1.040161 -0.867377 0.044208 4.245273
0.262573 0.065308 1.022827 -0.844474 0.383489 4.799468
0.466309 0.072144 1.015991 -0.891079 0.943276 5.092677
0.615601 0.174683 1.009399 -0.984554 1.614381 5.065513
0.731567 0.296875 1.039795 -1.162983 2.197071 4.875100
0.844116 0.460083 1.140991 -1.338748 2.504128 4.712117
0.955688 0.610352 1.249390 -1.457257 2.433023 4.630626
1.121826 0.682251 1.342041 -1.459920 2.076964 4.494807
1.297974 0.700195 1.362549 -1.301198 1.620772 4.149933
1.389771 0.723999 1.306519 -1.062317 1.284421 3.489214
1.368652 0.730347 1.254395 -0.831425 1.144341 2.635952
1.266968 0.725464 1.221069 -0.680160 1.125433 1.787217
1.110229 0.657715 1.195313 -0.611718 1.162983 1.100666
0.979858 0.601074 1.182251 -0.602397 1.104128 0.686551
0.868042 0.581543 1.195435 -0.593875 0.966711 0.514514
0.833374 0.539063 1.187622 -0.536085 0.775766 0.517177
0.842773 0.503296 1.174805 -0.435153 0.591744 0.571505
0.871582 0.506470 1.153442 -0.315846 0.461252 0.607723
0.896606 0.507080 1.125366 -0.225033 0.405859 0.576565
0.892578 0.494995 1.089600 -0.162184 0.427963 0.460186
0.852173 0.483521 1.067017 -0.142477 0.482290 0.296405
0.788940 0.461182 1.052490 -0.145939 0.515846 0.125965
0.728271 0.430542 1.029419 -0.149134 0.504128 -0.037816
0.661255 0.400146 1.016602 -0.143542 0.460985 -0.187483
0.589600 0.368774 1.009644 -0.133422 0.414381 -0.326232
0.516602 0.327637 1.008911 -0.129694 0.357923 -0.446605
0.443970 0.277222 1.013062 -0.113449 0.291345 -0.539547
0.371094 0.270142 1.012085 -0.068975 0.190945 -0.600266
0.313599 0.243530 1.002441 0.009055 0.064181 -0.609587
0.269287 0.232788 0.989502 0.097470 -0.091079 -0.576032
0.234375 0.238281 0.973022 0.190679 -0.250866 -0.501465
0.227905 0.243042 0.959961 0.273502 -0.420506 -0.392810
0.232422 0.247559 0.946167 0.339547 -0.568043 -0.277763
0.247437 0.265381 0.925537 0.385353 -0.673236 -0.185885
0.270142 0.273804 0.906738 0.407457 -0.712117 -0.120639
0.294556 0.282227 0.878174 0.381624 -0.672969 -0.105726
0.302368 0.291138 0.873169 0.320373 -0.557124 -0.135553
0.309814 0.288086 0.868042 0.230626 -0.399467 -0.176565
0.302368 0.279907 0.861206 0.124368 -0.219441 -0.218908
0.287842 0.278076 0.863159 0.022370 -0.027430 -0.257523
0.265015 0.272949 0.874756 -0.063915 0.152064 -0.288415
0.245239 0.255493 0.890015 -0.132623 0.284953 -0.307057
0.218506 0.251221 0.901733 -0.172037 0.355260 -0.328096
0.186157 0.247925 0.899292 -0.175499 0.373103 -0.346738
0.167114 0.240356 0.907715 -0.152863 0.350732 -0.358722
0.160156 0.220337 0.913452 -0.128628 0.292410 -0.372037
0.152710 0.215942 0.911377 -0.102796 0.211451 -0.400799
0.138550 0.213623 0.907715 -0.065779 0.138216 -0.428495
0.133423 0.206299 0.905396 -0.025832 0.072703 -0.431957
0.124756 0.193726 0.910400 -0.000533 -0.000799 -0.413316
0.124268 0.183105 0.905884 0.025033 -0.082290 -0.375233
0.130249 0.178711 0.901855 0.056458 -0.164048 -0.328629
0.148804 0.184937 0.892090 0.073768 -0.219973 -0.280426
0.180542 0.192139 0.889526 0.057523 -0.227430 -0.226631
0.198853 0.208618 0.882690 0.009854 -0.179494 -0.181092
