-0.087524 0.942871 0.402832 -0.076165 0.161651 -0.060719
-0.070435 0.876343 0.390381 -0.094807 0.279361 -0.002663
-0.066772 0.864990 0.410889 -0.139814 0.354194 0.013316
-0.055664 0.851074 0.412354 -0.194674 0.329960 -0.023702
-0.053833 0.835938 0.416870 -0.243142 0.262583 -0.104660
-0.054321 0.817749 0.421387 -0.276698 0.168575 -0.197071
-0.067139 0.818848 0.422241 -0.285220 0.094807 -0.270306
-0.066528 0.808228 0.419556 -0.291878 0.072437 -0.298535
-0.075439 0.788086 0.412842 -0.301198 0.118509 -0.294008
-0.125977 0.781250 0.417236 -0.309454 0.206658 -0.280959
-0.167603 0.772339 0.414185 -0.290812 0.281225 -0.263648
-0.214600 0.718628 0.415894 -0.235153 0.299334 -0.250333
-0.249756 0.666260 0.419067 -0.140346 0.231691 -0.211984
-0.246338 0.607422 0.408813 -0.014115 0.085752 -0.129427
-0.234497 0.557251 0.381836 0.125699 -0.082290 -0.024234
-0.270386 0.574707 0.335693 0.227963 -0.215712 0.060985
-0.309204 0.608765 0.294922 0.246072 -0.276431 0.112383
-0.314819 0.574341 0.280884 0.177097 -0.247403 0.156059
-0.320313 0.512207 0.266602 0.047403 -0.155260 0.202929
-0.315796 0.453979 0.269287 -0.123302 -0.003196 0.241545
-0.326538 0.363770 0.288452 -0.331558 0.198136 0.270573
-0.386841 0.339844 0.314331 -0.525965 0.396005 0.293742
-0.463013 0.327881 0.354980 -0.675100 0.526232 0.336352
-0.544922 0.302002 0.409546 -0.729960 0.546205 0.415712
-0.618774 0.283325 0.467529 -0.691877 0.438083 0.539281
-0.670532 0.258179 0.510742 -0.557390 0.202130 0.726498
-0.692017 0.237793 0.512085 -0.334487 -0.097470 0.973901
-0.653931 0.207153 0.501831 -0.076964 -0.367244 1.275100
-0.565186 0.180298 0.458252 0.149401 -0.532623 1.607723
-0.445923 0.200562 0.421997 0.282823 -0.543009 1.950999
-0.330933 0.225586 0.398682 0.279095 -0.413848 2.339281
-0.231689 0.238037 0.373047 0.153928 -0.182157 2.716645
-0.189941 0.315918 0.381714 -0.053262 0.106258 2.986951
-0.153931 0.345215 0.422485 -0.291345 0.361118 3.119574
-0.124390 0.301392 0.471802 -0.465779 0.523302 3.139015
-0.101929 0.259644 0.538086 -0.543276 0.567776 3.111851
-0.084839 0.258789 0.579468 -0.534221 0.470839 3.094274
-0.005371 0.340210 0.612793 -0.476698 0.263382 3.188282
0.143311 0.437378 0.625488 -0.428762 0.028229 3.504660
0.326660 0.520508 0.616455 -0.415446 -0.094274 3.907324
0.507080 0.587646 0.596313 -0.470839 -0.006924 4.194674
0.629395 0.668091 0.605713 -0.613316 0.289214 4.242077
0.699463 0.735229 0.635864 -0.819707 0.677763 4.035952
0.724609 0.842285 0.707764 -1.011984 1.007457 3.730226
0.785645 0.892700 0.794434 -1.058322 1.131558 3.531025
0.908813 0.941162 0.839111 -0.970972 1.019707 3.496139
1.062866 0.989380 0.861938 -0.783489 0.801598 3.544075
1.269653 1.054199 0.843384 -0.565113 0.588282 3.602929
1.514282 1.123291 0.788696 -0.364048 0.486019 3.580293
1.721069 1.187012 0.708252 -0.246338 0.574168 3.386152
1.839844 1.228149 0.652100 -0.269241 0.841012 2.932889
1.841431 1.230957 0.642334 -0.381092 1.145672 2.282557
1.772827 1.221680 0.660522 -0.487617 1.326764 1.586152
1.680054 1.201294 0.694458 -0.514780 1.320639 0.991744
1.634277 1.171753 0.699463 -0.428762 1.102796 0.628229
1.638794 1.148926 0.665405 -0.273236 0.764314 0.423435
1.649780 1.116821 0.613159 -0.116644 0.457257 0.201332
1.648560 1.080933 0.548340 -0.026365 0.252996 -0.105193
1.600586 1.043579 0.503052 -0.029028 0.150732 -0.467377
1.535156 0.994873 0.466431 -0.098003 0.109720 -0.832756
1.452393 0.947876 0.440674 -0.208522 0.071638 -1.163515
1.368408 0.898071 0.438599 -0.334487 0.012783 -1.449268
1.286743 0.840088 0.440186 -0.452197 -0.073768 -1.687883
1.212891 0.788940 0.436890 -0.538748 -0.175766 -1.896937
1.136597 0.744263 0.437500 -0.616778 -0.280426 -2.079361
1.065674 0.710693 0.445190 -0.710253 -0.367776 -2.247137
0.990967 0.675293 0.458130 -0.810120 -0.447670 -2.398669
0.918945 0.645020 0.482178 -0.893742 -0.543276 -2.529694
0.844238 0.618652 0.505737 -0.944874 -0.672969 -2.641278
0.772949 0.574097 0.528442 -0.958455 -0.833822 -2.740346
0.698364 0.540894 0.546387 -0.924367 -1.021305 -2.837550
0.635498 0.511108 0.553711 -0.873768 -1.209055 -2.926498
0.584961 0.476196 0.552490 -0.841278 -1.371771 -2.996538
0.523438 0.457642 0.537109 -0.845007 -1.473768 -3.052730
0.454346 0.442383 0.528198 -0.902530 -1.478029 -3.110786
0.390747 0.408936 0.513062 -1.026365 -1.397603 -3.165912
0.319092 0.372192 0.527344 -1.207457 -1.223435 -3.217577
0.240845 0.308472 0.581665 -1.435686 -0.985619 -3.262051
0.131104 0.214355 0.682495 -1.687084 -0.748069 -3.307057
-0.006470 0.132080 0.802979 -1.872969 -0.604794 -3.325433
-0.140259 0.070190 0.904663 -1.890546 -0.592543 -3.272437
-0.240845 0.020630 0.990601 -1.721704 -0.684154 -3.143276
-0.312012 -0.016357 1.028320 -1.410653 -0.846605 -2.945939
-0.363892 -0.029053 1.026978 -1.031425 -1.010652 -2.716112
-0.387329 -0.035156 0.983521 -0.691611 -1.094541 -2.478828
-0.410400 -0.032227 0.914429 -0.477230 -1.041545 -2.251931
-0.444092 -0.035278 0.863892 -0.406125 -0.839414 -2.044740
-0.479126 -0.044189 0.821289 -0.444474 -0.539281 -1.828229
-0.520264 -0.063721 0.808716 -0.543542 -0.217843 -1.577896
-0.555664 -0.069946 0.793579 -0.647670 0.053529 -1.265246
-0.581299 -0.083862 0.809448 -0.718509 0.248469 -0.898269
-0.595825 -0.113403 0.818604 -0.731558 0.337949 -0.514514
-0.608643 -0.130127 0.839478 -0.679361 0.325433 -0.166711
-0.620239 -0.153442 0.854492 -0.574434 0.227696 0.125433
-0.619385 -0.174683 0.857300 -0.436485 0.057523 0.365379
-0.616821 -0.190552 0.862427 -0.295872 -0.147004 0.588282
-0.591431 -0.207031 0.856201 -0.167776 -0.355526 0.821305
-0.552002 -0.214600 0.831787 -0.064181 -0.510253 1.078828
-0.534546 -0.190918 0.815674 -0.006391 -0.566977 1.366445
-0.500366 -0.140747 0.798340 -0.024501 -0.522770 1.681225
-0.444336 -0.136841 0.794556 -0.120639 -0.357656 2.015446
-0.430908 -0.122192 0.825317 -0.279627 -0.111851 2.345672
-0.398682 -0.122803 0.862061 -0.417577 0.124368 2.692943
-0.341675 -0.114502 0.896118 -0.478828 0.292410 3.113715
-0.241699 -0.062256 0.913940 -0.478029 0.399201 3.607723
-0.083130 -0.006348 0.924438 -0.437550 0.500932 4.138482
0.100098 0.066284 0.946533 -0.406125 0.651132 4.608522
0.282959 0.191406 0.952759 -0.440746 0.815446 4.971505
0.476685 0.306396 0.972412 -0.517710 0.961119 5.228229
0.692505 0.402832 0.963013 -0.572304 1.108122 5.281758
0.807007 0.448486 0.942993 -0.636485 1.284953 5.063382
0.872681 0.491943 0.951172 -0.733955 1.455659 4.644474
0.913452 0.518066 0.935181 -0.857257 1.548602 4.078562
0.880249 0.582886 0.956055 -0.997603 1.567776 3.441811
0.820923 0.623413 1.035522 -1.117177 1.434887 2.964048
0.851196 0.682739 1.098877 -1.153928 1.089214 2.740346
0.923950 0.758545 1.139160 -1.030892 0.723036 2.667110
1.032715 0.783203 1.153564 -0.794674 0.428762 2.648202
1.120850 0.783325 1.131104 -0.508655 0.248469 2.540080
1.203003 0.771240 1.084961 -0.250599 0.170706 2.306258
1.235718 0.770142 1.022583 -0.090280 0.200799 1.926498
1.209595 0.748901 0.976196 -0.075899 0.328629 1.442610
1.137085 0.735840 0.946411 -0.192543 0.488149 0.961385
1.063599 0.707153 0.937866 -0.368043 0.636485 0.591212
0.984619 0.677490 0.949951 -0.531292 0.758455 0.359254
0.915283 0.682739 0.993042 -0.647670 0.855393 0.218908
0.859131 0.665039 1.029541 -0.692676 0.902264 0.130493
0.811523 0.619629 1.049927 -0.639414 0.898003 0.041278
0.754517 0.579346 1.062744 -0.516644 0.843409 -0.076165
0.694214 0.539673 1.066528 -0.368309 0.727297 -0.204794
0.630981 0.500122 1.056519 -0.218908 0.533955 -0.328895
0.575928 0.465698 1.047852 -0.066578 0.284421 -0.437816
0.537720 0.428101 1.040405 0.084953 0.010120 -0.523569
0.504517 0.398438 1.013062 0.225566 -0.261784 -0.592543
0.490112 0.377808 0.982910 0.350466 -0.487084 -0.635419
0.482178 0.359863 0.942871 0.436218 -0.621571 -0.652197
0.472412 0.341919 0.908203 0.465779 -0.638615 -0.645539
0.472656 0.326172 0.869141 0.431957 -0.541944 -0.621838
0.453613 0.317139 0.842163 0.331292 -0.345406 -0.590679
0.413452 0.309937 0.824951 0.177896 -0.082823 -0.557923
0.353271 0.314209 0.822021 0.009321 0.186152 -0.522237
0.294678 0.300049 0.844238 -0.124900 0.410120 -0.462850
0.242798 0.286621 0.865967 -0.193076 0.542210 -0.364581
0.206787 0.278320 0.875366 -0.185087 0.557923 -0.238083
0.189575 0.272461 0.880737 -0.114780 0.479627 -0.101198
0.192383 0.272461 0.872925 -0.009587 0.346471 0.022104
0.199951 0.278931 0.856323 0.087617 0.202397 0.120639
0.213257 0.281860 0.835693 0.150999 0.075899 0.189614
0.231689 0.282471 0.816895 0.178695 -0.010652 0.225300
0.246216 0.286011 0.807495 0.168043 -0.052730 0.235153
