0.035034 0.745361 0.703857 -0.221838 -0.117710 -0.092676
0.025635 0.729126 0.694458 -0.206391 -0.150200 -0.058589
0.030762 0.719849 0.675537 -0.152863 -0.147004 0.009055
0.049561 0.703125 0.682739 -0.107856 -0.131025 0.093742
0.077759 0.706909 0.654053 -0.078029 -0.098535 0.137150
0.078491 0.699219 0.659912 -0.077763 -0.045007 0.126498
0.078735 0.699463 0.661133 -0.078828 -0.018109 0.110519
0.077637 0.704834 0.664185 -0.064980 -0.021571 0.103329
0.082642 0.710205 0.660400 -0.038881 -0.037550 0.093475
0.088013 0.708374 0.670288 -0.009055 -0.045806 0.094541
0.093994 0.701172 0.663940 0.023169 -0.045007 0.100399
0.093872 0.705200 0.647705 0.040479 -0.031957 0.097736
0.094360 0.710815 0.640625 0.032490 0.000799 0.090013
0.090698 0.709473 0.635254 0.000799 0.046605 0.081491
0.088989 0.707886 0.653931 -0.043409 0.095872 0.056458
0.079834 0.706421 0.666260 -0.060453 0.121971 0.027696
0.061768 0.704834 0.678833 -0.046605 0.116911 0.012783
0.052612 0.699097 0.685913 -0.011718 0.083089 0.016511
0.046265 0.698120 0.687012 0.031158 0.031158 0.033289
0.048096 0.709961 0.685181 0.068708 -0.027164 0.058855
0.068359 0.716797 0.676636 0.095340 -0.075100 0.087350
0.078613 0.730103 0.663574 0.096671 -0.079893 0.103595
0.088745 0.740112 0.658325 0.079893 -0.049534 0.100932
0.099121 0.742188 0.648315 0.052996 -0.004261 0.087084
0.094116 0.751587 0.651733 0.010652 0.050333 0.057790
0.085449 0.755615 0.661987 -0.034354 0.095872 0.024501
0.085938 0.746704 0.680908 -0.067909 0.127031 0.003995
0.077271 0.728882 0.701782 -0.075100 0.133955 -0.005593
0.070557 0.722534 0.716553 -0.044474 0.107057 -0.006924
0.072266 0.708374 0.716553 0.023702 0.056991 -0.002130
0.076416 0.694580 0.704590 0.103862 0.009055 -0.006658
0.067261 0.688110 0.686157 0.171771 -0.013848 -0.018908
0.059814 0.673096 0.664185 0.216778 -0.013049 -0.021571
0.043579 0.659180 0.655151 0.238349 -0.002397 -0.012250
0.032837 0.649414 0.634644 0.246605 0.019174 0.001332
0.030762 0.619507 0.607910 0.248735 0.056192 0.017310
0.027344 0.593140 0.570435 0.239680 0.119840 0.029561
0.028198 0.553345 0.536255 0.205326 0.219174 0.040213
0.024414 0.498291 0.494995 0.137150 0.344341 0.031158
-0.004272 0.436035 0.463501 0.037284 0.477230 -0.022636
-0.098511 0.424072 0.441650 -0.070306 0.587483 -0.117443
-0.209351 0.421021 0.442993 -0.145672 0.601065 -0.201065
-0.297241 0.402344 0.433838 -0.143542 0.467111 -0.209587
-0.362915 0.409790 0.433228 -0.073502 0.220772 -0.139015
-0.371704 0.384766 0.423706 0.020240 -0.077763 -0.000533
-0.338013 0.374756 0.401489 0.099334 -0.346471 0.174168
-0.280518 0.370605 0.376465 0.100932 -0.494807 0.376831
-0.196533 0.332031 0.356323 0.019973 -0.479627 0.590945
-0.123413 0.294800 0.343628 -0.123302 -0.292144 0.765113
-0.082275 0.265137 0.340088 -0.330226 0.031158 0.876165
-0.068970 0.223267 0.359619 -0.566178 0.393875 0.949667
-0.108154 0.192627 0.384277 -0.776565 0.694807 0.990945
-0.180420 0.181519 0.400879 -0.909454 0.864980 1.025832
-0.251831 0.233521 0.415771 -0.957124 0.852197 1.104128
-0.289063 0.306030 0.435303 -0.958988 0.648735 1.296671
-0.232666 0.320557 0.445435 -0.930759 0.281225 1.617044
-0.116211 0.345825 0.422607 -0.948868 -0.123835 1.994141
0.012085 0.386963 0.425659 -1.109987 -0.332889 2.331558
0.172241 0.382935 0.437378 -1.399734 -0.200266 2.509454
0.261353 0.365601 0.530273 -1.780559 0.309987 2.408788
0.172729 0.382080 0.702271 -2.149667 0.937417 2.080959
0.012573 0.438232 0.926636 -2.327031 1.298535 1.783222
-0.084717 0.500732 1.156128 -2.168309 1.112650 1.772037
-0.028931 0.576538 1.275024 -1.634354 0.451931 2.123302
0.192505 0.655273 1.233521 -0.861518 -0.345672 2.680426
0.495483 0.737427 1.157104 -0.171771 -0.866844 3.184021
0.876343 0.853516 1.009399 0.213848 -0.924634 3.445806
1.162109 0.901001 0.900757 0.214647 -0.504394 3.363782
1.311646 0.955933 0.886963 -0.090546 0.178162 2.971505
1.347534 1.019287 0.945068 -0.496937 0.821305 2.421838
1.334961 1.014404 1.052124 -0.817843 1.175233 1.867377
1.319702 0.985718 1.126221 -0.931025 1.180826 1.403995
1.334595 0.962280 1.141602 -0.835419 0.929427 1.031158
1.370239 0.938477 1.107910 -0.627696 0.609587 0.699334
1.391479 0.902222 1.028687 -0.408256 0.365379 0.360852
1.361572 0.895996 0.944946 -0.238349 0.227696 0.016511
1.294678 0.906982 0.879028 -0.154461 0.135819 -0.318509
1.236572 0.890259 0.820923 -0.140080 0.010919 -0.614913
1.192627 0.860229 0.781250 -0.169907 -0.148602 -0.884421
1.162598 0.816040 0.757690 -0.234621 -0.300666 -1.136352
1.133911 0.754150 0.733398 -0.317177 -0.414913 -1.358455
1.117432 0.693726 0.733521 -0.409055 -0.484953 -1.540080
1.104492 0.606201 0.748413 -0.518775 -0.500133 -1.696405
1.062866 0.531128 0.765747 -0.651132 -0.450067 -1.865779
0.977295 0.469604 0.808716 -0.787217 -0.367776 -2.039947
0.865234 0.434326 0.864868 -0.861252 -0.347803 -2.188282
0.763306 0.390015 0.911987 -0.822636 -0.443675 -2.290013
0.685303 0.362793 0.929810 -0.695073 -0.641012 -2.360586
0.620850 0.361084 0.928589 -0.533688 -0.881491 -2.408256
0.574097 0.365723 0.906372 -0.400266 -1.101997 -2.442343
0.537109 0.367920 0.883545 -0.339547 -1.251931 -2.487883
0.485718 0.344727 0.873901 -0.355260 -1.305459 -2.546205
0.414673 0.312988 0.878662 -0.425300 -1.268176 -2.625033
0.305298 0.291016 0.900635 -0.515047 -1.176565 -2.719308
0.196533 0.235840 0.938599 -0.598668 -1.088416 -2.801332
0.072998 0.185791 0.992554 -0.647137 -1.039947 -2.860453
-0.061646 0.134155 1.029175 -0.658322 -1.017310 -2.892943
-0.183228 0.108154 1.062866 -0.634620 -0.988282 -2.847936
-0.288574 0.068970 1.089478 -0.565380 -0.965379 -2.690812
-0.374268 0.050537 1.099731 -0.442876 -0.959254 -2.424767
-0.426636 0.050171 1.073242 -0.284953 -0.971238 -2.081758
-0.439209 0.050781 1.024658 -0.133422 -0.951265 -1.689747
-0.444336 0.050049 0.965210 -0.021571 -0.850865 -1.302264
-0.439453 0.032837 0.909546 0.020506 -0.682557 -0.957656
-0.442383 -0.001831 0.861084 0.003728 -0.465246 -0.679361
-0.456665 -0.037964 0.818970 -0.026099 -0.247137 -0.466045
-0.479126 -0.087646 0.794678 -0.035952 -0.079893 -0.302264
-0.504272 -0.130737 0.765259 0.005060 -0.017044 -0.168575
-0.523315 -0.159302 0.723511 0.107324 -0.088415 -0.043142
-0.528320 -0.173828 0.664307 0.250333 -0.278562 0.094807
-0.510986 -0.162720 0.590332 0.397071 -0.517710 0.257790
-0.458740 -0.147217 0.512207 0.482557 -0.716112 0.457257
-0.398438 -0.142822 0.439453 0.451931 -0.801332 0.666312
-0.345947 -0.140259 0.384155 0.298802 -0.736085 0.842077
-0.312622 -0.133911 0.358276 0.023968 -0.524634 0.961385
-0.300659 -0.168823 0.384033 -0.347270 -0.228495 1.002397
-0.314575 -0.219727 0.443359 -0.731025 0.024501 0.970173
-0.364258 -0.254517 0.521484 -1.053529 0.132889 0.892676
-0.403931 -0.256226 0.588379 -1.246605 0.085220 0.818642
-0.441284 -0.211670 0.630615 -1.300133 -0.065513 0.821838
-0.454224 -0.137451 0.668701 -1.273768 -0.252463 0.999201
-0.396606 -0.070557 0.713501 -1.217310 -0.400533 1.413582
-0.253052 0.021362 0.745483 -1.222104 -0.423169 2.032224
-0.102661 0.134155 0.832642 -1.327031 -0.266578 2.749401
0.114136 0.138916 0.917358 -1.428229 0.031957 3.439414
0.338867 0.108887 1.050171 -1.500932 0.419441 3.922770
0.575928 0.103516 1.138550 -1.571505 0.795206 4.062583
0.758301 0.197632 1.268921 -1.654061 1.183755 3.944075
0.856323 0.296021 1.381470 -1.706525 1.460985 3.795473
0.919922 0.409790 1.461426 -1.693209 1.580027 3.625832
0.942383 0.484619 1.534058 -1.628762 1.591478 3.356858
0.938354 0.500244 1.544556 -1.487084 1.493742 3.044208
0.939087 0.454224 1.520874 -1.337683 1.406392 2.655659
0.911133 0.421997 1.482788 -1.225832 1.380293 2.193076
0.823120 0.420166 1.465332 -1.174967 1.394141 1.733688
0.758301 0.372314 1.440674 -1.158189 1.408788 1.362184
0.708252 0.324219 1.412720 -1.187217 1.401332 1.113182
0.675171 0.282837 1.432495 -1.235419 1.402130 0.956325
0.689209 0.317993 1.489502 -1.258589 1.370173 0.891877
0.706177 0.359619 1.529785 -1.138748 1.278828 0.846338
0.726440 0.351807 1.489136 -0.868708 1.216511 0.753928
0.713379 0.320190 1.460938 -0.583489 1.170439 0.608788
0.666260 0.348511 1.415161 -0.312916 1.087084 0.415180
0.606934 0.362671 1.322510 -0.031691 0.973103 0.235686
0.546265 0.347046 1.227051 0.197071 0.868975 0.092410
0.495117 0.349243 1.146851 0.340080 0.758189 -0.009055
0.466431 0.340698 1.082520 0.400000 0.647670 -0.063116
0.446777 0.317383 1.034668 0.364581 0.536085 -0.092943
0.421875 0.292358 1.018311 0.292676 0.421838 -0.141678
0.392944 0.276001 0.978516 0.241811 0.315579 -0.233289
