-0.150146 0.688843 0.448242 -0.357923 -0.095073 0.221571
-0.113403 0.615967 0.396484 -0.274834 -0.157923 0.336618
-0.102661 0.584106 0.390259 -0.237550 -0.107324 0.408522
-0.076172 0.547363 0.341553 -0.268176 -0.042344 0.435686
-0.105347 0.511353 0.290405 -0.357390 0.097470 0.394141
-0.175903 0.485596 0.277588 -0.477497 0.259920 0.324368
-0.266968 0.469360 0.300781 -0.585885 0.361118 0.266844
-0.331909 0.450562 0.337524 -0.639947 0.327297 0.274301
-0.344482 0.409424 0.351929 -0.608256 0.155260 0.377097
-0.310913 0.373657 0.355835 -0.528362 -0.089747 0.539547
-0.251953 0.328003 0.349731 -0.462051 -0.304660 0.732091
-0.170288 0.255859 0.338379 -0.443142 -0.439148 0.916378
-0.106323 0.209961 0.324097 -0.491877 -0.449800 1.055393
-0.076782 0.181030 0.308472 -0.635419 -0.320373 1.120906
-0.122925 0.202148 0.319580 -0.847670 -0.077497 1.104927
-0.216797 0.231934 0.378906 -1.030360 0.141678 1.083089
-0.304688 0.231079 0.424805 -1.108655 0.201598 1.099601
-0.369385 0.220215 0.466309 -1.050067 0.076165 1.152597
-0.361450 0.183594 0.482544 -0.877230 -0.201332 1.279095
-0.285889 0.159302 0.468018 -0.694541 -0.525166 1.497204
-0.169556 0.247192 0.431396 -0.607457 -0.749933 1.827164
-0.030273 0.347778 0.408813 -0.689747 -0.761385 2.282024
0.098511 0.452393 0.417847 -0.927830 -0.525965 2.716378
0.202637 0.599731 0.475586 -1.273768 -0.116644 3.012783
0.301514 0.634521 0.600708 -1.638881 0.380559 3.131558
0.379883 0.607910 0.687866 -1.896138 0.793875 3.019174
0.403687 0.584106 0.811646 -1.990413 1.039414 2.738216
0.441284 0.647461 0.934814 -1.931292 1.021838 2.473502
0.506104 0.745117 1.029785 -1.784021 0.744075 2.409853
0.625122 0.825684 1.066284 -1.558455 0.336085 2.488948
0.791748 0.949951 1.062378 -1.303861 0.001332 2.567244
0.975342 0.984497 1.053223 -1.109720 -0.121172 2.553396
1.126831 0.986694 1.023315 -1.001598 -0.031158 2.369907
1.221802 1.003418 1.007202 -0.992011 0.226631 2.018375
1.251099 1.014893 1.027344 -1.068176 0.526232 1.601065
1.270752 1.014526 1.057007 -1.132357 0.712117 1.253795
1.318970 1.006226 1.062012 -1.136352 0.736085 1.021039
1.384155 0.997803 1.044800 -1.080959 0.669774 0.843675
1.446167 0.960571 0.978638 -0.975766 0.600533 0.635153
1.468262 0.947266 0.903076 -0.871638 0.557923 0.331025
1.430054 0.950317 0.848511 -0.809055 0.534221 -0.021571
1.378418 0.957397 0.805420 -0.795739 0.459654 -0.346205
1.341675 0.962769 0.771606 -0.817044 0.329427 -0.640746
1.308228 0.929688 0.767700 -0.853262 0.172836 -0.919840
1.278076 0.905762 0.760498 -0.873768 -0.001864 -1.194674
1.233643 0.881226 0.765625 -0.883888 -0.182423 -1.467643
1.197144 0.841431 0.769531 -0.871372 -0.361651 -1.726232
1.158569 0.774658 0.791260 -0.845273 -0.535020 -1.964048
1.112061 0.707886 0.822144 -0.814381 -0.726232 -2.191212
1.058838 0.649902 0.849976 -0.776831 -0.946471 -2.414381
1.007935 0.589111 0.863159 -0.733156 -1.153662 -2.638615
0.936401 0.547119 0.854858 -0.704394 -1.301465 -2.869241
0.848267 0.502563 0.883545 -0.709188 -1.364314 -3.095340
0.751831 0.439575 0.898315 -0.734221 -1.371771 -3.303862
0.639160 0.372925 0.930054 -0.767244 -1.344607 -3.480426
0.522705 0.306763 0.970337 -0.805326 -1.312117 -3.605592
0.389893 0.258667 0.998413 -0.843941 -1.270839 -3.668708
0.272339 0.196167 1.015137 -0.867110 -1.194940 -3.654328
0.145996 0.136963 1.051270 -0.842610 -1.097470 -3.556059
0.022339 0.088379 1.084351 -0.747537 -1.041278 -3.396804
-0.077759 0.053467 1.083862 -0.601864 -1.058589 -3.187483
-0.147339 0.025879 1.052734 -0.482823 -1.095073 -2.961385
-0.196533 -0.016968 1.026245 -0.469774 -1.047403 -2.756591
-0.273438 -0.069458 1.010986 -0.589081 -0.868975 -2.590147
-0.376953 -0.108032 1.034424 -0.754993 -0.617577 -2.434887
-0.495728 -0.145020 1.076904 -0.847670 -0.402397 -2.235952
-0.596191 -0.162598 1.111694 -0.804527 -0.304927 -1.962184
-0.648315 -0.171143 1.105713 -0.623702 -0.333156 -1.610386
-0.647949 -0.172852 1.065674 -0.375499 -0.416511 -1.218642
-0.644531 -0.182251 1.012329 -0.148336 -0.478029 -0.841811
-0.636841 -0.187256 0.950562 0.000000 -0.490812 -0.543276
-0.623413 -0.200195 0.898926 0.041012 -0.441012 -0.338482
-0.626343 -0.224976 0.863892 -0.020772 -0.317443 -0.219441
-0.633789 -0.242188 0.852173 -0.132623 -0.161651 -0.147004
-0.646484 -0.255981 0.838013 -0.249534 -0.026897 -0.058589
-0.658203 -0.266113 0.833862 -0.337949 0.080959 0.086019
-0.667114 -0.262207 0.834229 -0.403728 0.152597 0.294807
-0.662598 -0.248291 0.840088 -0.460186 0.188282 0.550466
-0.653687 -0.232300 0.831421 -0.489481 0.198136 0.845007
-0.630981 -0.205322 0.831665 -0.502264 0.194407 1.149135
-0.582275 -0.199707 0.825439 -0.523036 0.196005 1.442610
-0.507935 -0.213867 0.828491 -0.567244 0.228762 1.723835
-0.414185 -0.238770 0.875244 -0.668708 0.291079 1.971505
-0.350830 -0.249756 0.924561 -0.798668 0.378162 2.162983
-0.314453 -0.273682 1.002319 -0.884154 0.488415 2.354727
-0.304443 -0.307739 1.136841 -0.917443 0.553395 2.583755
-0.252808 -0.355591 1.287598 -0.874035 0.484953 2.870573
-0.148438 -0.343994 1.367554 -0.720107 0.347803 3.193609
0.036743 -0.284180 1.374878 -0.540346 0.305459 3.535286
0.273560 -0.158813 1.332275 -0.371771 0.544607 3.906525
0.394287 -0.032837 1.259644 -0.214115 1.081491 4.170173
0.474121 0.095093 1.173950 -0.113182 1.724367 4.357390
0.535278 0.203369 1.086182 -0.141411 2.216511 4.480426
0.533813 0.319580 1.047729 -0.311052 2.407723 4.532357
0.570801 0.508545 1.078979 -0.553129 2.256192 4.600533
0.720703 0.605957 1.122803 -0.769108 1.860453 4.719307
0.878174 0.645386 1.152344 -0.849268 1.397603 4.705992
1.016602 0.674194 1.166504 -0.764847 1.022104 4.441811
1.112061 0.707153 1.156250 -0.553395 0.786152 3.950200
1.092896 0.625854 1.150635 -0.315313 0.699601 3.315579
1.026001 0.616089 1.140991 -0.141411 0.583755 2.696937
0.942383 0.589966 1.130127 -0.015979 0.418908 2.231158
0.902588 0.552734 1.094482 0.079893 0.194407 1.961651
0.894287 0.538330 1.046631 0.169374 -0.005326 1.812250
0.922485 0.557739 0.982300 0.239148 -0.054860 1.708921
0.950317 0.555054 0.924927 0.230892 0.064181 1.612783
0.924561 0.524414 0.884644 0.133688 0.305726 1.459388
0.868408 0.520020 0.876465 -0.025832 0.554993 1.268442
0.786255 0.487305 0.880859 -0.163515 0.722237 1.085752
0.720703 0.444702 0.882813 -0.240479 0.749667 0.910786
0.648926 0.413208 0.914307 -0.258855 0.651132 0.738482
0.598389 0.390381 0.910889 -0.219441 0.456724 0.592277
0.545166 0.357666 0.926270 -0.146738 0.200799 0.464714
0.488403 0.334717 0.944092 -0.022104 -0.052996 0.361651
0.463745 0.303223 0.930298 0.126498 -0.323302 0.307856
0.447144 0.295776 0.908569 0.232490 -0.517710 0.281491
0.441406 0.283447 0.880493 0.265246 -0.603462 0.279361
0.432617 0.281494 0.872925 0.221039 -0.582690 0.287084
0.432251 0.280396 0.876953 0.137683 -0.466844 0.307324
0.437866 0.269287 0.875488 0.032756 -0.320639 0.331025
0.422974 0.257690 0.908325 -0.077497 -0.172037 0.318242
0.396240 0.253418 0.933105 -0.138748 -0.074567 0.262051
0.374390 0.237915 0.948120 -0.146471 -0.052996 0.176565
0.360352 0.223022 0.950317 -0.120639 -0.085752 0.064447
0.333862 0.216187 0.944092 -0.084421 -0.135286 -0.062850
0.308960 0.214355 0.933472 -0.054594 -0.169640 -0.173635
0.286011 0.205811 0.918823 -0.034621 -0.185353 -0.247403
0.281006 0.207275 0.904541 -0.029028 -0.177896 -0.281758
0.273071 0.210083 0.899902 -0.060453 -0.117443 -0.292410
0.258911 0.221436 0.899536 -0.122237 -0.007457 -0.281758
0.242920 0.220337 0.905151 -0.177630 0.118509 -0.257257
0.225220 0.210815 0.923950 -0.193076 0.209321 -0.226897
0.211304 0.216431 0.931274 -0.174434 0.232224 -0.201332
0.205933 0.214966 0.924927 -0.135553 0.204794 -0.177630
0.207153 0.219604 0.914429 -0.095340 0.158722 -0.149933
0.219849 0.228149 0.915161 -0.072170 0.115579 -0.120905
0.242920 0.241333 0.908447 -0.070573 0.095073 -0.091345
0.255005 0.242188 0.905273 -0.098003 0.102796 -0.085486
0.260254 0.240234 0.921021 -0.123835 0.132889 -0.103329
0.255005 0.238770 0.928223 -0.129427 0.150200 -0.125965
0.253906 0.236450 0.939087 -0.124634 0.145939 -0.147004
0.246460 0.232300 0.943115 -0.122770 0.128895 -0.172570
0.238525 0.229614 0.952026 -0.117177 0.110786 -0.195473
0.233398 0.223633 0.958008 -0.101997 0.102264 -0.210919
0.223999 0.223633 0.956787 -0.076431 0.093209 -0.218908
0.217651 0.221191 0.965576 -0.045273 0.069774 -0.210386
0.211060 0.217285 0.965332 -0.005060 0.023169 -0.197603
0.215088 0.218750 0.953979 0.041278 -0.022104 -0.184288
0.220459 0.224121 0.940186 0.071904 -0.038881 -0.174700
0.222168 0.221069 0.931152 0.067643 -0.019973 -0.171505
