-0.130615 0.830566 0.523071 0.245539 -0.261252 0.082823
-0.036377 0.755005 0.453003 0.145140 -0.256458 0.111318
-0.048584 0.726929 0.483154 -0.006924 -0.095340 0.082290
-0.077637 0.723877 0.495728 -0.166445 0.084953 0.012250
-0.108398 0.687500 0.536743 -0.280426 0.245806 -0.040746
-0.134277 0.644409 0.561646 -0.315579 0.328362 -0.050067
-0.147095 0.607300 0.565674 -0.285486 0.353662 -0.020240
-0.149170 0.557007 0.556274 -0.239680 0.361118 0.025033
-0.137451 0.493164 0.525391 -0.216511 0.388549 0.056458
-0.158447 0.448730 0.485107 -0.243409 0.460719 0.044740
-0.228516 0.428955 0.461182 -0.311851 0.581358 -0.010386
-0.306396 0.389160 0.462769 -0.389880 0.693742 -0.056724
-0.362671 0.314941 0.476196 -0.435952 0.727563 -0.044208
-0.400269 0.240356 0.486572 -0.420506 0.652463 0.039680
-0.421021 0.173218 0.482178 -0.342743 0.499601 0.167776
-0.422974 0.109009 0.469116 -0.229028 0.316112 0.330226
-0.411377 0.041748 0.436523 -0.117443 0.152597 0.512650
-0.432129 -0.011230 0.409302 -0.038881 0.050866 0.675100
-0.500732 -0.037109 0.380859 0.001864 0.004794 0.773635
-0.585083 -0.034424 0.383911 0.024501 -0.058056 0.835686
-0.669189 0.046387 0.393677 0.037550 -0.235153 0.921704
-0.703979 0.198730 0.435791 0.078562 -0.552064 1.150732
-0.636475 0.254028 0.476196 0.196005 -0.977630 1.684687
-0.438843 0.235596 0.477173 0.397071 -1.392277 2.418642
-0.175293 0.214722 0.454224 0.555260 -1.583755 3.114780
0.068604 0.228271 0.398315 0.506791 -1.374168 3.595739
0.255249 0.273804 0.379883 0.192543 -0.761119 3.787217
0.321411 0.328857 0.410400 -0.314514 0.083888 3.674301
0.200562 0.446655 0.489990 -0.846871 0.843142 3.335553
0.010742 0.603638 0.614136 -1.252996 1.221571 2.992810
-0.040771 0.698975 0.726074 -1.430093 1.043941 2.947004
0.072876 0.691406 0.767456 -1.334221 0.445806 3.317976
0.300293 0.704712 0.734741 -1.084154 -0.176298 3.862583
0.591553 0.781006 0.653809 -0.897736 -0.418375 4.282557
0.887939 0.878784 0.582397 -0.898535 -0.123835 4.462317
1.096924 1.007080 0.584229 -1.090013 0.622104 4.406125
1.247314 1.075928 0.643799 -1.423169 1.464447 4.164847
1.319336 1.101318 0.727661 -1.753395 2.078029 3.778429
1.363403 1.086914 0.817871 -1.948868 2.421039 3.292676
1.374023 1.073364 0.921021 -1.989614 2.470306 2.731025
1.366089 1.081055 1.007202 -1.879627 2.258589 2.172836
1.345581 1.104248 1.069214 -1.642344 1.838083 1.684155
1.337646 1.125977 1.083008 -1.305459 1.311851 1.310786
1.363403 1.135010 1.061646 -0.919041 0.802929 1.029827
1.405151 1.123657 1.001953 -0.548336 0.399201 0.769108
1.434326 1.105103 0.938110 -0.232224 0.114514 0.505726
1.458374 1.078369 0.869385 -0.008522 -0.083888 0.244740
1.479370 1.044434 0.812134 0.099867 -0.211984 -0.024501
1.473267 1.002075 0.754272 0.117177 -0.276165 -0.323036
1.435425 0.967041 0.715942 0.067377 -0.303862 -0.660453
1.372070 0.941162 0.689575 -0.026099 -0.338216 -0.988549
1.302490 0.917236 0.688232 -0.134221 -0.388016 -1.266578
1.253540 0.886963 0.677368 -0.225033 -0.461252 -1.461252
1.236206 0.861084 0.662109 -0.302264 -0.524900 -1.597071
1.228394 0.830688 0.636353 -0.391478 -0.527297 -1.729427
1.211914 0.794189 0.612793 -0.506525 -0.461518 -1.909987
1.174072 0.748413 0.613525 -0.646072 -0.358722 -2.149667
1.106201 0.695190 0.641357 -0.781891 -0.287883 -2.428495
1.027954 0.635498 0.679443 -0.893209 -0.296138 -2.719308
0.941406 0.571777 0.704346 -0.962450 -0.362716 -3.001065
0.831909 0.505493 0.750977 -0.999467 -0.456724 -3.270573
0.704102 0.426880 0.807983 -1.012250 -0.565380 -3.518775
0.575684 0.341675 0.859009 -0.964048 -0.701198 -3.714514
0.455322 0.273682 0.891846 -0.836485 -0.855393 -3.845539
0.335449 0.199219 0.920776 -0.674834 -1.000799 -3.914248
0.215576 0.148438 0.927856 -0.524368 -1.128628 -3.924367
0.111084 0.097656 0.922363 -0.401065 -1.193875 -3.872170
0.009399 0.057617 0.913574 -0.343009 -1.161119 -3.763515
-0.093872 0.025146 0.903320 -0.354194 -1.037017 -3.608788
-0.197510 -0.022339 0.897705 -0.424234 -0.840213 -3.412250
-0.299438 -0.069580 0.911743 -0.531558 -0.624234 -3.193076
-0.409668 -0.105225 0.928833 -0.615712 -0.430093 -2.959254
-0.528076 -0.130737 0.935913 -0.605859 -0.283089 -2.693475
-0.617432 -0.174683 0.922974 -0.503329 -0.246072 -2.401598
-0.676880 -0.201660 0.887085 -0.343009 -0.289747 -2.098003
-0.719360 -0.241943 0.848022 -0.193076 -0.349667 -1.786951
-0.755737 -0.281494 0.812866 -0.096138 -0.417843 -1.480959
-0.779663 -0.298096 0.769653 -0.036485 -0.494274 -1.180826
-0.781494 -0.304321 0.724487 0.009321 -0.549401 -0.855659
-0.766968 -0.315430 0.673706 0.035419 -0.558189 -0.497204
-0.741577 -0.319824 0.632690 0.012517 -0.511318 -0.130759
-0.732544 -0.325806 0.617554 -0.069774 -0.411451 0.222636
-0.722412 -0.333496 0.618530 -0.197870 -0.302264 0.556858
-0.709473 -0.330078 0.636353 -0.354727 -0.228229 0.885752
-0.687134 -0.324829 0.665161 -0.496671 -0.191212 1.226365
-0.659302 -0.306763 0.698120 -0.597337 -0.188549 1.572836
-0.615112 -0.288574 0.728516 -0.657790 -0.190413 1.920639
-0.531494 -0.273315 0.786133 -0.715047 -0.175233 2.279361
-0.453491 -0.211670 0.831299 -0.817044 -0.128096 2.649268
-0.370850 -0.142456 0.867798 -0.908122 -0.010386 3.041278
-0.280151 -0.115112 0.905640 -0.936618 0.172836 3.460186
-0.189941 -0.098389 0.922852 -0.917976 0.375233 3.865246
-0.077148 -0.098022 0.941284 -0.851931 0.602663 4.221571
0.085449 -0.084473 0.921509 -0.798935 0.831425 4.457257
0.241089 0.043091 0.963989 -0.814913 1.103329 4.524367
0.380615 0.213135 1.034668 -0.860985 1.364314 4.491611
0.556641 0.376099 1.144531 -0.888682 1.532357 4.452197
0.698242 0.525635 1.213379 -0.834088 1.540080 4.349134
0.788208 0.617676 1.264893 -0.703329 1.468442 4.137949
0.870483 0.634155 1.248657 -0.547803 1.320373 3.841545
0.906372 0.686279 1.189453 -0.439680 1.186684 3.425832
0.899658 0.657104 1.140381 -0.428229 1.137150 2.928628
0.861328 0.682861 1.108765 -0.545672 1.135020 2.435153
0.865723 0.764893 1.105713 -0.763782 1.152597 2.115845
0.904297 0.815918 1.140869 -1.004261 1.153928 2.000533
0.947754 0.813232 1.183105 -1.189614 1.148069 1.929427
0.968018 0.781128 1.219238 -1.251931 1.159254 1.764847
0.956177 0.748779 1.219604 -1.224234 1.167244 1.492676
0.890381 0.715576 1.201050 -1.139547 1.168309 1.170972
0.806030 0.668823 1.171387 -1.014381 1.133955 0.888415
0.730103 0.621460 1.143066 -0.859387 1.050599 0.683089
0.673950 0.569702 1.103271 -0.695606 0.922237 0.541678
0.634277 0.532349 1.069092 -0.538216 0.775499 0.411185
0.603760 0.503906 1.040527 -0.408522 0.621571 0.271904
0.568359 0.468262 1.009521 -0.338748 0.478828 0.129427
0.520874 0.455566 0.985352 -0.334221 0.371505 -0.018109
0.464111 0.450806 0.992920 -0.375766 0.313981 -0.154993
0.410278 0.423706 1.012573 -0.422636 0.256724 -0.253262
0.365234 0.398560 1.043945 -0.429294 0.179494 -0.302796
0.321045 0.370728 1.059082 -0.375233 0.079095 -0.307324
0.294800 0.346436 1.069580 -0.275366 -0.046338 -0.275100
0.285278 0.326782 1.064331 -0.142210 -0.181891 -0.214381
0.279175 0.307129 1.050049 -0.005326 -0.304927 -0.141944
0.283813 0.300171 1.022827 0.112117 -0.398402 -0.070573
0.289429 0.297852 0.994873 0.185087 -0.436751 -0.012250
0.307129 0.298462 0.969360 0.205326 -0.410120 0.033023
0.317749 0.295898 0.954468 0.174700 -0.316911 0.059654
0.314697 0.293701 0.944092 0.112650 -0.173103 0.067643
0.305420 0.281738 0.931396 0.043941 -0.016511 0.062051
0.281982 0.274536 0.937622 -0.015979 0.129161 0.052197
0.257813 0.264038 0.946289 -0.045806 0.234354 0.043941
0.239014 0.246216 0.950439 -0.066578 0.272703 0.021838
0.217285 0.235596 0.950439 -0.066312 0.263915 -0.010652
0.192139 0.226074 0.950684 -0.047137 0.225300 -0.048202
0.174683 0.216309 0.943970 -0.019174 0.164847 -0.079095
0.162109 0.218262 0.937134 0.005859 0.095872 -0.101731
0.145996 0.227295 0.926147 0.021571 0.049800 -0.115047
0.135010 0.230347 0.911255 0.034354 0.037284 -0.108389
0.129395 0.233887 0.901611 0.038349 0.045007 -0.081491
0.129272 0.243164 0.914795 0.017843 0.058322 -0.041012
0.131470 0.241455 0.920410 -0.009587 0.061784 0.007723
0.138306 0.247070 0.920532 -0.005593 0.060719 0.058056
0.143555 0.256104 0.922974 0.022104 0.059121 0.101997
0.159790 0.248535 0.928711 0.046072 0.050067 0.127830
0.174194 0.243774 0.934082 0.055126 0.030626 0.129427
0.178223 0.248291 0.929443 0.059121 0.015180 0.108655
0.179321 0.247559 0.938599 0.074035 0.008522 0.088948
0.187500 0.236694 0.948730 0.091345 -0.009854 0.075366
0.193359 0.240112 0.953491 0.094008 -0.043675 0.060453
0.199707 0.249268 0.942261 0.093742 -0.062317 0.043142
