-0.168457 0.869263 0.456665 -0.211984 -0.175499 -0.078296
-0.127930 0.830811 0.442749 -0.158722 -0.205859 -0.045007
-0.140381 0.858887 0.434204 -0.100399 -0.150999 -0.051132
-0.157959 0.857788 0.438354 -0.073768 -0.092144 -0.066578
-0.166626 0.859619 0.433472 -0.056991 -0.050067 -0.038083
-0.151123 0.859619 0.430298 -0.047403 -0.033555 0.029561
-0.132080 0.857544 0.423828 -0.065513 -0.027430 0.090013
-0.114014 0.861206 0.421753 -0.105459 -0.019441 0.121971
-0.094482 0.859619 0.423096 -0.160320 -0.002929 0.123835
-0.086426 0.855835 0.432983 -0.211984 0.023702 0.087883
-0.084961 0.842529 0.442993 -0.249268 0.053795 0.029827
-0.091187 0.834839 0.455811 -0.269774 0.078562 -0.026631
-0.091675 0.814331 0.463745 -0.276165 0.096405 -0.067111
-0.095337 0.790039 0.478882 -0.270040 0.120905 -0.096405
-0.104126 0.775146 0.474243 -0.248735 0.152863 -0.120639
-0.111206 0.752441 0.467407 -0.218908 0.209055 -0.136085
-0.109985 0.715942 0.451294 -0.200533 0.288948 -0.152064
-0.098633 0.663818 0.440674 -0.201598 0.393875 -0.176032
-0.107910 0.611328 0.415405 -0.229827 0.525166 -0.222903
-0.134521 0.547852 0.395630 -0.289214 0.681491 -0.302796
-0.188965 0.483643 0.381470 -0.363249 0.835153 -0.403196
-0.278320 0.441406 0.384888 -0.431158 0.946471 -0.498003
-0.364746 0.382690 0.398682 -0.469241 0.979228 -0.547537
-0.440796 0.322754 0.397827 -0.449268 0.911585 -0.533688
-0.508301 0.279297 0.410645 -0.387217 0.767776 -0.449534
-0.540039 0.237305 0.408813 -0.302530 0.558189 -0.323835
-0.540649 0.180298 0.408447 -0.199201 0.337150 -0.149134
-0.543457 0.153442 0.401123 -0.117976 0.154461 0.050866
-0.567383 0.170166 0.394409 -0.094008 0.036751 0.254594
-0.592529 0.182373 0.405151 -0.103862 -0.024234 0.467909
-0.597900 0.178101 0.408447 -0.095872 -0.069241 0.708122
-0.584473 0.175903 0.405029 -0.056991 -0.101997 0.974700
-0.541138 0.189941 0.405273 0.006391 -0.120107 1.259387
-0.451172 0.195313 0.385010 0.058056 -0.114248 1.582157
-0.348389 0.181763 0.349365 0.051132 -0.025566 1.896671
-0.299072 0.210205 0.318481 -0.051931 0.169640 2.119041
-0.298096 0.265869 0.317017 -0.275100 0.441545 2.253795
-0.368042 0.311890 0.342163 -0.566977 0.680160 2.346205
-0.452393 0.344116 0.406128 -0.833289 0.792543 2.404794
-0.487061 0.347412 0.469604 -0.980559 0.717976 2.518242
-0.436523 0.348755 0.521729 -0.969907 0.488415 2.770173
-0.355469 0.404053 0.543701 -0.858322 0.211451 3.165646
-0.214722 0.439697 0.551636 -0.728895 -0.009587 3.646338
-0.061646 0.505371 0.550171 -0.630892 -0.116378 4.153396
0.113892 0.553955 0.529053 -0.603995 -0.087084 4.617843
0.329468 0.565796 0.523926 -0.686551 0.111052 4.883089
0.470825 0.625366 0.527588 -0.881491 0.460719 4.802397
0.515991 0.655151 0.564087 -1.166445 0.842610 4.430093
0.553223 0.759277 0.687256 -1.460719 1.063915 4.053795
0.621094 0.856079 0.798340 -1.627696 1.002929 3.995739
0.766968 0.884521 0.866577 -1.618908 0.731824 4.216245
0.993042 0.864746 0.895752 -1.492676 0.448202 4.423169
1.247681 0.877197 0.840088 -1.352330 0.265513 4.419973
1.446899 0.886841 0.810425 -1.294008 0.360053 4.079894
1.566406 0.980225 0.816040 -1.357923 0.659121 3.530759
1.632568 1.045654 0.854492 -1.475633 1.009853 3.002929
1.670410 1.049316 0.893311 -1.573369 1.273768 2.541678
1.684082 1.051147 0.936035 -1.598136 1.377896 2.116644
1.698853 1.044922 0.962646 -1.516378 1.287883 1.723569
1.728027 1.033203 0.952393 -1.329960 1.062583 1.331824
1.745361 1.043579 0.937378 -1.077230 0.781092 0.935286
1.751221 1.056885 0.894775 -0.809587 0.460719 0.544341
1.758423 1.038086 0.834473 -0.581625 0.138748 0.138748
1.736694 1.007324 0.793457 -0.443941 -0.144075 -0.308123
1.677734 0.990723 0.750610 -0.403995 -0.369374 -0.792011
1.603027 0.960815 0.735229 -0.430892 -0.521438 -1.240213
1.538208 0.926392 0.718384 -0.484953 -0.612783 -1.589614
1.489014 0.885132 0.713501 -0.555260 -0.651664 -1.860186
1.445801 0.841187 0.710938 -0.649800 -0.628762 -2.099867
1.393799 0.768066 0.712280 -0.773103 -0.550732 -2.349401
1.320190 0.698853 0.731079 -0.909987 -0.436218 -2.641811
1.225586 0.622192 0.749390 -1.049268 -0.325433 -2.945140
1.116821 0.537354 0.776611 -1.178961 -0.231957 -3.242610
0.983765 0.454834 0.806885 -1.267110 -0.150732 -3.531292
0.829102 0.376465 0.818848 -1.283622 -0.091079 -3.790945
0.669678 0.305054 0.822388 -1.221305 -0.044474 -4.005859
0.505371 0.238281 0.813354 -1.088682 -0.023169 -4.161651
0.369019 0.175415 0.774414 -0.929161 -0.034887 -4.247404
0.253906 0.120605 0.733398 -0.810919 -0.044474 -4.261518
0.132935 0.055786 0.709717 -0.763782 -0.034354 -4.223169
0.007080 -0.032959 0.718262 -0.768309 -0.059121 -4.149667
-0.128418 -0.129395 0.750977 -0.797071 -0.157923 -4.074301
-0.251343 -0.237061 0.788086 -0.838349 -0.347803 -3.996272
-0.393677 -0.319336 0.833252 -0.876698 -0.594407 -3.919840
-0.545776 -0.391968 0.888672 -0.868442 -0.881491 -3.826098
-0.680908 -0.433838 0.924072 -0.774967 -1.211718 -3.647936
-0.784058 -0.446289 0.935425 -0.601598 -1.551265 -3.337683
-0.840088 -0.458618 0.913696 -0.375233 -1.822104 -2.901465
-0.861450 -0.443848 0.869019 -0.149134 -1.958988 -2.381092
-0.860840 -0.421265 0.811646 0.004794 -1.916378 -1.804794
-0.844482 -0.394531 0.758667 0.036751 -1.699068 -1.200266
-0.828369 -0.375122 0.722656 -0.063915 -1.357656 -0.592543
-0.804199 -0.363403 0.713013 -0.262051 -0.946738 0.006924
-0.782227 -0.364014 0.710693 -0.481491 -0.556325 0.577363
-0.764404 -0.373413 0.750366 -0.664980 -0.274567 1.090812
-0.712158 -0.380249 0.776367 -0.779494 -0.137949 1.553662
-0.663208 -0.366577 0.810547 -0.854594 -0.095872 1.956591
-0.599487 -0.321777 0.849243 -0.904660 -0.101465 2.295606
-0.539185 -0.286377 0.901123 -0.935286 -0.103595 2.582956
-0.452393 -0.277588 0.960449 -0.913449 -0.109720 2.869774
-0.363159 -0.248535 0.996582 -0.838349 -0.114780 3.190413
-0.267334 -0.219482 1.006348 -0.725433 -0.086551 3.547004
-0.148560 -0.146362 1.001953 -0.584554 0.005859 3.935553
-0.016113 -0.069214 1.024780 -0.526764 0.163782 4.362983
0.126099 -0.013550 1.038208 -0.552330 0.362983 4.773369
0.252075 0.041748 1.069458 -0.597337 0.598935 5.071638
0.372192 0.075439 1.115601 -0.630093 0.806924 5.184021
0.486572 0.105835 1.124878 -0.593875 0.959254 5.083888
0.573853 0.171387 1.115479 -0.526764 1.062583 4.819707
0.617065 0.256714 1.103760 -0.456458 1.109987 4.508389
0.716675 0.360474 1.087036 -0.401598 1.080160 4.244208
0.831177 0.440796 1.086182 -0.420240 0.962450 4.082024
0.939941 0.475708 1.071411 -0.518242 0.803462 3.931824
1.038208 0.470947 1.079712 -0.662051 0.693475 3.681758
1.100098 0.502686 1.089844 -0.836485 0.650067 3.306525
1.108521 0.506714 1.106201 -0.971505 0.698269 2.830892
1.135010 0.485596 1.265869 -1.015446 0.744874 2.285486
1.085693 0.749756 1.167725 -0.824501 0.657257 1.688948
0.884766 0.490479 1.127319 -0.663915 0.805326 1.286285
0.990967 0.428223 1.164551 -0.625832 0.735819 1.135819
0.901978 0.745239 1.179932 -0.546471 0.567244 0.949134
0.951050 0.512329 1.153687 -0.430892 0.472170 0.938748
0.976196 0.551758 1.155273 -0.309987 0.287617 0.772836
0.928711 0.570435 1.141113 -0.136085 0.185885 0.531824
0.936157 0.505249 1.095337 -0.032224 0.050599 0.254328
0.848755 0.478638 1.130859 0.045273 -0.062850 -0.066045
0.783691 0.431763 1.139648 0.129960 -0.271638 -0.329161
0.712769 0.375610 1.128296 0.281225 -0.491611 -0.504660
0.658447 0.351929 1.081055 0.440213 -0.699334 -0.597071
0.633545 0.340210 1.013428 0.545939 -0.767776 -0.629028
0.612549 0.325317 0.938232 0.528628 -0.615180 -0.632756
0.572021 0.300049 0.906006 0.370173 -0.260719 -0.628229
0.513916 0.277222 0.896362 0.122770 0.173369 -0.601065
0.422729 0.255737 0.906372 -0.117177 0.601864 -0.556858
0.339355 0.219727 0.939331 -0.303329 0.892943 -0.492144
0.264648 0.201416 0.956543 -0.361385 1.002663 -0.407457
0.213135 0.181641 0.981689 -0.308921 0.933156 -0.294807
0.185181 0.165405 0.973999 -0.169374 0.711585 -0.162184
0.183838 0.166382 0.960815 0.017577 0.406658 -0.046338
0.197998 0.181885 0.924194 0.192810 0.089481 0.037816
0.231812 0.196167 0.877319 0.299601 -0.158722 0.096138
0.262573 0.207153 0.853271 0.313715 -0.298003 0.118242
0.280640 0.209473 0.841431 0.261518 -0.330493 0.118509
0.296509 0.210449 0.835083 0.181625 -0.284421 0.111585
0.295044 0.207886 0.835571 0.097204 -0.181625 0.108921
0.288940 0.203613 0.838501 0.018908 -0.058855 0.119308
0.280640 0.199341 0.845215 -0.043142 0.054860 0.134754
0.272583 0.199585 0.852051 -0.079893 0.131292 0.161917
0.286987 0.202393 0.859863 -0.098535 0.149134 0.203995
0.297729 0.209229 0.865356 -0.100666 0.132623 0.226897
