-0.245972 0.340210 0.492432 -0.283356 0.333688 1.067909
-0.334595 0.324463 0.518799 -0.306525 0.505992 1.205326
-0.390015 0.346191 0.529541 -0.257523 0.516378 1.333688
-0.369873 0.289917 0.537231 -0.152330 0.369907 1.479361
-0.330566 0.211914 0.514282 0.000000 0.165379 1.646072
-0.284424 0.248657 0.491577 0.144075 -0.025832 1.836218
-0.229980 0.367798 0.446411 0.235686 -0.150732 2.071105
-0.186523 0.457153 0.408447 0.258322 -0.181358 2.364048
-0.133545 0.526978 0.404541 0.241811 -0.111851 2.675366
-0.048950 0.565186 0.380615 0.226099 0.030360 2.941145
0.034058 0.572388 0.367188 0.217577 0.235153 3.111052
0.116089 0.557251 0.369873 0.220240 0.436218 3.159521
0.176025 0.553467 0.360840 0.244740 0.554461 3.120905
0.212036 0.576294 0.361938 0.286551 0.557656 3.064447
0.237549 0.632080 0.354614 0.346471 0.458589 3.048203
0.304688 0.695557 0.353149 0.406924 0.272437 3.122770
0.401733 0.730347 0.340576 0.470306 0.054594 3.276964
0.536743 0.762939 0.322021 0.532623 -0.124634 3.424501
0.731934 0.839844 0.294556 0.550732 -0.200533 3.540080
0.940796 0.919800 0.258301 0.488415 -0.132357 3.639148
1.143433 0.961670 0.222290 0.324368 0.086551 3.654594
1.287354 1.022339 0.209717 0.065779 0.416245 3.505726
1.368896 1.048828 0.221069 -0.268176 0.759787 3.196272
1.396973 1.071777 0.257324 -0.610919 1.018109 2.757657
1.373413 1.073853 0.325317 -0.903063 1.138482 2.255925
1.359863 1.101074 0.413574 -1.077230 1.079361 1.817843
1.389404 1.096802 0.473999 -1.090812 0.864714 1.559254
1.457153 1.092651 0.491211 -0.981358 0.589880 1.414381
1.535767 1.084351 0.477783 -0.807457 0.357923 1.255393
1.600098 1.068604 0.438721 -0.647936 0.213049 1.007190
1.630615 1.046387 0.394043 -0.552597 0.166178 0.635686
1.605103 1.030518 0.372192 -0.535819 0.184554 0.189614
1.547119 1.015747 0.355225 -0.582690 0.204527 -0.238349
1.480347 0.981812 0.360596 -0.668176 0.182423 -0.584021
1.415283 0.941528 0.352539 -0.752597 0.104128 -0.858056
1.354980 0.912231 0.353027 -0.818376 0.024767 -1.095073
1.302002 0.867920 0.348145 -0.883355 -0.028229 -1.308123
1.241699 0.832886 0.355347 -0.972304 -0.043675 -1.500666
1.176392 0.802490 0.372559 -1.089747 -0.048735 -1.664181
1.115723 0.770630 0.395630 -1.207723 -0.060719 -1.796538
1.060669 0.738281 0.418335 -1.312117 -0.089481 -1.920639
1.011230 0.704346 0.448120 -1.396804 -0.129694 -2.050599
0.959717 0.664307 0.485229 -1.455659 -0.180027 -2.187750
0.886230 0.620972 0.524048 -1.483089 -0.255925 -2.342743
0.798218 0.576904 0.575073 -1.464714 -0.396804 -2.519041
0.715454 0.536011 0.592773 -1.380293 -0.611718 -2.691345
0.638916 0.499634 0.608765 -1.255393 -0.843675 -2.847404
0.574463 0.453613 0.619995 -1.146205 -1.056991 -2.980027
0.505493 0.417969 0.619751 -1.075632 -1.223435 -3.089214
0.443481 0.394287 0.622925 -1.067111 -1.298269 -3.170706
0.378296 0.346069 0.634033 -1.138748 -1.237816 -3.219707
0.302979 0.278198 0.662476 -1.290280 -1.036218 -3.233555
0.193359 0.208984 0.706299 -1.484154 -0.715047 -3.209321
0.064453 0.145996 0.787354 -1.636218 -0.361917 -3.140879
-0.087158 0.085449 0.853271 -1.671105 -0.083888 -3.030360
-0.237305 0.032715 0.908081 -1.559254 0.048735 -2.893742
-0.383667 -0.003296 0.939453 -1.318509 0.011984 -2.736351
-0.499756 -0.037720 0.947266 -1.001332 -0.168309 -2.546738
-0.568115 -0.066284 0.928955 -0.681491 -0.444208 -2.298269
-0.607666 -0.085083 0.893677 -0.410919 -0.707057 -1.983755
-0.619873 -0.080078 0.844727 -0.235419 -0.862850 -1.608256
-0.614380 -0.086670 0.796021 -0.170972 -0.858855 -1.168575
-0.630737 -0.082642 0.776245 -0.202130 -0.704660 -0.707590
-0.655273 -0.085205 0.769653 -0.276698 -0.469774 -0.269774
-0.681885 -0.116455 0.793945 -0.344873 -0.246072 0.135819
-0.699585 -0.149780 0.817993 -0.384288 -0.110786 0.527297
-0.695679 -0.173950 0.841064 -0.367244 -0.077763 0.933422
-0.678589 -0.179932 0.842529 -0.275100 -0.130493 1.370173
-0.621826 -0.182495 0.841431 -0.126764 -0.221305 1.836485
-0.550659 -0.173950 0.804443 0.012517 -0.306258 2.317710
-0.473389 -0.141846 0.754150 0.112117 -0.323569 2.780293
-0.380981 -0.107056 0.719849 0.118509 -0.228229 3.196804
-0.303467 -0.060913 0.704956 -0.005859 -0.001598 3.545140
-0.229004 0.028564 0.715820 -0.210919 0.294541 3.875100
-0.122803 0.092651 0.776489 -0.393609 0.553928 4.280426
0.040894 0.141357 0.841187 -0.504660 0.729694 4.762450
0.257813 0.192017 0.911133 -0.551265 0.854594 5.279361
0.527466 0.220947 0.933472 -0.558722 0.992543 5.716911
0.800171 0.262695 0.938477 -0.547537 1.236218 5.886817
1.002319 0.335938 0.921997 -0.579494 1.552064 5.631691
1.053711 0.414307 0.916626 -0.639947 1.937417 5.078296
1.040649 0.531006 0.980835 -0.724900 2.191478 4.442610
1.014282 0.651367 1.032837 -0.754993 2.117976 3.907057
1.051514 0.639038 1.061035 -0.651931 1.754727 3.554461
1.100708 0.660034 1.046875 -0.446871 1.234354 3.296405
1.207153 0.688354 0.992554 -0.252197 0.789880 3.029028
1.288818 0.692749 0.941040 -0.160852 0.560320 2.673502
1.318481 0.682983 0.906982 -0.182956 0.553662 2.215712
1.303345 0.676025 0.898682 -0.289214 0.712117 1.709454
1.234131 0.679565 0.918823 -0.462317 0.924900 1.250333
1.147217 0.638672 0.941040 -0.615180 1.091611 0.911585
1.057495 0.612183 0.975952 -0.653529 1.161917 0.669774
0.983765 0.600586 1.009399 -0.599467 1.098802 0.527031
0.932373 0.592285 1.019531 -0.470573 0.900932 0.455925
0.904785 0.557373 1.000854 -0.285220 0.642344 0.401598
0.873535 0.528687 0.970581 -0.091079 0.376032 0.327830
0.840088 0.497559 0.932739 0.075366 0.119308 0.229827
0.810303 0.461060 0.900269 0.184554 -0.101465 0.111318
0.784424 0.431641 0.883423 0.208522 -0.254328 -0.030626
0.766113 0.406982 0.860107 0.143808 -0.308389 -0.184820
0.740601 0.387817 0.848999 0.012783 -0.243675 -0.328362
0.691528 0.380493 0.864990 -0.148069 -0.075632 -0.436751
0.630737 0.368896 0.890259 -0.307324 0.124900 -0.480959
0.579834 0.347778 0.915649 -0.406658 0.298269 -0.450599
0.542847 0.330566 0.941162 -0.412783 0.419973 -0.357656
0.513794 0.331299 0.954590 -0.338482 0.460453 -0.228229
0.509888 0.324219 0.954712 -0.211185 0.427430 -0.086019
0.523560 0.325073 0.934448 -0.073768 0.348336 0.029028
0.534546 0.333130 0.908813 0.036218 0.267111 0.081491
0.542480 0.327759 0.883423 0.096138 0.203995 0.065513
0.536621 0.325562 0.875000 0.109987 0.156325 0.001598
0.514526 0.323364 0.870483 0.100932 0.126498 -0.079361
0.487183 0.322144 0.861938 0.092144 0.115313 -0.143542
0.459961 0.309082 0.856812 0.090280 0.107324 -0.178695
0.432129 0.305542 0.858643 0.094807 0.090812 -0.186684
0.407959 0.309937 0.858887 0.109720 0.067643 -0.167244
0.396973 0.309082 0.845825 0.144607 0.039414 -0.123036
0.395386 0.302124 0.827515 0.184820 0.017577 -0.070573
0.394287 0.306274 0.817383 0.206658 0.008256 -0.023702
0.394287 0.303345 0.803223 0.197337 0.003995 0.011718
0.399658 0.303955 0.784912 0.167776 0.008522 0.027164
0.395874 0.302124 0.774048 0.125433 0.025033 0.015979
0.391602 0.300903 0.777954 0.075100 0.040479 -0.006125
0.381714 0.302002 0.784912 0.016245 0.038881 -0.024234
0.370361 0.299316 0.792236 -0.030626 0.025033 -0.025033
0.367310 0.292480 0.798828 -0.042344 0.004527 -0.007457
0.368042 0.296997 0.803955 -0.026099 -0.013848 0.022636
0.384888 0.300415 0.797729 -0.005593 -0.030892 0.064181
0.403320 0.303711 0.793091 -0.003462 -0.034887 0.108389
0.422729 0.313110 0.799194 -0.022370 -0.010919 0.130759
0.430786 0.310547 0.798584 -0.044474 0.033822 0.124634
0.435425 0.306519 0.800415 -0.065513 0.082557 0.093209
0.430420 0.300659 0.818604 -0.099068 0.116911 0.037550
0.411499 0.301392 0.835083 -0.144607 0.124368 -0.023435
0.391479 0.301270 0.847168 -0.150200 0.100399 -0.053262
0.383057 0.297729 0.849731 -0.104660 0.051664 -0.045273
0.378418 0.303711 0.838745 -0.041811 -0.008788 -0.015979
0.394775 0.298950 0.828979 0.003196 -0.049800 0.015979
0.406250 0.304321 0.827515 -0.004794 -0.059387 0.027696
0.409058 0.309570 0.835938 -0.052996 -0.038615 0.032756
0.407593 0.305054 0.841919 -0.084421 0.001864 0.041811
0.409668 0.301392 0.846191 -0.083622 0.045273 0.045539
0.410889 0.296387 0.848633 -0.066045 0.071904 0.042610
0.413696 0.294189 0.855469 -0.061784 0.079627 0.025300
0.412109 0.296631 0.859741 -0.071638 0.074834 0.008788
0.406738 0.298340 0.856812 -0.072703 0.067377 0.008788
0.399780 0.298340 0.860596 -0.055393 0.064980 0.025033
0.401123 0.294556 0.854492 -0.028495 0.062583 0.049534
0.400879 0.298340 0.844482 -0.002397 0.057523 0.068708
0.401733 0.302246 0.842285 0.005326 0.049268 0.084154
