-0.218140 0.372559 0.541138 -0.643941 0.254061 0.299867
-0.266724 0.266479 0.526978 -0.765646 0.328096 0.399201
-0.392090 0.249878 0.607788 -0.796804 0.402929 0.499334
-0.476929 0.224609 0.649536 -0.707324 0.298269 0.652730
-0.473511 0.166138 0.657715 -0.482290 0.058322 0.876964
-0.422363 0.164673 0.604126 -0.180293 -0.261784 1.161385
-0.281128 0.163086 0.515625 0.066578 -0.511851 1.512383
-0.132202 0.149170 0.455688 0.172836 -0.518242 1.858589
0.030884 0.092896 0.370361 0.119041 -0.283622 2.114780
0.123901 0.064209 0.315796 -0.095340 0.196538 2.203728
0.074707 0.073853 0.287598 -0.434088 0.867377 2.111052
-0.141357 0.146484 0.350098 -0.800000 1.510253 1.922503
-0.364868 0.207153 0.442505 -1.064181 1.762983 1.797603
-0.498047 0.178101 0.557251 -1.108655 1.480959 1.875633
-0.468140 0.071899 0.623169 -0.865779 0.710786 2.188282
-0.328979 -0.016479 0.619507 -0.421838 -0.249001 2.628762
-0.090210 0.050659 0.567261 0.032756 -1.047403 3.115313
0.182495 0.197021 0.484375 0.320107 -1.427164 3.706525
0.456787 0.325928 0.433960 0.341944 -1.280426 4.256724
0.678589 0.459961 0.454956 0.131292 -0.679361 4.566445
0.891357 0.583008 0.467041 -0.202663 0.107324 4.584021
1.015015 0.588989 0.596313 -0.565646 0.830626 4.377364
1.076904 0.606201 0.743286 -0.766711 1.253529 4.062850
1.166260 0.664673 0.894043 -0.770173 1.189880 3.749401
1.324341 0.776245 0.956787 -0.597071 0.679893 3.544341
1.534180 0.848877 0.967041 -0.328362 0.045806 3.361917
1.793579 0.958252 0.918579 -0.034088 -0.449001 3.101198
2.029175 1.067383 0.818237 0.182157 -0.566711 2.719308
2.203247 1.117310 0.703613 0.234621 -0.251398 2.154461
2.231689 1.150513 0.619019 0.111052 0.383222 1.446338
2.119141 1.140869 0.602905 -0.162184 1.090280 0.720905
1.980713 1.092773 0.615723 -0.445273 1.549933 0.134754
1.887085 1.038208 0.622192 -0.635419 1.663116 -0.281491
1.815063 1.014526 0.619507 -0.713715 1.555260 -0.610120
1.761597 0.989136 0.594849 -0.710519 1.357124 -0.924634
1.696167 0.964722 0.585449 -0.672437 1.139281 -1.244474
1.637451 0.939331 0.558350 -0.613049 0.904927 -1.528096
1.597168 0.918579 0.543579 -0.564048 0.671372 -1.769907
1.553101 0.872681 0.515137 -0.549134 0.450067 -2.018109
1.494385 0.830933 0.495361 -0.547004 0.250599 -2.308655
1.432739 0.781006 0.474365 -0.562983 0.076698 -2.622637
1.355835 0.707886 0.472656 -0.618908 -0.042610 -2.930493
1.268433 0.648193 0.481567 -0.723835 -0.123569 -3.216245
1.175171 0.583374 0.506836 -0.881225 -0.180826 -3.451132
1.061279 0.515137 0.553223 -1.060985 -0.235153 -3.640213
0.946899 0.450684 0.608032 -1.192011 -0.340080 -3.800000
0.841797 0.379395 0.659424 -1.238615 -0.494274 -3.934487
0.737183 0.316040 0.702515 -1.203462 -0.655393 -4.046072
0.646973 0.237915 0.723389 -1.103063 -0.829561 -4.110519
0.563354 0.160645 0.738525 -0.998668 -0.994674 -4.156059
0.457764 0.105347 0.753174 -0.942477 -1.114514 -4.189880
0.334961 0.052856 0.789795 -0.930226 -1.187750 -4.182424
0.206543 -0.004883 0.825806 -0.924634 -1.253529 -4.135819
0.084351 -0.077148 0.869629 -0.941145 -1.307057 -4.066045
-0.047974 -0.150513 0.908936 -0.993076 -1.325699 -3.990945
-0.200317 -0.220093 0.973389 -1.075100 -1.268975 -3.915313
-0.360962 -0.279419 1.062744 -1.161917 -1.191744 -3.822104
-0.515503 -0.324097 1.144531 -1.170706 -1.131025 -3.641012
-0.649170 -0.332397 1.202515 -1.057790 -1.112916 -3.320639
-0.734497 -0.324951 1.220703 -0.821305 -1.128362 -2.863382
-0.799561 -0.329102 1.214478 -0.487883 -1.146471 -2.323835
-0.833130 -0.314575 1.163940 -0.154194 -1.147803 -1.797337
-0.858887 -0.290649 1.091797 0.084421 -1.089214 -1.332357
-0.861938 -0.277222 1.018311 0.208522 -0.967244 -0.942743
-0.851318 -0.270508 0.960571 0.235419 -0.800266 -0.614647
-0.836182 -0.270508 0.931885 0.204794 -0.627696 -0.313981
-0.808350 -0.274414 0.905273 0.171238 -0.490280 -0.001598
-0.758179 -0.275635 0.871094 0.164314 -0.398935 0.335286
-0.683228 -0.276123 0.815674 0.174168 -0.317177 0.676698
-0.602173 -0.285278 0.774048 0.145939 -0.196272 1.002397
-0.555786 -0.279053 0.750122 0.053529 -0.045539 1.294541
-0.544067 -0.246826 0.734009 -0.074035 0.097736 1.562184
-0.559448 -0.200439 0.728394 -0.189880 0.211718 1.822636
-0.572266 -0.153809 0.728760 -0.275366 0.274567 2.082290
-0.569458 -0.138794 0.743774 -0.311851 0.268975 2.350466
-0.532471 -0.134888 0.741821 -0.294541 0.201598 2.648469
-0.442017 -0.155396 0.744995 -0.276698 0.131558 3.004261
-0.320435 -0.177734 0.752808 -0.317177 0.131558 3.436751
-0.227783 -0.124878 0.758057 -0.435153 0.259920 3.929960
-0.179443 0.005249 0.824463 -0.628495 0.523036 4.498535
-0.071045 0.064331 0.901978 -0.882557 0.826897 5.133422
0.108154 0.091797 0.928345 -1.132890 1.165380 5.722503
0.280151 0.085327 1.034546 -1.365646 1.654860 6.137683
0.461426 0.010620 1.206055 -1.578429 2.160053 6.225566
0.569092 0.063354 1.384399 -1.635952 2.499867 6.053529
0.702759 0.104370 1.544678 -1.422637 2.425300 6.021838
0.916504 0.145752 1.608398 -0.984554 1.915313 6.180559
1.145996 0.203735 1.609497 -0.492410 1.288149 6.221571
1.314941 0.270508 1.531738 -0.075366 0.781624 5.965380
1.447021 0.354126 1.366333 0.212783 0.556325 5.391744
1.433350 0.371826 1.220093 0.313715 0.696139 4.537950
1.314209 0.417847 1.130615 0.238083 1.035419 3.578961
1.156128 0.416382 1.112183 0.073502 1.365912 2.784288
1.031372 0.377197 1.082642 -0.065779 1.480959 2.324634
0.954468 0.335205 1.072144 -0.146205 1.352064 2.142743
0.915039 0.324707 1.053101 -0.161917 1.065246 2.074035
0.916992 0.315918 1.023315 -0.137683 0.742210 2.016511
0.944580 0.304077 0.990479 -0.097736 0.458855 1.905193
0.961060 0.344971 0.988403 -0.049001 0.291345 1.722503
0.954346 0.348267 0.989502 0.022903 0.162450 1.557390
0.947510 0.338989 0.948608 0.138748 0.046338 1.392011
0.938599 0.351196 0.897949 0.243675 -0.019441 1.230892
0.916870 0.352173 0.854370 0.269241 0.005593 1.082290
0.890137 0.336060 0.833496 0.213316 0.089747 0.935286
0.859253 0.320313 0.835571 0.126764 0.172836 0.809055
0.825439 0.290894 0.862183 0.047403 0.212517 0.692676
0.789429 0.274170 0.876221 -0.002130 0.190945 0.549401
0.758301 0.241699 0.902344 -0.013582 0.122503 0.403196
0.717773 0.237549 0.918823 0.007989 0.011984 0.258056
0.690308 0.234863 0.926636 0.046072 -0.108389 0.143276
0.660767 0.250488 0.927734 0.077497 -0.201598 0.066578
0.640503 0.254028 0.920898 0.113981 -0.262317 0.028495
0.633423 0.257202 0.896240 0.140080 -0.281491 -0.011718
0.622070 0.258545 0.876831 0.123302 -0.234088 -0.078296
0.600830 0.245605 0.873169 0.050866 -0.128628 -0.170706
0.559692 0.224243 0.888306 -0.046871 -0.013049 -0.270306
0.518555 0.192261 0.912109 -0.120373 0.059920 -0.358988
0.472046 0.166016 0.944214 -0.147004 0.064447 -0.427963
0.438354 0.148315 0.960449 -0.123302 0.010120 -0.465779
0.417358 0.137085 0.949707 -0.058855 -0.068176 -0.467377
0.400879 0.131348 0.940063 0.019174 -0.131292 -0.442344
0.391479 0.127563 0.909790 0.079627 -0.149933 -0.409854
0.379883 0.132690 0.892578 0.098269 -0.109720 -0.380027
0.361328 0.131592 0.870117 0.085752 -0.028762 -0.347004
0.347412 0.134277 0.854736 0.056991 0.071105 -0.318242
0.333862 0.134155 0.851929 0.020240 0.169374 -0.304660
0.312500 0.138428 0.838745 -0.013848 0.242876 -0.305193
0.289917 0.140259 0.833740 -0.039414 0.288149 -0.309987
0.281616 0.136963 0.826416 -0.052996 0.294274 -0.304394
0.271851 0.135010 0.836060 -0.069507 0.267111 -0.295340
0.262329 0.146484 0.853271 -0.107324 0.210652 -0.280959
0.255005 0.149170 0.867065 -0.137150 0.133688 -0.260985
0.254028 0.149292 0.867065 -0.122503 0.047670 -0.241811
0.263672 0.157227 0.860962 -0.079627 -0.023702 -0.233555
0.273804 0.156982 0.855225 -0.057257 -0.060186 -0.245007
0.275513 0.163818 0.863892 -0.092943 -0.053529 -0.280160
0.266602 0.169312 0.879150 -0.145939 -0.022636 -0.300399
0.267212 0.184326 0.893799 -0.169374 0.000533 -0.271638
0.273560 0.193848 0.913086 -0.168309 0.013049 -0.183755
0.293091 0.209961 0.923218 -0.160320 0.012250 -0.074035
0.311401 0.230591 0.933350 -0.157124 0.018908 0.022636
0.327271 0.238770 0.942627 -0.169374 0.055126 0.086818
0.344849 0.237427 0.966675 -0.180559 0.095606 0.107856
0.342651 0.226929 0.990234 -0.171238 0.105459 0.082823
0.334229 0.222412 1.013672 -0.127297 0.047403 0.037017
0.326904 0.209961 1.025146 -0.045539 -0.078562 0.001065
0.338501 0.204590 1.014038 0.063382 -0.247137 -0.017577
0.350464 0.207275 0.993164 0.172570 -0.394674 -0.023702
0.359741 0.201172 0.971436 0.261252 -0.484953 -0.027164
0.371094 0.202759 0.937378 0.327031 -0.517710 -0.026099
