-0.459595 0.487915 0.450684 -0.495606 0.701731 -0.464980
-0.536255 0.444580 0.459839 -0.384554 0.523569 -0.250333
-0.574707 0.390381 0.459106 -0.235686 0.318242 0.006924
-0.576416 0.389282 0.416992 -0.088149 0.079627 0.276165
-0.532959 0.332397 0.379883 0.023435 -0.098802 0.526764
-0.485229 0.282227 0.342407 0.067643 -0.207457 0.756325
-0.450562 0.242676 0.321533 0.054328 -0.247137 0.990413
-0.414063 0.194824 0.307129 0.010386 -0.245273 1.217044
-0.408325 0.157959 0.301025 -0.049268 -0.231691 1.403196
-0.401489 0.141602 0.293335 -0.102530 -0.236218 1.563249
-0.384521 0.158203 0.307861 -0.124900 -0.270306 1.730493
-0.348267 0.186157 0.315308 -0.126232 -0.325166 1.942477
-0.278076 0.207031 0.289185 -0.140346 -0.372570 2.194674
-0.184692 0.219238 0.263428 -0.203728 -0.375233 2.465779
-0.095703 0.234131 0.262573 -0.335553 -0.310253 2.726764
-0.020752 0.221069 0.267456 -0.545672 -0.220772 2.892676
0.040161 0.200439 0.301392 -0.803462 -0.154194 2.882024
0.081299 0.194458 0.353638 -1.079893 -0.133422 2.711052
0.110229 0.237671 0.407227 -1.303329 -0.168575 2.493209
0.152832 0.338257 0.468018 -1.425832 -0.239680 2.402397
0.216919 0.412231 0.517700 -1.460453 -0.296937 2.563249
0.314331 0.484131 0.544312 -1.435153 -0.257523 2.897204
0.408691 0.571045 0.552734 -1.399201 -0.063116 3.237816
0.465942 0.664917 0.571411 -1.406125 0.263382 3.437550
0.515869 0.680542 0.626221 -1.473502 0.600266 3.460453
0.578369 0.745972 0.697754 -1.519574 0.818908 3.379494
0.694946 0.913330 0.772095 -1.505193 0.849800 3.424767
0.892456 0.990112 0.865723 -1.442344 0.744874 3.643675
1.138672 1.013916 0.858154 -1.284953 0.567776 3.802929
1.361450 1.078247 0.863403 -1.131824 0.494807 3.779760
1.569458 1.155396 0.872437 -1.053529 0.543808 3.575499
1.729614 1.159302 0.878296 -1.060985 0.699601 3.149401
1.774292 1.170532 0.921997 -1.137949 0.883089 2.515313
1.745605 1.217407 0.994385 -1.192277 0.956059 1.842344
1.719360 1.244385 1.045532 -1.150999 0.853795 1.291079
1.730103 1.231445 1.055908 -0.991744 0.634088 0.921704
1.778320 1.213745 1.017822 -0.762184 0.396272 0.645273
1.829468 1.173950 0.937012 -0.542743 0.237816 0.345939
1.842896 1.124023 0.854980 -0.395739 0.186418 -0.021571
1.807983 1.074707 0.787231 -0.322237 0.192277 -0.430093
1.729126 1.021729 0.731445 -0.300932 0.173901 -0.841811
1.634277 0.961304 0.690308 -0.301198 0.099334 -1.251398
1.526123 0.912231 0.655518 -0.305459 -0.043142 -1.637017
1.430054 0.859375 0.607544 -0.309188 -0.239148 -1.963515
1.338135 0.824097 0.575562 -0.308123 -0.429028 -2.242610
1.267090 0.777588 0.553101 -0.314514 -0.610386 -2.481491
1.204834 0.712280 0.515625 -0.324634 -0.811451 -2.701465
1.149170 0.661133 0.487671 -0.349134 -1.010120 -2.939547
1.080078 0.599365 0.447144 -0.426365 -1.151265 -3.189081
0.987427 0.537842 0.436035 -0.584554 -1.198402 -3.445007
0.868408 0.466675 0.454468 -0.812517 -1.161385 -3.682290
0.726685 0.386841 0.503296 -1.054860 -1.099601 -3.879361
0.572876 0.295776 0.591553 -1.237017 -1.060186 -3.996538
0.426270 0.203735 0.686523 -1.321971 -1.112117 -4.016778
0.279907 0.137451 0.754395 -1.283089 -1.285752 -3.948868
0.169556 0.093750 0.793701 -1.142210 -1.575499 -3.795739
0.082031 0.056885 0.825439 -0.951531 -1.879094 -3.594408
0.033569 0.033936 0.818970 -0.782956 -2.128362 -3.366445
-0.014282 0.024658 0.791504 -0.756858 -2.180559 -3.135286
-0.057251 -0.003296 0.788086 -0.911851 -1.955526 -2.887616
-0.131104 -0.046143 0.821167 -1.193342 -1.523302 -2.634088
-0.227905 -0.098511 0.895264 -1.462051 -1.041278 -2.358455
-0.306763 -0.153931 1.000122 -1.620772 -0.667643 -2.042610
-0.356567 -0.200684 1.066406 -1.618109 -0.460719 -1.682823
-0.367188 -0.248169 1.107666 -1.473236 -0.370972 -1.331558
-0.380737 -0.309082 1.140503 -1.237550 -0.339281 -1.070573
-0.404053 -0.342285 1.135986 -0.941411 -0.349134 -0.950200
-0.446655 -0.360962 1.101318 -0.637550 -0.374967 -0.913981
-0.501221 -0.378052 1.059326 -0.388815 -0.386951 -0.879361
-0.556519 -0.381226 1.005127 -0.208522 -0.374700 -0.780559
-0.586426 -0.382935 0.959961 -0.092410 -0.337949 -0.569108
-0.598389 -0.394775 0.942261 -0.050333 -0.273236 -0.235952
-0.581421 -0.397827 0.913086 -0.061784 -0.191744 0.210386
-0.541748 -0.380249 0.892334 -0.123036 -0.064980 0.749667
-0.493530 -0.356934 0.908691 -0.262583 0.148602 1.326498
-0.460083 -0.327637 0.914551 -0.456991 0.406391 1.860719
-0.420288 -0.287109 0.924927 -0.672703 0.707590 2.317177
-0.400391 -0.261719 0.958008 -0.899867 1.038882 2.674301
-0.403809 -0.262329 1.020996 -1.082024 1.337150 2.957124
-0.416382 -0.276123 1.091919 -1.163782 1.505726 3.225566
-0.371338 -0.323853 1.159058 -1.110786 1.519574 3.547004
-0.348389 -0.292236 1.139526 -0.962983 1.423968 3.918775
-0.261108 -0.266968 1.122559 -0.822903 1.375233 4.290812
-0.152222 -0.156494 1.159912 -0.810652 1.394408 4.700399
0.002197 -0.056763 1.200439 -0.890280 1.503595 5.114514
0.159668 0.010132 1.244507 -0.938482 1.716112 5.495872
0.364014 0.007690 1.260376 -0.961651 2.013848 5.747537
0.501587 0.033936 1.228760 -0.962983 2.359254 5.736618
0.631714 0.102783 1.240356 -0.991478 2.695073 5.544341
0.719971 0.232544 1.251587 -1.087350 2.904660 5.310253
0.819336 0.404541 1.327637 -1.193342 2.901997 5.158988
0.958862 0.511719 1.398926 -1.237284 2.625300 5.115846
1.098022 0.576294 1.434692 -1.132091 2.212517 4.978961
1.188843 0.558716 1.411987 -0.900133 1.788815 4.650066
1.250488 0.568848 1.363525 -0.600799 1.402929 4.121705
1.241699 0.547852 1.313354 -0.298802 1.129427 3.446338
1.150635 0.512573 1.256958 -0.058589 0.925166 2.752597
1.053467 0.476318 1.196411 0.094274 0.720373 2.201598
0.981567 0.439087 1.136719 0.166178 0.455925 1.876698
0.962280 0.421753 1.063232 0.207457 0.206391 1.710519
0.980225 0.435913 1.002441 0.222370 0.086019 1.638615
1.013428 0.436035 0.944214 0.191478 0.105193 1.631425
1.025269 0.445557 0.906372 0.109720 0.230892 1.590413
1.000488 0.448486 0.883179 0.018375 0.401598 1.484421
0.955444 0.425537 0.880127 -0.040746 0.522770 1.311851
0.885254 0.399414 0.891235 -0.058056 0.504394 1.093209
0.813843 0.373413 0.885864 -0.029827 0.323569 0.853529
0.750000 0.345459 0.878296 0.022370 0.038881 0.625832
0.691284 0.305420 0.885010 0.072969 -0.288948 0.419973
0.642822 0.285034 0.858521 0.114248 -0.596272 0.232224
0.600586 0.252075 0.856445 0.098802 -0.807190 0.068176
0.555786 0.234131 0.864502 0.065513 -0.946205 -0.047403
0.540283 0.227783 0.880249 0.015712 -0.979494 -0.085220
0.531616 0.209229 0.896484 -0.050067 -0.922770 -0.081491
0.520264 0.198120 0.910156 -0.112916 -0.795739 -0.080692
0.505005 0.195435 0.918457 -0.166178 -0.635153 -0.100932
0.478394 0.173828 0.947510 -0.203196 -0.477230 -0.155526
0.443115 0.167847 0.961060 -0.206391 -0.369640 -0.230360
0.397705 0.160645 0.975830 -0.178429 -0.313182 -0.303595
0.365234 0.161377 0.977539 -0.122770 -0.311052 -0.360053
0.340088 0.162476 0.962891 -0.066045 -0.333955 -0.399734
0.324707 0.160034 0.952759 -0.031425 -0.347270 -0.427430
0.308960 0.157959 0.945679 -0.033023 -0.331292 -0.452996
0.290283 0.157104 0.949585 -0.070306 -0.266045 -0.464714
0.262939 0.153076 0.950317 -0.112916 -0.165646 -0.455925
0.239746 0.141846 0.976318 -0.129960 -0.070573 -0.429561
0.229858 0.136841 0.997925 -0.127830 -0.008788 -0.389348
0.221802 0.137817 1.006226 -0.110253 0.020240 -0.337150
0.218872 0.139771 1.001587 -0.064980 0.039414 -0.283356
0.213013 0.145020 0.985962 0.000533 0.056724 -0.235686
0.211426 0.146484 0.971558 0.056724 0.067643 -0.193875
0.217285 0.151611 0.966797 0.076431 0.061518 -0.165646
0.225098 0.164063 0.955811 0.075899 0.053529 -0.154727
0.225586 0.170654 0.949341 0.091345 0.053529 -0.151531
0.219116 0.173828 0.927246 0.128628 0.058589 -0.150200
0.217163 0.181763 0.915283 0.172570 0.049001 -0.135819
0.224365 0.177124 0.896729 0.193875 0.029827 -0.113715
0.240967 0.188477 0.894531 0.170972 0.025033 -0.112650
0.241089 0.196411 0.897339 0.132357 0.042876 -0.130759
0.243042 0.201172 0.901001 0.119574 0.071372 -0.147537
0.255981 0.198242 0.906250 0.137683 0.099601 -0.160852
0.271484 0.196533 0.912476 0.173635 0.115313 -0.184021
0.277222 0.206543 0.908691 0.207457 0.119041 -0.217577
0.276733 0.216553 0.897949 0.231425 0.118775 -0.246338
0.271973 0.210571 0.891968 0.231957 0.111052 -0.258855
0.261108 0.212036 0.885620 0.209854 0.088415 -0.248469
0.263428 0.215576 0.877197 0.167244 0.057523 -0.214913
0.273315 0.209351 0.877075 0.101731 0.058589 -0.168842
0.281738 0.202637 0.884155 0.033822 0.092144 -0.138482
0.278931 0.196655 0.899292 -0.015446 0.144873 -0.133156
