-0.063110 0.885132 0.376953 -0.126764 -0.072170 -0.040746
-0.010376 0.825806 0.331909 -0.198402 -0.045539 -0.022370
-0.028442 0.806641 0.380371 -0.251664 0.068975 0.002663
-0.039795 0.797119 0.379517 -0.274567 0.123835 0.000533
-0.046265 0.760376 0.377319 -0.282557 0.166711 0.013848
-0.044922 0.737305 0.383789 -0.281491 0.201332 0.018642
-0.042236 0.689209 0.379395 -0.268176 0.238083 0.019441
-0.048218 0.639771 0.364014 -0.256192 0.266578 0.006391
-0.091919 0.617920 0.349609 -0.260186 0.300666 -0.030626
-0.162842 0.601196 0.354004 -0.264447 0.324101 -0.090812
-0.224487 0.557373 0.355591 -0.238349 0.291878 -0.133422
-0.272339 0.509399 0.368408 -0.168043 0.184554 -0.131292
-0.296631 0.470825 0.371460 -0.066578 0.001864 -0.075632
-0.303589 0.433838 0.346436 0.045539 -0.195206 0.017310
-0.295410 0.382568 0.338013 0.130226 -0.339814 0.124368
-0.296265 0.333740 0.321777 0.167776 -0.421305 0.213848
-0.300415 0.264893 0.319824 0.143808 -0.428229 0.275366
-0.296021 0.200195 0.317627 0.082823 -0.376032 0.334221
-0.362549 0.213501 0.306885 0.005859 -0.275633 0.392810
-0.449463 0.253296 0.324341 -0.058855 -0.180027 0.468442
-0.491699 0.293213 0.333374 -0.079627 -0.158455 0.617577
-0.508911 0.378174 0.359497 -0.056991 -0.211718 0.894274
-0.447510 0.413086 0.383301 0.015712 -0.326764 1.337417
-0.327026 0.383057 0.380859 0.119308 -0.433289 1.850333
-0.170532 0.352295 0.353760 0.178695 -0.419707 2.282290
-0.023804 0.331665 0.324707 0.114514 -0.201332 2.543808
0.025391 0.334961 0.310059 -0.081491 0.191744 2.608788
-0.043823 0.395386 0.332764 -0.376831 0.624234 2.505726
-0.126831 0.419922 0.387817 -0.676431 0.909188 2.366711
-0.199585 0.507324 0.487427 -0.871105 0.933422 2.346738
-0.192749 0.593384 0.583618 -0.903862 0.667643 2.624234
-0.027100 0.592041 0.612427 -0.762450 0.240746 3.178961
0.192139 0.627441 0.603271 -0.553395 -0.069774 3.751531
0.429688 0.691895 0.560181 -0.431691 -0.104394 4.162184
0.660278 0.695068 0.501587 -0.468975 0.168842 4.310519
0.765625 0.755005 0.514160 -0.616245 0.665246 4.140346
0.818115 0.861206 0.582275 -0.856192 1.140346 3.778162
0.835205 0.936890 0.655273 -1.081758 1.421039 3.441012
0.887573 0.980591 0.738647 -1.184021 1.427430 3.207457
0.980347 1.018433 0.773438 -1.124101 1.212517 3.067111
1.110107 1.035156 0.763794 -0.978961 0.938748 2.974434
1.242920 1.080811 0.745483 -0.823702 0.758722 2.848735
1.361084 1.125244 0.722900 -0.735553 0.700133 2.675100
1.467529 1.153687 0.704590 -0.714514 0.723302 2.428495
1.541016 1.159302 0.693359 -0.728362 0.794407 2.062850
1.580200 1.165894 0.694092 -0.758722 0.859654 1.617044
1.596924 1.158936 0.684326 -0.776831 0.895340 1.172570
1.601807 1.160400 0.682007 -0.777097 0.907856 0.807457
1.630737 1.150146 0.671021 -0.766178 0.888149 0.539814
1.648682 1.116821 0.653442 -0.753129 0.847403 0.292943
1.637695 1.084351 0.634155 -0.728629 0.801332 -0.008256
1.593750 1.056763 0.610229 -0.680692 0.732091 -0.363515
1.519775 1.020142 0.592529 -0.609587 0.613848 -0.738748
1.431030 0.979126 0.575195 -0.517976 0.423169 -1.085486
1.358643 0.937012 0.547729 -0.418109 0.168842 -1.373635
1.301147 0.900635 0.513062 -0.324900 -0.112916 -1.609321
1.243408 0.857788 0.487427 -0.260186 -0.373103 -1.814381
1.197144 0.813721 0.456787 -0.230626 -0.621571 -2.001332
1.155884 0.778076 0.433716 -0.251398 -0.845007 -2.171238
1.103271 0.744141 0.415527 -0.349933 -1.001598 -2.334487
1.053955 0.694092 0.412354 -0.526232 -1.070040 -2.487617
0.989502 0.656250 0.424438 -0.737683 -1.055393 -2.622104
0.918335 0.605957 0.440552 -0.963515 -0.969907 -2.744341
0.829834 0.545654 0.479858 -1.189614 -0.863382 -2.875633
0.711548 0.489990 0.543945 -1.397337 -0.784288 -3.012517
0.583252 0.423340 0.617310 -1.519840 -0.786951 -3.132091
0.447388 0.360474 0.704468 -1.524900 -0.887084 -3.222903
0.309326 0.302856 0.763428 -1.402663 -1.095073 -3.269507
0.189575 0.267700 0.805786 -1.189348 -1.384021 -3.276698
0.105713 0.220703 0.808472 -0.990945 -1.680692 -3.258589
0.055542 0.171997 0.784424 -0.935819 -1.853529 -3.226099
-0.014648 0.145752 0.781982 -1.079627 -1.798136 -3.189880
-0.087769 0.073242 0.829468 -1.377364 -1.516644 -3.122237
-0.185059 0.004639 0.890015 -1.702264 -1.110519 -2.996005
-0.315186 -0.050049 0.986694 -1.936884 -0.673502 -2.806391
-0.444824 -0.116455 1.095825 -1.974168 -0.309454 -2.544607
-0.551392 -0.177002 1.155884 -1.772304 -0.108921 -2.214114
-0.624878 -0.230957 1.174072 -1.341145 -0.081491 -1.845273
-0.675659 -0.264893 1.143799 -0.777896 -0.175499 -1.517177
-0.699829 -0.269409 1.053833 -0.255127 -0.337150 -1.237816
-0.695923 -0.267700 0.947510 0.132091 -0.500932 -0.962983
-0.674316 -0.253418 0.835083 0.350732 -0.593076 -0.658855
-0.647705 -0.228638 0.740234 0.410652 -0.567244 -0.321172
-0.604370 -0.211060 0.669556 0.332091 -0.402663 0.048202
-0.572266 -0.208618 0.630493 0.134221 -0.112650 0.443675
-0.539673 -0.210693 0.608521 -0.121704 0.196272 0.860186
-0.509277 -0.230957 0.660278 -0.386684 0.445273 1.276698
-0.484253 -0.225952 0.681274 -0.594674 0.567244 1.643409
-0.485962 -0.185669 0.733521 -0.714514 0.605060 1.953129
-0.467896 -0.158081 0.785889 -0.730759 0.542743 2.229561
-0.431030 -0.147461 0.831543 -0.638083 0.392810 2.486818
-0.378296 -0.123413 0.833862 -0.451398 0.199734 2.722770
-0.294556 -0.079468 0.795776 -0.235153 0.050067 2.988815
-0.161987 -0.021729 0.744507 -0.109720 0.033555 3.344607
-0.008545 0.028320 0.692505 -0.146738 0.203728 3.790945
0.118164 0.068481 0.753174 -0.355526 0.541944 4.264181
0.247925 0.120361 0.778687 -0.714248 0.862850 4.687616
0.342163 0.167480 0.857544 -1.100133 1.160053 5.019441
0.448364 0.176392 0.937256 -1.337683 1.323302 5.211452
0.567505 0.198364 0.997681 -1.389081 1.331824 5.223435
0.667603 0.222046 1.038818 -1.317177 1.220506 5.122770
0.813843 0.293579 1.095093 -1.171505 1.018376 4.916112
0.981812 0.395874 1.143311 -1.050866 0.759254 4.654594
1.112061 0.507324 1.187134 -0.949401 0.539814 4.361118
1.238892 0.608521 1.193359 -0.809321 0.409854 4.021039
1.343506 0.627075 1.177979 -0.638615 0.435952 3.624501
1.387207 0.652832 1.133545 -0.484687 0.627963 3.132890
1.370850 0.675781 1.093872 -0.409321 0.974434 2.563249
1.299194 0.648926 1.069214 -0.462051 1.340879 1.965113
1.191528 0.610718 1.058472 -0.624767 1.628495 1.400266
1.072632 0.577881 1.091797 -0.832756 1.785619 0.947270
0.973145 0.545776 1.136230 -0.980826 1.769640 0.652730
0.905273 0.547363 1.199097 -1.004261 1.587750 0.505726
0.878296 0.522339 1.216431 -0.856991 1.319308 0.473768
0.890625 0.508179 1.201294 -0.594141 1.025300 0.456991
0.889404 0.514038 1.145996 -0.305459 0.779494 0.391744
0.871460 0.510254 1.081665 -0.085220 0.613316 0.266045
0.825317 0.504761 1.022827 0.049001 0.494274 0.098535
0.779297 0.458740 0.982056 0.097204 0.392543 -0.071372
0.743408 0.445190 0.967041 0.096405 0.293742 -0.241811
0.695435 0.421997 0.944214 0.100133 0.227430 -0.401598
0.664795 0.376099 0.908325 0.037017 0.216778 -0.555526
0.596191 0.343018 0.902832 -0.094807 0.266844 -0.694008
0.518555 0.316772 0.911377 -0.221039 0.366977 -0.789614
0.436157 0.285034 0.938232 -0.301731 0.464447 -0.833023
0.360718 0.257324 0.972290 -0.315579 0.491345 -0.820240
0.302368 0.244751 0.987305 -0.257257 0.433555 -0.763782
0.260742 0.233032 0.994873 -0.139015 0.305459 -0.666312
0.251099 0.221436 0.990845 -0.003728 0.129427 -0.544075
0.257568 0.222412 0.980835 0.104660 -0.052197 -0.422370
0.277588 0.226807 0.967041 0.176032 -0.193875 -0.323036
0.302979 0.234497 0.958252 0.220506 -0.278562 -0.269507
0.323730 0.242920 0.949219 0.239947 -0.283089 -0.263116
0.331543 0.249512 0.933472 0.217577 -0.209587 -0.278029
0.324707 0.251221 0.924316 0.160320 -0.073236 -0.295073
0.315674 0.245728 0.915649 0.094807 0.090280 -0.291345
0.286499 0.236816 0.911011 0.026631 0.255659 -0.269774
0.258423 0.231689 0.923340 -0.041811 0.385885 -0.239680
0.229126 0.222656 0.925415 -0.089214 0.449001 -0.205060
0.204224 0.212524 0.929932 -0.092144 0.449800 -0.171505
0.198242 0.208130 0.929565 -0.051931 0.397603 -0.137417
0.191162 0.206177 0.941040 0.012783 0.303329 -0.092410
0.203735 0.212036 0.925171 0.073502 0.171238 -0.041545
0.215454 0.216675 0.907959 0.123036 0.060719 0.010652
0.236572 0.218018 0.890869 0.162450 -0.009854 0.054860
0.257690 0.218994 0.879028 0.171238 -0.053529 0.083622
0.266479 0.220459 0.871094 0.157656 -0.064714 0.082823
0.282593 0.213745 0.863647 0.138216 -0.052463 0.061252
0.295898 0.208984 0.860962 0.114248 -0.018908 0.019441
0.288818 0.211060 0.864014 0.066578 0.037284 -0.042077
