-0.149658 0.885742 0.292358 -0.231957 0.005060 -0.136884
-0.093506 0.889526 0.253906 -0.284953 -0.012517 -0.053529
-0.097168 0.917480 0.244385 -0.368575 0.110519 -0.040479
-0.097656 0.897583 0.255127 -0.475899 0.263382 -0.071105
-0.147339 0.882446 0.290405 -0.554461 0.404794 -0.143808
-0.205078 0.863525 0.347412 -0.573369 0.465513 -0.218642
-0.244141 0.816040 0.378906 -0.531025 0.411185 -0.259121
-0.264282 0.756714 0.401001 -0.434620 0.283356 -0.276431
-0.277588 0.710449 0.402832 -0.320107 0.145672 -0.279095
-0.275635 0.656128 0.393677 -0.227696 0.039148 -0.270306
-0.285645 0.592896 0.387085 -0.178162 -0.003462 -0.261784
-0.307007 0.541504 0.379395 -0.189614 0.022370 -0.253529
-0.334717 0.486328 0.377197 -0.255393 0.110786 -0.227430
-0.383179 0.439575 0.384155 -0.346205 0.246072 -0.164048
-0.441162 0.416016 0.375610 -0.447670 0.400533 -0.084687
-0.540527 0.393555 0.396240 -0.531292 0.545939 0.006658
-0.619141 0.358521 0.435425 -0.552064 0.593875 0.151798
-0.659546 0.305542 0.465454 -0.484154 0.503595 0.371505
-0.661377 0.255249 0.487183 -0.332091 0.308389 0.660453
-0.613281 0.197510 0.480103 -0.135553 0.062317 1.002929
-0.547119 0.179077 0.452759 0.060985 -0.155526 1.366445
-0.488159 0.188232 0.419922 0.205859 -0.271904 1.715047
-0.468628 0.281860 0.388306 0.251398 -0.271638 2.021305
-0.421265 0.369629 0.375977 0.192277 -0.195473 2.284421
-0.334106 0.397949 0.368408 0.080426 -0.064447 2.529161
-0.258911 0.417358 0.385010 -0.055126 0.123569 2.747803
-0.184082 0.408936 0.401245 -0.176831 0.328629 2.938748
-0.104614 0.366333 0.421021 -0.258589 0.512117 3.086285
-0.024170 0.351318 0.413696 -0.280692 0.663648 3.179760
0.036743 0.358765 0.397095 -0.275633 0.812783 3.225566
0.038696 0.455200 0.396729 -0.336618 0.925965 3.220506
0.040649 0.584961 0.425049 -0.478029 0.960320 3.238349
0.100098 0.600464 0.459106 -0.622636 0.890280 3.368842
0.196655 0.603027 0.497192 -0.681758 0.748602 3.507057
0.334473 0.650146 0.532104 -0.678562 0.586152 3.613848
0.518677 0.708984 0.531372 -0.664714 0.464714 3.710786
0.721313 0.814087 0.521729 -0.651664 0.457790 3.761917
0.924316 0.939331 0.513916 -0.674301 0.582423 3.763515
1.099243 1.070923 0.501221 -0.742210 0.797603 3.687883
1.249756 1.132568 0.525146 -0.864447 1.054061 3.463649
1.358032 1.201172 0.553833 -1.020506 1.255126 3.072437
1.430542 1.232300 0.595215 -1.129427 1.377364 2.577630
1.486816 1.264038 0.623657 -1.163515 1.392810 2.070040
1.533325 1.268066 0.661865 -1.134221 1.334754 1.591744
1.589600 1.262085 0.670288 -1.037816 1.221571 1.169640
1.646118 1.250366 0.643921 -0.882823 1.091345 0.815712
1.679565 1.251709 0.584961 -0.700666 0.976032 0.478029
1.665283 1.266846 0.529907 -0.547004 0.884154 0.109987
1.609619 1.284912 0.492432 -0.459121 0.777896 -0.266578
1.545654 1.270630 0.472534 -0.430360 0.606391 -0.615180
1.475220 1.238647 0.443970 -0.420506 0.369108 -0.943276
1.408325 1.205811 0.432617 -0.394141 0.106791 -1.242610
1.379150 1.156006 0.412964 -0.363782 -0.158189 -1.492144
1.361206 1.085571 0.401978 -0.375499 -0.386951 -1.716112
1.338013 0.997803 0.401245 -0.446338 -0.558722 -1.949933
1.288452 0.910889 0.421631 -0.562450 -0.659387 -2.210120
1.205322 0.836426 0.449829 -0.714248 -0.703063 -2.483356
1.091187 0.770752 0.497314 -0.887084 -0.708389 -2.743276
0.966919 0.694336 0.548584 -1.040746 -0.691345 -2.964581
0.839111 0.617065 0.596802 -1.156325 -0.686019 -3.145406
0.702881 0.544189 0.638184 -1.234088 -0.697736 -3.286551
0.554932 0.477051 0.677979 -1.251664 -0.725166 -3.375766
0.415771 0.413330 0.704956 -1.191212 -0.784021 -3.412783
0.278198 0.362427 0.712036 -1.077497 -0.876698 -3.402663
0.162720 0.318970 0.710205 -0.945140 -1.003995 -3.343542
0.051880 0.289307 0.700562 -0.842077 -1.139281 -3.249534
-0.043823 0.253418 0.697144 -0.814115 -1.256192 -3.141412
-0.128662 0.222290 0.695923 -0.868975 -1.319574 -3.029294
-0.212524 0.178101 0.717041 -1.000799 -1.292144 -2.915846
-0.293823 0.130859 0.749512 -1.165912 -1.182956 -2.786685
-0.386597 0.086060 0.802124 -1.319574 -1.027164 -2.618642
-0.479004 0.055298 0.870850 -1.391212 -0.884687 -2.406658
-0.542603 0.004150 0.936523 -1.338216 -0.809587 -2.124634
-0.601196 -0.034790 0.968872 -1.162983 -0.826099 -1.790679
-0.632935 -0.071533 0.984375 -0.896138 -0.913981 -1.456458
-0.669434 -0.098389 0.966187 -0.576298 -1.031957 -1.161651
-0.711670 -0.113647 0.934082 -0.266312 -1.150466 -0.928096
-0.732544 -0.111938 0.878662 -0.003995 -1.248735 -0.731292
-0.736450 -0.110962 0.814819 0.167776 -1.276964 -0.522237
-0.717651 -0.107788 0.753784 0.214913 -1.197870 -0.259654
-0.690552 -0.115356 0.705200 0.151531 -0.997071 0.068975
-0.664673 -0.130615 0.672485 0.022903 -0.712650 0.459387
-0.640503 -0.145752 0.669800 -0.140080 -0.394141 0.883888
-0.628418 -0.142090 0.685059 -0.323302 -0.112916 1.328096
-0.596313 -0.142578 0.674194 -0.501198 0.091079 1.763782
-0.558960 -0.130493 0.696899 -0.670040 0.255127 2.152596
-0.513672 -0.130493 0.728516 -0.823169 0.380027 2.462850
-0.462036 -0.147949 0.774170 -0.935020 0.446605 2.688682
-0.428345 -0.151611 0.798950 -0.968043 0.438881 2.849800
-0.367676 -0.150879 0.820068 -0.901997 0.369640 3.019973
-0.291748 -0.125732 0.820190 -0.784021 0.262583 3.275899
-0.187012 -0.089478 0.793701 -0.650599 0.176298 3.644740
-0.043823 -0.065552 0.753296 -0.568575 0.194940 4.094541
0.101685 -0.043823 0.735474 -0.668975 0.361917 4.527563
0.259521 -0.002197 0.750366 -0.935286 0.659121 4.839148
0.387207 0.124756 0.807129 -1.280160 1.034088 4.938216
0.479980 0.289063 0.934937 -1.618642 1.377364 4.875632
0.583374 0.349609 1.068726 -1.823968 1.530226 4.793875
0.682007 0.382324 1.204712 -1.796804 1.417577 4.691611
0.834229 0.419556 1.303833 -1.554194 1.066312 4.609854
1.032349 0.455322 1.313721 -1.186684 0.621039 4.440746
1.221924 0.523560 1.277710 -0.849800 0.299601 4.079894
1.340820 0.587280 1.225708 -0.695073 0.209055 3.564847
1.401733 0.691895 1.206543 -0.729161 0.324101 2.984820
1.377197 0.718140 1.220947 -0.814913 0.552064 2.438082
1.353271 0.741089 1.249878 -0.871372 0.794407 1.969640
1.308228 0.739380 1.259033 -0.868442 1.002929 1.585087
1.264160 0.717651 1.250610 -0.807989 1.146205 1.257790
1.211548 0.687744 1.234131 -0.715846 1.229561 0.970972
1.143555 0.666382 1.209351 -0.636485 1.247670 0.712384
1.055542 0.628418 1.185913 -0.551531 1.200000 0.469507
0.961670 0.598633 1.153931 -0.446605 1.076964 0.244740
0.866455 0.585449 1.132935 -0.323835 0.880426 0.031691
0.774780 0.556274 1.097168 -0.193342 0.656192 -0.169108
0.694824 0.530762 1.051392 -0.085220 0.433289 -0.335286
0.611938 0.506348 1.012695 0.001065 0.272703 -0.441012
0.556030 0.466553 0.971069 0.055126 0.167510 -0.478296
0.504639 0.435059 0.941528 0.067377 0.101997 -0.469241
0.470215 0.407593 0.923218 0.038881 0.090280 -0.419174
0.439087 0.376343 0.916260 -0.014381 0.122503 -0.336618
0.415161 0.348999 0.913086 -0.076165 0.168575 -0.232224
0.393677 0.343384 0.927368 -0.127563 0.207457 -0.105193
0.386230 0.333984 0.929199 -0.138482 0.221305 0.019707
0.373901 0.314819 0.936523 -0.099867 0.222636 0.098269
0.365845 0.307739 0.929932 -0.040213 0.190413 0.120905
0.353271 0.301880 0.916016 0.029028 0.137417 0.100133
0.338257 0.297974 0.897949 0.082557 0.078562 0.051931
0.327271 0.291870 0.878418 0.103329 0.017577 0.007457
0.307739 0.286621 0.875854 0.098802 -0.040746 -0.009854
0.298218 0.278076 0.865234 0.085752 -0.093209 0.003196
0.309448 0.274536 0.859131 0.072969 -0.118509 0.037284
0.315552 0.277710 0.846680 0.048469 -0.090013 0.078828
0.328125 0.283203 0.841675 0.017044 -0.015446 0.116378
0.333740 0.284180 0.837646 -0.024501 0.078029 0.147803
0.333496 0.285889 0.851074 -0.072170 0.153395 0.161119
0.333374 0.278809 0.850464 -0.108655 0.194940 0.148069
0.331787 0.277100 0.855347 -0.135286 0.209587 0.101731
0.322510 0.269287 0.861084 -0.150999 0.195739 0.032224
0.304077 0.261963 0.870850 -0.150999 0.156591 -0.042077
0.287964 0.245361 0.881104 -0.133156 0.079361 -0.098269
0.277222 0.239014 0.881470 -0.107856 -0.025033 -0.132091
0.273193 0.235352 0.877075 -0.086818 -0.123835 -0.141678
0.280396 0.235107 0.872803 -0.077497 -0.181891 -0.137417
0.291260 0.238403 0.875610 -0.082024 -0.187483 -0.133955
0.300659 0.239990 0.879150 -0.103063 -0.162983 -0.141411
0.308960 0.243530 0.884277 -0.127297 -0.109454 -0.160852
0.308960 0.240723 0.884155 -0.147803 -0.045539 -0.180826
0.304321 0.242432 0.897339 -0.170972 0.018109 -0.199201
0.297852 0.235474 0.910400 -0.196005 0.049001 -0.209587
0.296021 0.231934 0.916748 -0.208788 0.053262 -0.203995
