-0.459717 0.511719 0.460571 -0.245007 -0.065513 0.554727
-0.389893 0.448242 0.401001 -0.266844 -0.088415 0.729427
-0.384766 0.428223 0.424683 -0.256192 -0.030892 0.931025
-0.344482 0.412964 0.403564 -0.225832 -0.001065 1.141678
-0.288330 0.379028 0.378296 -0.212783 0.052197 1.355792
-0.265137 0.362305 0.360352 -0.234621 0.142477 1.503595
-0.289429 0.365356 0.360596 -0.290013 0.251931 1.578429
-0.365845 0.406860 0.391479 -0.348602 0.332623 1.594940
-0.412476 0.420898 0.439941 -0.371505 0.316112 1.613848
-0.426147 0.395874 0.473267 -0.315846 0.180826 1.677497
-0.385132 0.430542 0.478149 -0.192543 -0.024767 1.805326
-0.295044 0.426147 0.466431 -0.065246 -0.208256 2.054594
-0.181396 0.424316 0.451050 0.039947 -0.285752 2.323302
-0.053589 0.425903 0.394897 0.075632 -0.219707 2.544341
0.013428 0.463989 0.375000 -0.007190 -0.005859 2.688149
0.038452 0.583374 0.380493 -0.190413 0.294274 2.769907
0.054443 0.647461 0.412598 -0.430626 0.593076 2.829294
0.089111 0.707397 0.467773 -0.633822 0.794407 2.856991
0.138306 0.756592 0.530273 -0.736884 0.852463 2.920639
0.244873 0.749023 0.564697 -0.713182 0.788282 3.031425
0.382813 0.752197 0.570068 -0.615446 0.694274 3.130493
0.530884 0.777588 0.562012 -0.522503 0.656724 3.197603
0.650879 0.814331 0.557617 -0.482823 0.719041 3.226897
0.753052 0.842529 0.544678 -0.518509 0.856724 3.194407
0.816162 0.853271 0.547729 -0.605859 1.024234 3.075366
0.824097 0.923950 0.574829 -0.717710 1.162716 2.874834
0.834473 0.955078 0.608765 -0.807989 1.227164 2.690013
0.899414 0.975220 0.651978 -0.822636 1.169907 2.570972
0.990479 0.989990 0.678345 -0.756325 1.023968 2.538216
1.116577 0.978638 0.670044 -0.646072 0.851132 2.542477
1.249146 0.978638 0.638550 -0.539814 0.736884 2.466045
1.349365 0.988281 0.620239 -0.489747 0.700666 2.266312
1.427490 1.024414 0.603149 -0.511318 0.708389 1.981891
1.489868 1.047363 0.606079 -0.586418 0.723302 1.671904
1.522949 1.055176 0.618896 -0.661252 0.726498 1.345140
1.528076 1.070068 0.630615 -0.693209 0.691611 0.987217
1.510986 1.049927 0.649170 -0.673502 0.611185 0.605326
1.484863 1.032104 0.658203 -0.598935 0.475100 0.222636
1.445068 1.007324 0.641846 -0.486019 0.281225 -0.132357
1.399780 0.979248 0.611938 -0.360320 0.042344 -0.451931
1.362183 0.954590 0.567505 -0.259654 -0.214381 -0.738748
1.320679 0.921753 0.532593 -0.219441 -0.431158 -1.009587
1.267090 0.891113 0.499146 -0.228229 -0.602663 -1.272437
1.210938 0.864990 0.483398 -0.280160 -0.719308 -1.515579
1.163086 0.831665 0.478027 -0.356591 -0.781092 -1.719574
1.110229 0.795410 0.475708 -0.454061 -0.803462 -1.889214
1.057373 0.763672 0.471558 -0.570972 -0.785619 -2.049534
1.005127 0.724609 0.476807 -0.700399 -0.733156 -2.209853
0.939331 0.694824 0.494263 -0.828495 -0.668442 -2.365380
0.867920 0.664429 0.520752 -0.938482 -0.635952 -2.511585
0.790771 0.637085 0.551636 -1.003995 -0.666312 -2.654061
0.718140 0.608154 0.571167 -1.020772 -0.757923 -2.793342
0.643555 0.588013 0.577759 -1.014913 -0.895606 -2.935819
0.564575 0.567017 0.585449 -1.013848 -1.034088 -3.079627
0.470581 0.541260 0.604614 -1.026897 -1.129960 -3.225033
0.370850 0.495850 0.638062 -1.026631 -1.194407 -3.343542
0.286133 0.428223 0.669556 -0.990945 -1.258056 -3.416511
0.174683 0.408691 0.678101 -0.953129 -1.308123 -3.445539
0.080444 0.374023 0.693604 -0.949933 -1.303595 -3.410919
-0.006592 0.315674 0.737183 -0.980559 -1.242077 -3.325699
-0.131958 0.273682 0.799561 -1.006392 -1.173901 -3.215180
-0.249390 0.247559 0.842041 -0.962184 -1.151798 -3.064447
-0.343750 0.216797 0.871338 -0.833822 -1.156059 -2.862849
-0.422729 0.206909 0.881714 -0.656991 -1.166445 -2.618109
-0.473267 0.203857 0.850830 -0.458589 -1.194674 -2.336352
-0.493042 0.198730 0.815063 -0.288682 -1.208788 -2.039148
-0.486694 0.179810 0.772949 -0.197603 -1.184820 -1.743808
-0.475586 0.161621 0.728394 -0.213049 -1.085486 -1.460453
-0.462402 0.131592 0.724121 -0.318509 -0.902264 -1.199467
-0.458618 0.093262 0.734985 -0.486019 -0.655659 -0.989348
-0.480957 0.068604 0.761597 -0.661518 -0.384820 -0.816245
-0.518188 0.059937 0.793335 -0.771771 -0.137683 -0.639680
-0.553101 0.049438 0.810791 -0.765646 0.035153 -0.436751
-0.571533 0.034424 0.788696 -0.645539 0.095606 -0.203196
-0.567749 0.023193 0.753052 -0.470573 0.060453 0.049268
-0.546753 0.004761 0.707397 -0.317443 -0.018908 0.302796
-0.525635 -0.009155 0.674805 -0.252730 -0.105459 0.544075
-0.513794 -0.004150 0.643555 -0.280160 -0.168842 0.777630
-0.497681 -0.009277 0.639404 -0.362184 -0.172304 1.007457
-0.485718 -0.024414 0.664063 -0.471904 -0.121172 1.239947
-0.504639 -0.028931 0.711060 -0.574700 -0.053529 1.479095
-0.505981 -0.033813 0.747681 -0.611984 -0.014913 1.737417
-0.464233 -0.066406 0.778687 -0.579228 -0.007457 2.027963
-0.403809 -0.085571 0.780396 -0.521704 -0.010386 2.345672
-0.325439 -0.088867 0.761841 -0.484953 0.023435 2.683622
-0.219971 -0.071289 0.725708 -0.524900 0.160586 3.035153
-0.116821 -0.006592 0.695679 -0.703329 0.444474 3.403196
-0.000854 0.056152 0.695190 -0.999201 0.824767 3.802929
0.100342 0.108765 0.722656 -1.394674 1.241012 4.132889
0.155762 0.158447 0.805542 -1.819441 1.647670 4.285486
0.197266 0.171997 0.915771 -2.125699 1.905459 4.276165
0.236694 0.184814 1.043457 -2.195206 1.887350 4.193342
0.328125 0.232056 1.137451 -2.047404 1.582157 4.154994
0.471069 0.311646 1.183960 -1.766977 1.145406 4.221571
0.698242 0.401733 1.169434 -1.470306 0.758189 4.364314
0.922485 0.495728 1.159912 -1.289214 0.591744 4.498802
1.116577 0.542725 1.154175 -1.232224 0.658322 4.498003
1.255859 0.500366 1.165894 -1.271371 0.913981 4.251132
1.306396 0.522461 1.178223 -1.385885 1.228229 3.758988
1.248291 0.512451 1.256104 -1.478296 1.521704 3.134754
1.161743 0.521729 1.346558 -1.463648 1.601598 2.549667
1.111938 0.560791 1.421875 -1.310519 1.397869 2.151798
1.135010 0.591553 1.438721 -1.055393 0.974700 1.961385
1.191772 0.605103 1.386108 -0.723302 0.570706 1.789348
1.207764 0.620239 1.321289 -0.417310 0.344607 1.511318
1.177002 0.613525 1.239868 -0.182956 0.271105 1.146471
1.106812 0.592041 1.156494 -0.037017 0.295872 0.753928
1.007080 0.560303 1.094360 0.026897 0.340346 0.388815
0.904297 0.510498 1.052612 0.038083 0.353928 0.092410
0.815918 0.461670 1.021729 0.021838 0.337150 -0.134221
0.724854 0.427124 0.999878 -0.015712 0.330226 -0.307057
0.639160 0.399414 0.990967 -0.049534 0.345939 -0.423435
0.571045 0.379761 1.004272 -0.048469 0.357923 -0.466578
0.523682 0.360718 1.003418 -0.011185 0.328096 -0.435153
0.495972 0.352539 0.994263 0.044740 0.260985 -0.344607
0.490356 0.335938 0.973145 0.086818 0.183489 -0.238881
0.486816 0.318481 0.972290 0.102530 0.109987 -0.173635
0.475830 0.298340 0.962402 0.105193 0.038881 -0.164314
0.468506 0.284058 0.956543 0.109454 -0.023702 -0.204261
0.443970 0.274780 0.958496 0.120107 -0.065246 -0.279627
0.417114 0.258667 0.956787 0.141944 -0.094807 -0.354194
0.389282 0.247192 0.945923 0.183755 -0.136352 -0.400000
0.371338 0.236206 0.934692 0.229294 -0.176032 -0.406658
0.361206 0.236328 0.921021 0.260985 -0.187750 -0.380293
0.356201 0.232910 0.905640 0.277497 -0.168043 -0.341944
0.354004 0.232300 0.881470 0.279627 -0.117177 -0.305459
0.343872 0.237427 0.868408 0.251132 -0.031425 -0.285220
0.331543 0.242432 0.861328 0.192011 0.072437 -0.286818
0.301392 0.245728 0.858398 0.127031 0.172037 -0.301731
0.270020 0.246826 0.860840 0.080160 0.225832 -0.303595
0.251099 0.239136 0.859741 0.061784 0.225566 -0.286285
0.230225 0.243896 0.858276 0.064980 0.179494 -0.265513
0.220459 0.246460 0.851929 0.077230 0.102264 -0.242344
0.217651 0.250488 0.845337 0.087350 0.015712 -0.211984
0.215454 0.261963 0.833496 0.089481 -0.054328 -0.178961
0.220093 0.265503 0.826172 0.075100 -0.079095 -0.149667
0.223389 0.266479 0.818970 0.045806 -0.065246 -0.125433
0.220581 0.266235 0.822510 0.008788 -0.030892 -0.103329
0.226074 0.263062 0.828857 -0.037017 0.010652 -0.082290
0.231079 0.261963 0.844482 -0.098269 0.054860 -0.067377
0.221558 0.255981 0.867432 -0.159787 0.109188 -0.061784
0.211304 0.249390 0.884644 -0.189880 0.149134 -0.050866
0.205444 0.245361 0.899292 -0.189081 0.164581 -0.027164
0.207153 0.239258 0.907104 -0.166445 0.161119 0.004527
0.208252 0.243286 0.904297 -0.135286 0.149933 0.031425
0.215698 0.246216 0.912598 -0.104128 0.124368 0.062051
0.224854 0.251465 0.905396 -0.068442 0.090546 0.101731
0.240967 0.260132 0.904175 -0.038083 0.058589 0.143009
0.257935 0.270630 0.892578 -0.018908 0.035686 0.180826
0.266479 0.283813 0.886841 -0.011451 0.031691 0.201598
