0.114380 0.955200 0.312988 0.011185 -0.008788 -0.027164
0.087891 0.932251 0.355103 -0.223169 0.127297 -0.064714
0.075806 0.910034 0.403687 -0.364847 0.176032 -0.096671
0.069946 0.927856 0.430176 -0.392277 0.097470 -0.089747
0.073120 0.925293 0.421997 -0.321971 -0.019174 -0.057523
0.081299 0.921753 0.420410 -0.238615 -0.142743 -0.031425
0.106323 0.907837 0.403931 -0.138748 -0.191212 -0.019174
0.112427 0.899658 0.397949 -0.056458 -0.167776 -0.032490
0.109741 0.889526 0.380859 -0.002397 -0.099068 -0.059654
0.111328 0.868896 0.364258 0.006658 -0.019707 -0.098535
0.101685 0.862793 0.352295 -0.034088 0.059121 -0.153129
0.078247 0.848633 0.363281 -0.101198 0.124900 -0.202663
0.074341 0.827881 0.366699 -0.155260 0.165912 -0.236218
0.072754 0.794678 0.371094 -0.186684 0.193342 -0.267111
0.059814 0.768188 0.366821 -0.194940 0.209854 -0.307590
0.052490 0.733398 0.355713 -0.193875 0.224501 -0.348336
0.024780 0.690308 0.346069 -0.200000 0.249001 -0.402130
-0.040161 0.660645 0.349121 -0.214913 0.272170 -0.482557
-0.133911 0.621460 0.367798 -0.211984 0.243409 -0.566178
-0.230835 0.588745 0.385864 -0.157124 0.127830 -0.621305
-0.312012 0.543579 0.393188 -0.041278 -0.074834 -0.603728
-0.359497 0.506226 0.376831 0.112383 -0.322503 -0.505459
-0.374268 0.458740 0.340088 0.239148 -0.535553 -0.345406
-0.379028 0.414795 0.300415 0.282290 -0.637550 -0.158455
-0.405151 0.371460 0.287964 0.226365 -0.618908 0.040479
-0.440308 0.322632 0.312378 0.128096 -0.560053 0.259121
-0.471069 0.275269 0.335815 0.042077 -0.534487 0.529694
-0.471924 0.197998 0.358521 0.001332 -0.590413 0.845806
-0.457642 0.133789 0.376099 0.019973 -0.691079 1.166445
-0.428101 0.083130 0.368408 0.070839 -0.805859 1.462849
-0.436157 0.067505 0.360107 0.111585 -0.895606 1.729960
-0.465820 0.082520 0.364502 0.136352 -0.952064 2.010653
-0.456299 0.102539 0.351318 0.153395 -0.980293 2.341145
-0.380127 0.144897 0.341675 0.162450 -0.944075 2.745672
-0.243408 0.210205 0.317749 0.154194 -0.831691 3.255659
-0.062866 0.231445 0.285645 0.108921 -0.618375 3.845806
0.122192 0.278931 0.264526 0.019174 -0.299068 4.331558
0.301636 0.322632 0.228027 -0.164847 0.110253 4.563515
0.402344 0.411743 0.273804 -0.414913 0.591212 4.524367
0.511597 0.511963 0.307373 -0.689481 0.935020 4.396538
0.596924 0.599121 0.392334 -0.928629 1.092410 4.330492
0.696045 0.692261 0.465454 -1.061252 1.029294 4.303595
0.800781 0.768677 0.533447 -1.088416 0.819707 4.265779
0.932617 0.820923 0.568604 -1.006658 0.561917 4.178163
1.069580 0.834595 0.569824 -0.872969 0.403728 4.013049
1.265259 0.924072 0.575317 -0.777630 0.377896 3.794674
1.422729 0.985596 0.617920 -0.738748 0.451664 3.554194
1.593018 1.011108 0.657349 -0.737150 0.548336 3.281491
1.744995 1.043213 0.669678 -0.729694 0.636218 2.970439
1.861084 1.075195 0.686279 -0.711052 0.720107 2.605060
1.938965 1.098389 0.694824 -0.667643 0.784288 2.188016
1.993652 1.104248 0.705200 -0.592810 0.813582 1.757923
2.031372 1.091431 0.671875 -0.504660 0.791478 1.321172
2.034790 1.073364 0.646973 -0.424501 0.743808 0.868708
2.001953 1.037720 0.602173 -0.354461 0.676698 0.401065
1.939453 0.999023 0.556152 -0.320107 0.607723 -0.077497
1.849854 0.973877 0.522827 -0.319041 0.543808 -0.530759
1.748413 0.934082 0.492065 -0.336085 0.461252 -0.910253
1.638306 0.897949 0.466187 -0.352863 0.356858 -1.217843
1.549072 0.869507 0.440063 -0.360053 0.226897 -1.472437
1.472534 0.839233 0.405396 -0.365113 0.070839 -1.678562
1.412964 0.816040 0.381470 -0.397603 -0.092144 -1.854061
1.378296 0.794800 0.369019 -0.478562 -0.246871 -1.999201
1.342773 0.761963 0.350098 -0.594674 -0.384820 -2.147004
1.285278 0.729248 0.361816 -0.731824 -0.489214 -2.347803
1.216919 0.673218 0.368774 -0.870306 -0.589081 -2.591478
1.128784 0.622681 0.401733 -0.986951 -0.681225 -2.859920
1.027588 0.564331 0.441284 -1.075100 -0.794141 -3.127297
0.911621 0.497192 0.485962 -1.136352 -0.948336 -3.374967
0.759399 0.427368 0.550537 -1.141944 -1.148602 -3.598668
0.619507 0.357056 0.615845 -1.050599 -1.431957 -3.767776
0.474854 0.318726 0.639893 -0.891877 -1.768575 -3.865779
0.364136 0.277710 0.629639 -0.743542 -2.082290 -3.865246
0.298706 0.249634 0.619141 -0.677763 -2.259654 -3.774700
0.245728 0.222534 0.609619 -0.742743 -2.221571 -3.619441
0.189087 0.218018 0.595093 -0.945140 -1.928895 -3.428495
0.111938 0.185059 0.632568 -1.264714 -1.389880 -3.196272
0.004761 0.132813 0.696411 -1.614647 -0.732623 -2.929960
-0.139282 0.083374 0.803589 -1.866045 -0.122770 -2.650333
-0.275391 0.040527 0.912842 -1.921438 0.265779 -2.343009
-0.389893 -0.007080 0.997070 -1.770972 0.398136 -2.015446
-0.484131 -0.051514 1.046631 -1.443143 0.299334 -1.719840
-0.550171 -0.075073 1.041382 -1.000000 0.036485 -1.462051
-0.592407 -0.081055 0.998657 -0.547004 -0.284953 -1.237284
-0.607422 -0.072266 0.917969 -0.172304 -0.564581 -1.026098
-0.598755 -0.055176 0.826172 0.064181 -0.720639 -0.790146
-0.578491 -0.053345 0.754517 0.133688 -0.701198 -0.518242
-0.565308 -0.059692 0.719971 0.080692 -0.521172 -0.222903
-0.564941 -0.075562 0.699951 -0.031957 -0.262850 0.094274
-0.579712 -0.096558 0.707397 -0.141944 0.004261 0.434088
-0.603638 -0.109009 0.724121 -0.213316 0.197603 0.782956
-0.601074 -0.126953 0.744507 -0.225566 0.268442 1.143009
-0.569702 -0.145630 0.750732 -0.178162 0.247936 1.532889
-0.503174 -0.146118 0.763306 -0.113449 0.191212 1.942477
-0.395020 -0.169312 0.780151 -0.083622 0.153395 2.336618
-0.274902 -0.157837 0.767822 -0.119574 0.198935 2.650866
-0.167358 -0.100708 0.747925 -0.220772 0.406658 2.830359
-0.104858 -0.065674 0.742432 -0.375233 0.797337 2.882290
-0.152588 -0.000122 0.759155 -0.567510 1.243142 2.842344
-0.226440 0.060181 0.791504 -0.721704 1.566178 2.862849
-0.242676 0.066162 0.834717 -0.770706 1.692410 3.108655
-0.118896 0.111206 0.838135 -0.718775 1.632756 3.608788
0.100220 0.165527 0.830811 -0.652463 1.567776 4.279627
0.348145 0.231812 0.831055 -0.630093 1.642344 4.895606
0.616455 0.344482 0.871216 -0.707590 1.851664 5.360852
0.930664 0.414673 0.891846 -0.919574 2.077763 5.596538
1.168457 0.479004 0.947876 -1.168575 2.295073 5.429561
1.292358 0.538452 1.038208 -1.354993 2.417310 4.938748
1.362183 0.610229 1.146973 -1.437550 2.341944 4.322770
1.392700 0.673340 1.237061 -1.360852 2.080959 3.627697
1.356567 0.655029 1.255493 -1.119574 1.691877 2.972836
1.370972 0.694702 1.240356 -0.811451 1.215446 2.434354
1.360596 0.725830 1.241943 -0.503595 0.807190 2.028762
1.387207 0.734863 1.194336 -0.233023 0.445273 1.779760
1.434082 0.746460 1.135254 -0.027963 0.182423 1.587750
1.478638 0.770630 1.081543 0.096138 0.102264 1.392543
1.503906 0.774536 1.041626 0.136085 0.184820 1.188549
1.497681 0.771240 1.010376 0.132357 0.357124 0.967510
1.462769 0.771973 0.976074 0.110786 0.542477 0.733156
1.397461 0.758301 0.956177 0.084154 0.707324 0.492943
1.309448 0.723877 0.931030 0.073768 0.803728 0.257257
1.210205 0.680542 0.918335 0.076431 0.809055 0.021305
1.089355 0.641602 0.902222 0.091345 0.729960 -0.208256
0.973877 0.606445 0.902832 0.108921 0.589081 -0.419441
0.861328 0.547852 0.900757 0.127031 0.384021 -0.597337
0.773560 0.480591 0.910278 0.142743 0.135819 -0.737417
0.690308 0.429321 0.920654 0.161651 -0.117976 -0.844474
0.607178 0.378418 0.925171 0.207190 -0.353928 -0.905726
0.557617 0.336060 0.908447 0.266844 -0.556325 -0.922770
0.511841 0.294678 0.890015 0.314514 -0.692410 -0.907324
0.472046 0.264771 0.876709 0.326232 -0.746205 -0.870040
0.441284 0.238281 0.858887 0.320107 -0.726498 -0.815712
0.399658 0.222656 0.838745 0.308655 -0.654860 -0.748602
0.355225 0.209595 0.821045 0.299068 -0.531025 -0.668708
0.319702 0.203125 0.804443 0.303063 -0.400266 -0.566445
0.287476 0.207397 0.781494 0.311318 -0.290546 -0.455393
0.262329 0.216064 0.763306 0.311052 -0.202397 -0.336618
0.239990 0.229614 0.737793 0.297470 -0.139015 -0.202397
0.230225 0.231812 0.727661 0.270573 -0.100932 -0.067377
0.242188 0.240723 0.721802 0.233555 -0.093475 0.036218
0.254639 0.264038 0.708984 0.159521 -0.087350 0.086019
0.262451 0.281616 0.717163 0.059654 -0.047137 0.100666
0.263306 0.284302 0.732788 -0.019707 -0.003728 0.102264
0.260742 0.289551 0.742554 -0.052197 0.024501 0.102264
0.258667 0.290161 0.746216 -0.051664 0.027430 0.111318
0.267334 0.299927 0.747314 -0.056458 0.014913 0.137417
0.277466 0.316284 0.757202 -0.068176 0.006924 0.174967
0.288818 0.322388 0.756836 -0.065779 0.003462 0.216245
0.299194 0.326538 0.746094 -0.046072 0.005593 0.243675
0.302856 0.337524 0.726074 -0.019441 0.017310 0.258855
