-0.077881 0.890503 0.401733 -0.146738 0.031957 -0.181092
-0.049561 0.851074 0.403931 -0.206924 -0.026099 -0.123569
-0.061523 0.861816 0.392334 -0.190945 -0.050866 -0.091611
-0.063354 0.856812 0.393433 -0.155260 -0.049534 -0.071372
-0.056274 0.812012 0.392090 -0.115846 -0.016778 -0.080692
-0.057739 0.782227 0.381592 -0.074834 0.032756 -0.123302
-0.080566 0.765869 0.364868 -0.051132 0.107057 -0.180826
-0.111450 0.738159 0.354248 -0.062850 0.185885 -0.226631
-0.143799 0.689209 0.353027 -0.101997 0.233289 -0.247670
-0.174438 0.640747 0.346558 -0.146205 0.244208 -0.245539
-0.226807 0.591187 0.346069 -0.182157 0.245806 -0.242610
-0.278809 0.536377 0.355225 -0.198136 0.221838 -0.235153
-0.324951 0.477783 0.354858 -0.177896 0.166178 -0.200266
-0.352539 0.424194 0.353149 -0.128096 0.088948 -0.128628
-0.362305 0.364746 0.337769 -0.079095 0.006924 -0.016245
-0.356079 0.307495 0.318359 -0.055659 -0.044474 0.118775
-0.369263 0.258423 0.296753 -0.059654 -0.039680 0.246871
-0.407959 0.235474 0.288330 -0.098802 0.020506 0.358189
-0.499023 0.263550 0.283569 -0.168309 0.083622 0.461784
-0.581177 0.290283 0.302856 -0.229561 0.089214 0.596005
-0.610107 0.294922 0.323364 -0.217310 -0.009321 0.809587
-0.584839 0.326172 0.334595 -0.124101 -0.204527 1.118775
-0.491577 0.337646 0.328369 -0.002663 -0.429827 1.522237
-0.354980 0.327881 0.313354 0.083622 -0.595206 1.944873
-0.192261 0.298828 0.303345 0.086019 -0.627696 2.290812
-0.054199 0.262817 0.305176 -0.018642 -0.481491 2.489214
0.011719 0.266235 0.300171 -0.231957 -0.158455 2.520905
-0.059692 0.332275 0.314941 -0.512650 0.277763 2.426099
-0.196411 0.395264 0.374023 -0.775233 0.686285 2.289214
-0.277588 0.416748 0.434692 -0.909987 0.874834 2.260186
-0.305176 0.477295 0.502319 -0.863382 0.741944 2.539015
-0.178955 0.490967 0.529907 -0.707324 0.301465 3.133156
0.066406 0.495483 0.516479 -0.556591 -0.178961 3.781358
0.351318 0.545166 0.481934 -0.507590 -0.412250 4.294807
0.610474 0.618774 0.491699 -0.615180 -0.215446 4.531824
0.793213 0.693237 0.471436 -0.892410 0.370439 4.391212
0.762451 0.788940 0.566284 -1.288682 1.168842 3.875366
0.666260 0.926880 0.742310 -1.612517 1.795206 3.266844
0.664917 1.007324 0.910645 -1.684155 1.922503 2.950466
0.787109 0.997437 0.996826 -1.427696 1.558988 3.013049
0.995361 1.080200 0.959717 -0.981624 0.971771 3.192810
1.232178 1.114990 0.876709 -0.589880 0.549401 3.268708
1.457520 1.155640 0.780029 -0.380293 0.414381 3.137683
1.638916 1.209595 0.698730 -0.365912 0.550732 2.776831
1.728394 1.232178 0.690063 -0.494274 0.837816 2.251132
1.740845 1.247192 0.705322 -0.644208 1.073502 1.695073
1.708374 1.240234 0.716797 -0.716112 1.152064 1.192277
1.666748 1.211304 0.716919 -0.680959 1.068176 0.759521
1.618164 1.184937 0.694214 -0.569108 0.862583 0.371505
1.595947 1.155029 0.667603 -0.455393 0.599734 0.031425
1.566040 1.129883 0.628052 -0.377896 0.330226 -0.269774
1.524292 1.101440 0.597168 -0.334487 0.111318 -0.564581
1.466919 1.065674 0.572510 -0.313182 -0.052730 -0.861518
1.402344 1.025269 0.545776 -0.313449 -0.176565 -1.143808
1.345947 0.974243 0.538696 -0.359521 -0.265513 -1.398402
1.287720 0.914429 0.538940 -0.444208 -0.343542 -1.625832
1.217651 0.849487 0.554443 -0.529427 -0.430892 -1.836751
1.146484 0.790649 0.578003 -0.592011 -0.529960 -2.026098
1.082397 0.725342 0.598511 -0.625033 -0.649001 -2.198402
1.022705 0.685669 0.617798 -0.639148 -0.790945 -2.356059
0.969604 0.646118 0.620972 -0.638349 -0.925699 -2.488415
0.908325 0.616821 0.617798 -0.629827 -1.037550 -2.618642
0.848755 0.606934 0.597656 -0.630892 -1.115846 -2.745406
0.785400 0.572998 0.580566 -0.666045 -1.125166 -2.876165
0.700928 0.528442 0.570679 -0.741944 -1.060453 -3.020506
0.598633 0.487671 0.572388 -0.830360 -0.963249 -3.164048
0.483032 0.431763 0.598999 -0.906791 -0.886818 -3.279627
0.362427 0.374146 0.639771 -0.954461 -0.879627 -3.354727
0.229736 0.334229 0.671753 -0.959787 -0.969374 -3.386418
0.104248 0.286499 0.715820 -0.925699 -1.147004 -3.372836
-0.002808 0.239868 0.756470 -0.858056 -1.396005 -3.321704
-0.102661 0.210938 0.783813 -0.769641 -1.663648 -3.236485
-0.167236 0.186768 0.795532 -0.691079 -1.889214 -3.111851
-0.218018 0.166870 0.806396 -0.639414 -1.987217 -2.939814
-0.249512 0.154175 0.809082 -0.629827 -1.936085 -2.722237
-0.279541 0.139038 0.807861 -0.672969 -1.736884 -2.468708
-0.314209 0.109009 0.815430 -0.749933 -1.429827 -2.196005
-0.352417 0.076416 0.828491 -0.847670 -1.062051 -1.923569
-0.410889 0.032227 0.864136 -0.945406 -0.699334 -1.672437
-0.472168 -0.010498 0.911499 -0.989081 -0.442077 -1.445539
-0.520264 -0.052612 0.958252 -0.937949 -0.368842 -1.230892
-0.553955 -0.090698 1.000122 -0.760320 -0.486818 -1.023169
-0.564453 -0.105347 0.989380 -0.466844 -0.731292 -0.805593
-0.549316 -0.103760 0.941650 -0.138748 -0.961385 -0.564847
-0.520752 -0.083496 0.854492 0.143276 -1.050866 -0.304660
-0.509521 -0.061035 0.774170 0.302530 -0.955792 -0.026365
-0.504028 -0.050537 0.723755 0.319574 -0.699601 0.291079
-0.500244 -0.059937 0.692261 0.213582 -0.380559 0.657790
-0.507568 -0.058105 0.686768 0.034621 -0.084953 1.060186
-0.502808 -0.051636 0.700684 -0.148336 0.159521 1.477230
-0.482056 -0.070923 0.699341 -0.284154 0.343542 1.880959
-0.452515 -0.092163 0.718140 -0.370439 0.458322 2.253529
-0.419067 -0.116821 0.741699 -0.436751 0.463382 2.589880
-0.393677 -0.130859 0.776489 -0.475632 0.351798 2.887616
-0.357544 -0.101563 0.820557 -0.470306 0.143542 3.139015
-0.310425 -0.078247 0.853882 -0.418109 -0.073236 3.341678
-0.228394 -0.049072 0.867676 -0.318775 -0.226631 3.494807
-0.101685 0.024292 0.882813 -0.186418 -0.243675 3.596804
0.021240 0.115601 0.860229 -0.084953 -0.089747 3.678296
0.141357 0.190918 0.859497 -0.055659 0.218908 3.842077
0.293701 0.246948 0.860596 -0.096405 0.581625 4.177896
0.472412 0.309937 0.878296 -0.209055 0.962450 4.636219
0.685303 0.355225 0.915039 -0.363249 1.352863 5.088149
0.951050 0.444214 0.942993 -0.512383 1.747004 5.353928
1.150757 0.516724 0.932861 -0.634620 2.105726 5.345140
1.272705 0.595825 0.940796 -0.765379 2.410120 5.071105
1.373047 0.670654 0.994629 -0.910786 2.584820 4.600533
1.395996 0.744873 1.044800 -1.007723 2.561918 4.001864
1.378662 0.710938 1.084229 -1.000266 2.354194 3.361651
1.336304 0.702515 1.125610 -0.896937 1.979494 2.739547
1.298584 0.717163 1.131470 -0.720107 1.518775 2.201598
1.289673 0.702026 1.098389 -0.494008 1.070573 1.781092
1.290894 0.678711 1.062500 -0.296671 0.735819 1.468176
1.293701 0.663330 1.004883 -0.177630 0.548069 1.205326
1.286743 0.660400 0.959961 -0.153928 0.520107 0.946738
1.233887 0.638306 0.933960 -0.225300 0.621838 0.695073
1.163574 0.618896 0.938232 -0.327031 0.747537 0.474035
1.070923 0.603516 0.953369 -0.385619 0.818109 0.300932
0.991821 0.581177 0.952759 -0.372037 0.785619 0.180826
0.924805 0.548462 0.951660 -0.305992 0.679095 0.081491
0.854004 0.513794 0.948486 -0.220772 0.532091 -0.017577
0.795410 0.475586 0.932983 -0.141678 0.328362 -0.117976
0.745850 0.427490 0.924438 -0.076698 0.113182 -0.213848
0.698364 0.401733 0.912231 -0.025832 -0.093209 -0.322237
0.651001 0.373413 0.901978 0.005326 -0.263648 -0.423968
0.604004 0.349487 0.892090 0.019174 -0.378429 -0.515846
0.555664 0.334717 0.881958 0.009055 -0.423435 -0.577363
0.512573 0.332397 0.886841 -0.028762 -0.398668 -0.588549
0.487549 0.325928 0.892944 -0.064980 -0.333156 -0.524368
0.463867 0.326172 0.892334 -0.079893 -0.248469 -0.389348
0.446411 0.323486 0.897095 -0.067909 -0.154194 -0.225300
0.437378 0.325439 0.887207 -0.027963 -0.068176 -0.080692
0.432739 0.319092 0.873413 0.019973 0.007190 0.008788
0.416382 0.317383 0.865723 0.055925 0.053795 0.036751
0.407837 0.311401 0.849121 0.066045 0.070573 0.022903
0.396729 0.307007 0.841553 0.045806 0.087883 -0.028495
0.371826 0.311646 0.830688 0.008256 0.119574 -0.095340
0.332397 0.306152 0.832275 -0.018375 0.156591 -0.137150
0.298828 0.291504 0.838013 -0.018109 0.166711 -0.130493
0.285156 0.293213 0.843262 0.004794 0.143542 -0.083622
0.283325 0.295044 0.833618 0.033555 0.100932 -0.010919
0.282349 0.295410 0.821167 0.063382 0.064980 0.058322
0.288330 0.296631 0.812256 0.092410 0.033555 0.106525
0.318237 0.285645 0.812256 0.101997 0.010120 0.119574
0.332275 0.295654 0.804565 0.064447 0.007723 0.072437
0.322388 0.301270 0.815674 0.003728 0.036218 -0.003196
0.304565 0.295410 0.823608 -0.033289 0.064980 -0.063648
0.283325 0.290527 0.829224 -0.028762 0.066578 -0.083089
0.286621 0.282227 0.836670 -0.006391 0.042344 -0.066045
0.300415 0.284546 0.841675 -0.008788 0.014381 -0.036218
