-0.167725 0.865112 0.507202 -0.067909 -0.113715 -0.080160
-0.098633 0.819458 0.465576 -0.096671 -0.158455 -0.027696
-0.116821 0.822144 0.508911 -0.087084 -0.120905 0.014115
-0.099609 0.841553 0.506958 -0.060186 -0.112117 0.046072
-0.089722 0.839966 0.498779 -0.017843 -0.080692 0.071904
-0.087402 0.846924 0.479492 0.003462 -0.051132 0.064714
-0.092651 0.836060 0.478394 -0.007190 -0.005060 0.031691
-0.105835 0.822876 0.473633 -0.036485 0.022636 -0.001065
-0.124268 0.829834 0.471436 -0.067377 0.040479 -0.025033
-0.130005 0.810425 0.485718 -0.099601 0.049001 -0.031691
-0.126099 0.786377 0.481323 -0.113715 0.035419 -0.014381
-0.125122 0.774658 0.475708 -0.103595 0.020772 0.006658
-0.114990 0.743042 0.473145 -0.084687 0.023702 0.017310
-0.105591 0.704224 0.458496 -0.058589 0.039680 0.021838
-0.110352 0.670898 0.443115 -0.045806 0.070306 0.014913
-0.127563 0.641602 0.422974 -0.044208 0.113715 0.003995
-0.160522 0.627930 0.411255 -0.058855 0.164847 0.000266
-0.217651 0.613403 0.394775 -0.078029 0.202929 0.013316
-0.288696 0.583740 0.398071 -0.079893 0.212783 0.029561
-0.349854 0.526733 0.389038 -0.041545 0.156325 0.057523
-0.401367 0.468384 0.387817 0.042344 0.015712 0.117710
-0.433716 0.406250 0.382202 0.150999 -0.193342 0.225832
-0.436035 0.336792 0.373535 0.260985 -0.437816 0.379494
-0.412964 0.265259 0.353760 0.344873 -0.664980 0.564048
-0.379639 0.212158 0.332764 0.369640 -0.812250 0.758722
-0.372681 0.199097 0.303101 0.318242 -0.850865 0.947270
-0.409058 0.240234 0.302734 0.193342 -0.781891 1.120906
-0.447144 0.311768 0.320679 0.041545 -0.676431 1.317976
-0.440674 0.333496 0.369873 -0.074301 -0.615180 1.578695
-0.382690 0.315308 0.395020 -0.126232 -0.616511 1.874301
-0.309692 0.313110 0.421753 -0.144341 -0.644474 2.144874
-0.219238 0.286133 0.440796 -0.158722 -0.672703 2.378695
-0.113403 0.218384 0.448364 -0.163515 -0.673502 2.525699
-0.066406 0.174683 0.445557 -0.160320 -0.622903 2.538482
-0.087524 0.201050 0.439331 -0.154993 -0.544075 2.475366
-0.137207 0.335327 0.461060 -0.181891 -0.493742 2.467909
-0.122314 0.450806 0.490356 -0.207723 -0.513182 2.701731
-0.009155 0.488159 0.517090 -0.196804 -0.569108 3.200266
0.172241 0.526245 0.530640 -0.177097 -0.584554 3.805859
0.375610 0.553101 0.522461 -0.203995 -0.475632 4.347004
0.577393 0.588135 0.506592 -0.280426 -0.204527 4.733955
0.737793 0.627563 0.556030 -0.383755 0.239680 4.957124
0.915527 0.664917 0.536499 -0.465513 0.702530 5.019441
1.080933 0.728394 0.592896 -0.551531 1.076165 4.921438
1.213989 0.810425 0.632080 -0.556591 1.296405 4.747270
1.355469 0.921387 0.656494 -0.497470 1.308655 4.539547
1.527954 0.955322 0.622803 -0.396804 1.135553 4.246338
1.669922 1.019531 0.578125 -0.313981 0.911851 3.805859
1.782837 1.121948 0.539307 -0.299867 0.761917 3.234088
1.847534 1.166138 0.503906 -0.351265 0.708921 2.605859
1.865479 1.165894 0.499268 -0.438083 0.749401 1.955792
1.816284 1.169189 0.480469 -0.528096 0.827430 1.317177
1.760132 1.133545 0.490845 -0.628229 0.891345 0.786418
1.709961 1.101196 0.501953 -0.714514 0.895340 0.390146
1.677002 1.052612 0.517334 -0.790945 0.837284 0.087617
1.658325 1.004395 0.538818 -0.848735 0.725433 -0.176298
1.635376 0.958008 0.555542 -0.877497 0.582956 -0.431957
1.598877 0.924194 0.573364 -0.866045 0.426365 -0.695872
1.556152 0.884155 0.575195 -0.815446 0.258322 -0.960852
1.493164 0.846558 0.576660 -0.735819 0.081758 -1.226631
1.439453 0.814087 0.565186 -0.648202 -0.106258 -1.488415
1.381958 0.787231 0.540649 -0.579494 -0.283089 -1.751265
1.320435 0.759521 0.535034 -0.545140 -0.434887 -2.013049
1.248535 0.716797 0.522095 -0.531558 -0.588282 -2.251398
1.173462 0.681519 0.516846 -0.521172 -0.765646 -2.466045
1.099609 0.653687 0.505981 -0.515313 -0.955792 -2.671904
1.033813 0.613525 0.492920 -0.547004 -1.115579 -2.864447
0.971436 0.576538 0.479858 -0.645806 -1.206391 -3.039414
0.898926 0.531250 0.483154 -0.802397 -1.203196 -3.181891
0.820801 0.464355 0.507324 -1.008256 -1.123569 -3.288682
0.719116 0.406372 0.554810 -1.237284 -1.009055 -3.385353
0.584351 0.354858 0.630005 -1.431425 -0.902796 -3.464714
0.442383 0.300293 0.717407 -1.506525 -0.881225 -3.496139
0.307861 0.258423 0.792480 -1.426365 -0.981358 -3.479095
0.194458 0.214966 0.840210 -1.222370 -1.196272 -3.442343
0.093994 0.199463 0.846069 -0.968842 -1.440479 -3.397870
0.016968 0.199341 0.816162 -0.775766 -1.583489 -3.331292
-0.053711 0.181763 0.782593 -0.719041 -1.520107 -3.227963
-0.130981 0.152100 0.781982 -0.796804 -1.234354 -3.098003
-0.228271 0.120239 0.809814 -0.944874 -0.828762 -2.916911
-0.318359 0.083130 0.857910 -1.078029 -0.422370 -2.649800
-0.394897 0.037720 0.907715 -1.123302 -0.107856 -2.316378
-0.460571 0.001587 0.945435 -1.045273 0.085486 -1.983222
-0.505737 -0.039063 0.945923 -0.869774 0.159521 -1.688948
-0.550415 -0.066528 0.928589 -0.645273 0.149134 -1.444740
-0.593140 -0.068604 0.882446 -0.398668 0.080692 -1.248735
-0.618286 -0.077026 0.832397 -0.158189 -0.024501 -1.049534
-0.627319 -0.086426 0.773315 0.037816 -0.140879 -0.822370
-0.603394 -0.091064 0.704590 0.163515 -0.233023 -0.574700
-0.585693 -0.085327 0.640137 0.194407 -0.247137 -0.306258
-0.587402 -0.065796 0.598267 0.151531 -0.180027 -0.021305
-0.586182 -0.061401 0.588013 0.067111 -0.091877 0.299867
-0.565186 -0.075195 0.584229 -0.029827 -0.024501 0.665779
-0.527710 -0.079468 0.585083 -0.126232 0.038881 1.061518
-0.483521 -0.094116 0.585205 -0.210652 0.106525 1.465779
-0.446411 -0.099854 0.592041 -0.287084 0.184820 1.850865
-0.413818 -0.113281 0.606323 -0.356591 0.262850 2.211984
-0.397217 -0.098755 0.603149 -0.424501 0.329694 2.547270
-0.403076 -0.068604 0.619263 -0.493475 0.411718 2.851665
-0.391479 -0.075195 0.614502 -0.531025 0.491611 3.154194
-0.357300 -0.084595 0.613525 -0.550732 0.586684 3.519840
-0.261597 -0.078857 0.586914 -0.636218 0.774700 4.027430
-0.142090 -0.075928 0.595093 -0.908655 1.186684 4.738216
0.036011 -0.110229 0.630981 -1.385885 1.793609 5.559787
0.187988 -0.182861 0.778076 -1.971771 2.484154 6.321704
0.317993 -0.259888 0.972046 -2.510253 2.982424 6.895339
0.460693 -0.311523 1.168091 -2.799201 3.147270 7.116112
0.554077 -0.300903 1.291138 -2.725699 2.979760 6.888149
0.613525 -0.156860 1.370972 -2.354993 2.499867 6.355526
0.771240 0.027344 1.508667 -1.841545 1.764314 5.884421
1.049927 0.156738 1.539673 -1.311052 0.827963 5.738749
1.378784 0.255005 1.475464 -0.850333 -0.022104 5.682290
1.655884 0.349731 1.358032 -0.550732 -0.418642 5.447936
1.814453 0.439575 1.216187 -0.448202 -0.214913 4.910253
1.828613 0.467773 1.205322 -0.499334 0.411185 4.115047
1.698120 0.461792 1.238281 -0.602130 1.063382 3.199467
1.498169 0.436890 1.256348 -0.666312 1.548336 2.353395
1.312744 0.359009 1.219849 -0.683622 1.734487 1.725433
1.170044 0.343018 1.261475 -0.691345 1.648735 1.330759
1.082031 0.339600 1.333496 -0.641811 1.312384 1.198136
1.073608 0.304810 1.333008 -0.465779 0.782956 1.261518
1.119995 0.294556 1.305786 -0.153928 0.211185 1.319574
1.186646 0.314331 1.221313 0.221039 -0.255127 1.267909
1.227417 0.328857 1.111694 0.528096 -0.524368 1.076698
1.230347 0.333374 1.016846 0.681491 -0.575233 0.781358
1.191040 0.323486 0.939453 0.671638 -0.446605 0.427164
1.108276 0.296143 0.894287 0.532091 -0.212250 0.079893
0.998535 0.250610 0.880615 0.335553 0.047936 -0.217577
0.882080 0.218872 0.882080 0.147270 0.251398 -0.456458
0.773926 0.178833 0.884155 0.029561 0.398668 -0.625566
0.672729 0.146973 0.907104 -0.025566 0.475100 -0.745939
0.587158 0.112793 0.927368 -0.019174 0.451931 -0.802397
0.504883 0.107178 0.931885 0.037816 0.308123 -0.794674
0.466553 0.109497 0.926758 0.119574 0.078296 -0.723569
0.445679 0.114624 0.930298 0.207989 -0.184554 -0.604794
0.463501 0.126953 0.902344 0.273768 -0.448469 -0.491079
0.481201 0.135132 0.875977 0.312650 -0.633555 -0.412517
0.499146 0.150879 0.849121 0.312384 -0.689214 -0.388815
0.513062 0.158447 0.827026 0.270839 -0.619973 -0.406924
0.509033 0.160034 0.807373 0.187483 -0.442610 -0.451132
0.477051 0.153809 0.819214 0.067643 -0.200799 -0.499068
0.437988 0.142334 0.839966 -0.046605 0.012250 -0.517976
0.396362 0.128296 0.868408 -0.127563 0.139547 -0.510519
0.365479 0.123291 0.889771 -0.151798 0.162983 -0.483089
0.344849 0.123901 0.889404 -0.118775 0.115313 -0.444474
0.331665 0.124390 0.895386 -0.061518 0.045539 -0.404261
0.323730 0.128540 0.883911 -0.015180 -0.013316 -0.372304
0.321655 0.139160 0.879028 0.001332 -0.041545 -0.340613
0.317505 0.152954 0.868530 0.002130 -0.037550 -0.294274
0.318359 0.153198 0.865112 0.000799 -0.008522 -0.237284
