-0.049561 0.264038 0.969727 -0.094541 0.029561 0.288415
-0.013062 0.232666 0.939331 -0.246338 0.103862 0.345672
-0.011475 0.249268 0.961426 -0.354727 0.208256 0.367244
-0.013794 0.242676 0.987427 -0.414913 0.268176 0.392810
-0.020996 0.259888 0.995483 -0.394407 0.293742 0.401598
-0.034180 0.269653 1.012573 -0.290546 0.293742 0.392810
-0.032837 0.272705 1.005493 -0.138748 0.241012 0.390945
-0.014771 0.279419 0.993652 -0.003728 0.158189 0.410120
0.025513 0.284790 0.970947 0.082557 0.070306 0.440213
0.083130 0.292969 0.957275 0.102796 0.011984 0.460719
0.150269 0.300537 0.943237 0.059387 0.000533 0.459387
0.218384 0.297729 0.952393 -0.024501 0.049800 0.417577
0.289673 0.294800 0.977539 -0.107856 0.125433 0.325166
0.343628 0.293579 1.000854 -0.171238 0.197603 0.189348
0.393677 0.286621 1.021851 -0.203196 0.252197 0.035419
0.445801 0.261230 1.024292 -0.205593 0.297736 -0.108921
0.474487 0.249878 1.006592 -0.172570 0.345939 -0.247403
0.462769 0.281128 0.978271 -0.110786 0.420240 -0.368043
0.451050 0.333008 0.948486 -0.034354 0.490013 -0.428495
0.464233 0.369507 0.930420 0.019174 0.516112 -0.417577
0.493896 0.386230 0.916382 0.033023 0.476431 -0.370439
0.546753 0.395752 0.918457 0.024767 0.365912 -0.337683
0.602783 0.388184 0.933228 0.020506 0.202397 -0.347803
0.659668 0.373779 0.952148 0.038615 -0.014381 -0.420240
0.716431 0.337891 0.971680 0.082823 -0.264714 -0.560320
0.755005 0.291138 0.991577 0.120639 -0.512383 -0.780027
0.755005 0.274658 0.989258 0.138748 -0.720639 -1.059654
0.724731 0.278076 1.017334 0.134754 -0.858589 -1.330759
0.714722 0.261230 1.030762 0.115579 -0.945672 -1.540346
0.676025 0.289795 1.023438 0.109188 -0.958722 -1.686818
0.675049 0.278564 1.027222 0.115846 -0.881758 -1.759254
0.681030 0.266846 1.032227 0.136085 -0.745939 -1.803196
0.687622 0.242065 1.034912 0.149401 -0.592277 -1.871105
0.690186 0.176636 1.036499 0.150999 -0.459387 -1.994940
0.647949 0.124512 1.043335 0.153928 -0.357124 -2.198402
0.574829 0.078979 1.074097 0.163515 -0.328629 -2.450067
0.491089 0.026123 1.094116 0.193076 -0.404527 -2.695606
0.395264 -0.003906 1.098633 0.259121 -0.558455 -2.900932
0.291260 -0.012939 1.090332 0.362184 -0.732623 -3.037550
0.217407 -0.020508 1.069092 0.488415 -0.887617 -3.099867
0.143921 -0.021362 1.025757 0.603728 -0.980826 -3.113715
0.094849 -0.002197 0.950073 0.642610 -0.953129 -3.121971
0.039673 -0.002563 0.883545 0.530759 -0.722503 -3.194141
-0.034912 -0.026733 0.848267 0.267643 -0.326498 -3.354461
-0.137695 -0.104980 0.878052 -0.088415 0.105193 -3.559521
-0.278687 -0.202759 0.888916 -0.454594 0.468975 -3.812783
-0.489746 -0.342896 0.996094 -0.745939 0.777097 -4.066311
-0.773804 -0.438843 1.120605 -0.875632 0.853529 -4.239947
-1.021118 -0.532837 1.229980 -0.737150 0.637816 -4.178429
-1.196899 -0.583740 1.256104 -0.363782 0.133422 -3.929960
-1.279907 -0.591064 1.218506 0.151531 -0.429561 -3.527031
-1.304565 -0.552124 1.139282 0.658056 -0.861518 -3.015979
-1.264893 -0.470581 1.029785 0.992277 -1.071638 -2.428762
-1.190186 -0.378418 0.942139 1.093209 -1.026631 -1.806391
-1.081665 -0.294678 0.881470 1.018109 -0.799467 -1.190945
-0.973145 -0.194946 0.855225 0.854860 -0.488149 -0.641012
-0.870605 -0.111938 0.852051 0.714248 -0.204527 -0.161119
-0.764160 -0.045410 0.825684 0.659121 -0.015979 0.234354
-0.649902 0.030884 0.782959 0.684421 0.053262 0.527830
-0.537354 0.101196 0.719971 0.770706 0.034621 0.683356
-0.424683 0.175293 0.631836 0.862583 -0.030093 0.699601
-0.343262 0.182983 0.565918 0.906258 -0.096405 0.598402
-0.297363 0.206177 0.512329 0.900666 -0.159254 0.446072
-0.232910 0.222046 0.443848 0.837816 -0.218908 0.281758
-0.177490 0.212402 0.393799 0.732889 -0.243941 0.122237
-0.126465 0.187988 0.335327 0.605593 -0.212517 -0.021305
-0.102539 0.157959 0.295898 0.458855 -0.112650 -0.141145
-0.105591 0.143921 0.243896 0.320639 0.029561 -0.235952
-0.151245 0.138550 0.209351 0.184820 0.201332 -0.306525
-0.210571 0.123779 0.185181 0.074567 0.323036 -0.327031
-0.263916 0.111450 0.176514 0.039680 0.329161 -0.285486
-0.288574 0.087646 0.169678 0.081758 0.178429 -0.167510
-0.291382 0.077393 0.144043 0.171238 -0.129694 0.005593
-0.275513 0.129028 0.074097 0.252730 -0.502530 0.203995
-0.236816 0.210083 0.015869 0.244208 -0.794407 0.421305
-0.174561 0.304565 -0.013916 0.067643 -0.917710 0.662850
-0.085815 0.353149 -0.062134 -0.344341 -0.851931 0.904927
-0.005493 0.351929 -0.009766 -0.989348 -0.566977 1.108921
0.027954 0.331177 0.081055 -1.706258 -0.181891 1.193076
0.004272 0.329224 0.257202 -2.366977 0.174967 1.119840
-0.064819 0.306885 0.518677 -2.848735 0.333955 0.974967
-0.134277 0.250122 0.837158 -3.051398 0.146205 0.819441
-0.125854 0.175903 1.130371 -2.933156 -0.446338 0.646871
-0.066895 0.149902 1.390869 -2.573901 -1.323302 0.447403
0.076172 0.126831 1.527466 -2.146471 -2.245007 0.189348
0.173828 0.172241 1.563599 -1.792011 -2.814381 -0.169907
0.248535 0.203247 1.602173 -1.653262 -2.948336 -0.539015
0.290161 0.155762 1.649902 -1.684953 -2.628495 -0.849534
0.241333 0.131470 1.721558 -1.779494 -1.943009 -1.084687
0.090210 0.115112 1.901367 -1.787483 -1.107324 -1.168842
-0.003296 0.093628 1.916626 -1.622903 -0.407190 -1.027164
-0.055786 0.036621 1.919678 -1.349134 0.080959 -0.746471
-0.074585 -0.007690 1.873413 -1.018642 0.334487 -0.447137
-0.070068 -0.006470 1.790283 -0.672703 0.388549 -0.201332
-0.048584 -0.001953 1.687744 -0.383755 0.315579 -0.017577
-0.008789 -0.001465 1.583130 -0.164581 0.200799 0.108655
0.010864 0.044434 1.497681 -0.011984 0.087350 0.172304
0.044434 0.025269 1.409180 0.087883 0.019973 0.198136
0.082764 0.014282 1.317871 0.101465 -0.030360 0.169907
0.100464 0.056030 1.267578 0.070839 -0.058855 0.122237
0.103882 0.082153 1.192261 0.020772 -0.090812 0.077497
0.104370 0.065063 1.158447 -0.071105 -0.136352 0.058589
0.100098 0.098999 1.097168 -0.138216 -0.196005 0.041012
0.049927 0.045654 1.110107 -0.200266 -0.221571 0.069507
0.114502 -0.051270 1.092651 -0.215180 -0.301997 0.107324
0.089844 0.077515 1.122681 -0.176831 -0.371505 0.066844
0.128052 0.028320 1.095825 -0.124634 -0.439680 0.060719
0.158203 0.024292 1.091187 -0.121971 -0.404527 0.027164
0.161621 0.033203 1.086426 -0.134487 -0.321172 -0.019174
0.158203 0.032837 1.089722 -0.168842 -0.209587 -0.060719
0.141479 0.029785 1.091797 -0.179494 -0.085220 -0.083089
0.110474 0.028931 1.094482 -0.145939 0.009055 -0.086551
0.084717 0.024658 1.090698 -0.070573 0.055126 -0.058322
0.077881 0.029663 1.058838 0.023169 0.052197 -0.005060
0.085327 0.040039 1.024780 0.091079 0.054328 0.050866
0.093994 0.058105 0.993164 0.113981 0.074567 0.084154
0.099487 0.057861 0.969238 0.104660 0.102530 0.100399
0.103027 0.063110 0.959839 0.076165 0.130226 0.096671
0.106201 0.063599 0.941528 0.042344 0.149667 0.083356
0.106079 0.064087 0.933105 0.007190 0.155792 0.064980
0.107300 0.062500 0.927734 -0.027164 0.164314 0.034354
0.097778 0.055054 0.922241 -0.054328 0.169108 -0.011185
0.077759 0.052612 0.937256 -0.071638 0.159521 -0.056458
0.058472 0.037964 0.940308 -0.070040 0.126232 -0.079893
0.046509 0.048340 0.949585 -0.049534 0.068708 -0.078296
0.046875 0.049316 0.940063 -0.015979 -0.001598 -0.048735
0.059692 0.051147 0.926880 0.007723 -0.042610 -0.013848
0.078979 0.055298 0.913208 0.011451 -0.050866 0.011185
0.087158 0.065063 0.913208 -0.016245 -0.031158 0.028229
0.093262 0.067749 0.915649 -0.055925 -0.010652 0.042610
0.093140 0.071899 0.919922 -0.088682 0.007723 0.046072
0.099487 0.072388 0.922729 -0.112383 0.020506 0.036485
0.097290 0.065308 0.929199 -0.133955 0.025033 0.020240
0.094482 0.070068 0.931519 -0.153129 0.026099 -0.006391
0.090088 0.062256 0.930664 -0.161119 0.020240 -0.038615
0.087158 0.067261 0.932007 -0.173369 0.013316 -0.076964
0.075562 0.061768 0.931396 -0.186951 0.005859 -0.114248
0.062134 0.057861 0.937744 -0.196538 -0.009321 -0.133955
0.055054 0.050049 0.946899 -0.199467 -0.029294 -0.136352
0.046753 0.041748 0.951660 -0.187483 -0.053529 -0.119574
0.047607 0.044800 0.955933 -0.165113 -0.079361 -0.086551
0.050659 0.043213 0.957275 -0.138216 -0.102796 -0.045273
0.082153 0.049316 0.982056 -0.115579 -0.107057 -0.009321
0.184448 0.038330 1.202637 -0.080692 0.007457 0.005859
0.131348 0.049805 1.243774 0.028762 0.361385 -0.001332
0.061401 0.065063 1.102905 0.066045 0.545140 0.002130
0.032959 0.048218 0.993042 0.017310 0.498535 0.006391
0.007080 0.029541 0.912720 -0.030093 0.323569 -0.022903
-0.005127 0.034058 0.939575 -0.115579 0.128096 -0.052730
0.003052 0.032715 0.972168 -0.154727 -0.039680 -0.053795
