0.133789 0.349731 0.889160 -0.107324 -0.535020 0.300399
0.185425 0.314087 0.912354 -0.161917 -0.572570 0.329427
0.229004 0.339478 0.946533 -0.173635 -0.642876 0.308655
0.289673 0.331665 0.946289 -0.169374 -0.714780 0.252197
0.364990 0.329102 0.966797 -0.135286 -0.738748 0.169907
0.435791 0.334351 0.972168 -0.077497 -0.729960 0.038881
0.488892 0.337646 0.961914 -0.001598 -0.652463 -0.105726
0.534790 0.340454 0.945313 0.033555 -0.524634 -0.240479
0.565674 0.330688 0.925781 0.025033 -0.369108 -0.355792
0.559448 0.338989 0.924072 -0.005593 -0.224767 -0.448735
0.552612 0.348511 0.944580 -0.036751 -0.147803 -0.497736
0.573608 0.366333 0.951782 -0.041545 -0.170439 -0.502530
0.614136 0.381470 0.950439 -0.027164 -0.240746 -0.491345
0.665894 0.396240 0.955688 -0.014913 -0.311318 -0.494274
0.722778 0.382080 0.948486 -0.003462 -0.366977 -0.537683
0.765747 0.369751 0.937134 0.011185 -0.391212 -0.643675
0.797852 0.340942 0.935913 0.036485 -0.394407 -0.809587
0.809814 0.315063 0.932251 0.067643 -0.384820 -1.027696
0.783447 0.302734 0.915649 0.086019 -0.363515 -1.285220
0.734253 0.302612 0.928345 0.086019 -0.331558 -1.553129
0.681885 0.278076 0.944946 0.077763 -0.360320 -1.778162
0.618896 0.252441 0.963379 0.080959 -0.480426 -1.924900
0.577881 0.248901 0.990112 0.112916 -0.706525 -1.985886
0.590942 0.247925 0.984375 0.153129 -0.964847 -1.995473
0.607178 0.240723 0.965698 0.177630 -1.148069 -2.014115
0.610718 0.238770 0.946899 0.208256 -1.216245 -2.095073
0.595947 0.238403 0.917603 0.230093 -1.164847 -2.249800
0.543091 0.227783 0.891602 0.219973 -1.050333 -2.456192
0.489136 0.219360 0.858521 0.145672 -0.926232 -2.678029
0.426758 0.198975 0.838989 -0.008256 -0.772037 -2.878029
0.347534 0.147339 0.856201 -0.213049 -0.612783 -3.034621
0.248657 0.080444 0.919922 -0.400799 -0.507590 -3.163782
0.096802 0.019409 0.998535 -0.472703 -0.536085 -3.260985
-0.066406 -0.000488 1.071533 -0.376565 -0.757390 -3.303595
-0.177368 -0.004639 1.104980 -0.162184 -1.134221 -3.277497
-0.234131 -0.013672 1.104858 0.058855 -1.532091 -3.201332
-0.242065 -0.029053 1.078369 0.170972 -1.825300 -3.113182
-0.244019 -0.033325 1.053589 0.126232 -1.866312 -3.027430
-0.270874 -0.029785 1.042480 -0.072437 -1.621039 -2.933688
-0.331787 -0.040039 1.060547 -0.361385 -1.168842 -2.822370
-0.425171 -0.056885 1.115601 -0.638615 -0.630093 -2.687084
-0.538574 -0.076050 1.173584 -0.803995 -0.158722 -2.499068
-0.640015 -0.100220 1.219727 -0.812517 0.159254 -2.257790
-0.710327 -0.121948 1.235474 -0.665246 0.310519 -1.995473
-0.752075 -0.130371 1.218506 -0.413582 0.322770 -1.731558
-0.776245 -0.118774 1.175781 -0.131025 0.238615 -1.481225
-0.776001 -0.090332 1.119751 0.128895 0.113715 -1.240746
-0.752563 -0.052612 1.062500 0.335286 -0.018908 -0.987750
-0.704224 -0.013916 0.995605 0.479361 -0.135286 -0.701997
-0.643066 0.036865 0.913330 0.553129 -0.172836 -0.414647
-0.593872 0.087891 0.854492 0.555792 -0.097736 -0.141678
-0.546021 0.128662 0.800049 0.520905 0.040479 0.115047
-0.494019 0.168945 0.746826 0.472969 0.185353 0.341944
-0.433960 0.194580 0.700928 0.417843 0.307856 0.523569
-0.366943 0.216919 0.659546 0.357124 0.392810 0.640746
-0.290039 0.243896 0.619873 0.282024 0.439148 0.684953
-0.234619 0.234131 0.596802 0.188016 0.454061 0.665513
-0.169067 0.240723 0.586426 0.094807 0.433822 0.588549
-0.110962 0.233032 0.558350 0.019441 0.379760 0.441811
-0.084961 0.212280 0.548706 -0.017843 0.301731 0.248735
-0.073120 0.196411 0.518433 -0.005593 0.195473 0.060453
-0.067627 0.184448 0.486328 0.042344 0.078296 -0.078828
-0.057983 0.184692 0.438965 0.096138 -0.017310 -0.154461
-0.054932 0.190796 0.395142 0.121704 -0.055659 -0.170972
-0.062866 0.223755 0.340332 0.106791 -0.055925 -0.132889
-0.058350 0.258545 0.288940 0.011984 -0.026897 -0.047936
-0.041504 0.259399 0.262695 -0.162716 0.025033 0.055393
-0.018188 0.267578 0.254028 -0.391744 0.089747 0.166711
0.015137 0.276978 0.242920 -0.652463 0.145406 0.266844
0.036133 0.257324 0.274414 -0.913182 0.189348 0.330493
0.052612 0.244141 0.299561 -1.136618 0.190679 0.347803
0.053833 0.255737 0.339478 -1.309454 0.150732 0.308123
0.029175 0.250854 0.415039 -1.453262 0.067909 0.208788
-0.011108 0.259277 0.501465 -1.527297 -0.114780 0.089214
-0.041748 0.270264 0.597168 -1.503595 -0.418908 -0.003196
-0.019775 0.257813 0.642334 -1.460186 -0.801864 -0.067909
0.025879 0.248779 0.699829 -1.455659 -1.105992 -0.117710
0.079346 0.251465 0.752930 -1.550466 -1.261784 -0.153928
0.121460 0.238525 0.839966 -1.788549 -1.217310 -0.150732
0.147949 0.190918 0.989990 -2.108922 -1.028762 -0.124101
0.138062 0.140625 1.173340 -2.369641 -0.828762 -0.106791
0.121094 0.100220 1.330078 -2.456192 -0.733955 -0.097204
0.166016 0.019531 1.473267 -2.355792 -0.794674 -0.117177
0.196899 -0.013672 1.568115 -2.084953 -0.948069 -0.228229
0.200928 0.028687 1.606689 -1.740346 -1.116378 -0.400000
0.221558 0.062256 1.610718 -1.426365 -1.243409 -0.532623
0.237549 0.074463 1.591064 -1.192277 -1.224767 -0.622636
0.223267 0.074463 1.608276 -1.067377 -1.020772 -0.663915
0.209961 0.074585 1.577271 -0.976298 -0.727031 -0.620240
0.260742 0.036133 1.517456 -0.918242 -0.426631 -0.519840
0.224487 0.134766 1.627319 -0.902530 -0.126764 -0.405859
0.207153 0.032837 1.505859 -0.786684 0.205859 -0.264181
0.205811 0.053101 1.521484 -0.767776 0.510786 -0.215180
0.160645 0.025879 1.508789 -0.688682 0.675632 -0.180559
0.131836 0.042969 1.477417 -0.578961 0.672170 -0.196005
0.084839 0.046753 1.423706 -0.421305 0.568309 -0.224501
0.061646 0.037354 1.389893 -0.277497 0.394674 -0.235419
0.119385 0.003784 1.441406 -0.128895 0.198935 -0.233555
0.192871 0.049683 1.675659 0.125433 0.261518 -0.237017
-0.090210 0.162720 1.440674 0.582690 0.739814 -0.250067
0.013794 0.057129 1.117676 0.544075 0.555792 -0.048202
0.040161 0.013550 1.004517 0.287350 0.233555 0.083356
0.048462 0.101563 0.978882 0.000266 0.017843 0.095340
0.056519 0.107422 0.995117 -0.221039 -0.048469 0.094541
0.061279 0.059937 1.028931 -0.299601 -0.005593 0.094274
0.061157 0.062744 1.022949 -0.250333 0.045806 0.100666
0.045288 0.069946 1.017944 -0.148069 0.100399 0.127297
0.052612 0.038452 0.995605 -0.055925 0.113449 0.173103
0.052124 0.031616 0.967529 -0.001065 0.078562 0.209587
0.049683 0.034546 0.959106 0.023169 0.033023 0.235686
0.056763 0.036255 0.940796 0.038881 -0.019174 0.260186
0.079834 0.042969 0.929443 0.038881 -0.056458 0.275100
0.094604 0.041992 0.925537 0.026365 -0.064714 0.275366
0.106323 0.044189 0.919800 0.009055 -0.039148 0.261252
0.124878 0.039551 0.920166 -0.010120 0.001864 0.229028
0.131470 0.043091 0.911743 -0.026897 0.049800 0.167244
0.129272 0.047241 0.911133 -0.052996 0.105726 0.087617
0.112915 0.047729 0.909302 -0.081491 0.140879 0.014381
0.092407 0.046753 0.912354 -0.097736 0.138482 -0.035952
0.073853 0.050903 0.914307 -0.097204 0.103329 -0.057523
0.066650 0.043213 0.923096 -0.080426 0.048735 -0.057790
0.073486 0.036133 0.908691 -0.054328 -0.009055 -0.052197
0.082764 0.036743 0.908691 -0.045539 -0.042344 -0.046871
0.087402 0.034912 0.910156 -0.071638 -0.036218 -0.048202
0.089600 0.037231 0.912354 -0.116644 -0.000533 -0.047670
0.085938 0.038208 0.921021 -0.164314 0.055126 -0.039414
0.084595 0.034424 0.934448 -0.201864 0.101731 -0.025832
0.084229 0.035767 0.946533 -0.216778 0.120373 -0.017044
0.078491 0.036743 0.957520 -0.216245 0.111851 -0.013848
0.069824 0.033936 0.961304 -0.200266 0.066578 -0.010652
0.068970 0.031738 0.958862 -0.170173 -0.009055 -0.008788
0.077026 0.015991 0.995117 -0.139015 -0.078296 -0.014115
0.094116 0.011475 1.098755 -0.082823 -0.116911 -0.025033
0.148193 0.007202 1.111938 0.069507 -0.145672 -0.043409
0.119507 0.019165 1.114746 0.167510 -0.030892 -0.064980
0.080078 0.050781 1.039063 0.150732 0.150200 -0.050866
0.082275 0.016357 0.956299 0.026099 0.196272 0.007457
0.071045 0.023315 0.956421 -0.101465 0.186418 0.033822
0.060913 0.051758 0.962036 -0.154461 0.156591 0.033023
0.061523 0.045044 0.972168 -0.135286 0.140080 0.024234
0.061279 0.045654 0.958252 -0.076964 0.121704 0.003995
0.057983 0.051880 0.946289 -0.018642 0.087084 -0.013049
0.066772 0.035767 0.953369 -0.000799 0.056724 -0.015712
0.072632 0.032715 0.972656 0.002929 0.044474 -0.021571
0.073730 0.041504 0.985352 0.004794 0.047936 -0.023169
0.072632 0.043091 0.991821 0.005326 0.058855 -0.016245
0.075439 0.043213 0.981567 -0.006658 0.062317 -0.002130
0.078735 0.047852 0.975342 -0.029028 0.055659 0.011718
0.085693 0.046387 0.964233 -0.055925 0.059121 0.022903
0.092529 0.045166 0.956787 -0.078296 0.082557 0.020772
