0.753052 0.045288 -0.853638 -0.208256 -0.101997 -0.231691
0.756226 -0.053467 -0.867798 -0.194141 -0.087883 -0.120639
0.700928 -0.056885 -0.866577 -0.175499 -0.025566 -0.000266
0.685425 -0.080566 -0.880859 -0.163515 -0.016511 0.218642
0.708740 -0.092773 -0.912598 -0.160053 -0.065513 0.478029
0.708984 -0.082031 -0.974487 -0.181891 -0.145672 0.690546
0.737671 -0.066162 -1.031982 -0.255393 -0.231691 0.799467
0.749512 -0.025879 -1.079102 -0.417310 -0.308123 0.788549
0.751343 -0.009521 -1.109009 -0.639414 -0.372570 0.654594
0.729370 -0.006714 -1.129150 -0.831158 -0.428229 0.460453
0.704468 -0.011475 -1.143677 -0.948868 -0.472437 0.326764
0.671753 -0.019165 -1.185669 -1.017310 -0.515047 0.311318
0.657104 -0.046509 -1.227295 -1.083622 -0.525699 0.378429
0.632080 -0.038330 -1.257202 -1.194940 -0.485752 0.467643
0.619263 -0.041992 -1.254272 -1.388282 -0.421305 0.577896
0.622192 -0.046265 -1.243164 -1.626897 -0.366178 0.703595
0.623169 -0.054321 -1.205322 -1.854061 -0.325699 0.837284
0.636353 -0.050171 -1.149902 -2.062850 -0.328362 0.953662
0.660034 -0.066406 -1.067383 -2.241811 -0.374700 1.068442
0.688721 -0.071777 -1.016846 -2.381624 -0.466045 1.175766
0.714844 -0.058105 -0.963623 -2.486818 -0.561651 1.251664
0.748901 -0.057251 -0.932007 -2.558988 -0.628229 1.300666
0.783203 -0.048950 -0.892578 -2.615180 -0.647670 1.330493
0.806152 -0.044434 -0.854858 -2.674567 -0.642610 1.355526
0.823242 -0.042603 -0.817871 -2.743542 -0.636751 1.374434
0.843994 -0.036011 -0.759399 -2.826897 -0.639414 1.383755
0.866211 -0.042480 -0.680542 -2.922503 -0.668708 1.406392
0.879883 -0.020142 -0.596802 -3.023435 -0.737150 1.431425
0.928955 -0.024170 -0.544189 -3.108123 -0.817843 1.473768
1.009766 -0.003540 -0.486084 -3.121971 -0.859121 1.514780
1.072021 0.035889 -0.439941 -3.112117 -0.775766 1.543808
1.112671 0.056763 -0.363159 -3.130226 -0.581092 1.557390
1.136108 0.114258 -0.265625 -3.181358 -0.386684 1.520107
1.158691 0.166016 -0.164673 -3.267643 -0.216778 1.409587
1.147095 0.189453 -0.019897 -3.362716 -0.107856 1.248735
1.126343 0.191406 0.144775 -3.393076 -0.141944 1.055127
1.130981 0.207764 0.262085 -3.293475 -0.307590 0.853262
1.135376 0.243408 0.343262 -3.041811 -0.508389 0.649534
1.118774 0.304932 0.357544 -2.704927 -0.666578 0.476165
1.140991 0.330322 0.310425 -2.399201 -0.731558 0.344075
1.103638 0.379028 0.322144 -2.136884 -0.627963 0.210120
1.058960 0.385498 0.304565 -1.904927 -0.463382 0.118242
1.016235 0.394531 0.314575 -1.684687 -0.288149 0.039414
0.947876 0.432373 0.301636 -1.443409 -0.160320 -0.042344
0.913086 0.398438 0.290039 -1.216245 -0.051398 -0.078828
0.874023 0.416748 0.244995 -1.004794 0.023702 -0.103595
0.803467 0.432617 0.209595 -0.821838 0.144341 -0.096405
0.781372 0.418701 0.161255 -0.707057 0.282823 -0.071638
0.712158 0.406616 0.157227 -0.633289 0.470040 -0.086551
0.655273 0.409668 0.144287 -0.596005 0.649001 -0.103063
0.608154 0.408936 0.125488 -0.532623 0.748602 -0.171505
0.537598 0.402710 0.126953 -0.433555 0.781092 -0.246338
0.472534 0.391357 0.106445 -0.302530 0.731025 -0.283356
0.428955 0.364380 0.072632 -0.167244 0.633555 -0.264181
0.391602 0.353149 0.026245 -0.016245 0.529694 -0.189348
0.369873 0.345215 -0.025391 0.138748 0.459387 -0.055925
0.356812 0.325439 -0.092773 0.263915 0.444208 0.115579
0.354248 0.323608 -0.151489 0.347004 0.492144 0.290013
0.345093 0.324463 -0.206055 0.375499 0.617577 0.460719
0.324097 0.328613 -0.233398 0.327830 0.805326 0.622636
0.304565 0.333618 -0.226318 0.198136 0.999734 0.782423
0.279785 0.338623 -0.197388 0.028762 1.127031 0.946205
0.275024 0.331543 -0.158813 -0.111585 1.137150 1.114248
0.324829 0.296143 -0.124756 -0.139814 1.041811 1.294274
0.410034 0.259033 -0.137573 -0.042610 0.898269 1.468708
0.509155 0.233765 -0.171753 0.127031 0.790146 1.634088
0.620972 0.234375 -0.217285 0.289481 0.765379 1.794407
0.728027 0.237061 -0.276001 0.379228 0.838881 1.928628
0.815186 0.261475 -0.297363 0.340613 0.973103 1.996005
0.890503 0.282837 -0.296509 0.176565 1.107324 2.015979
0.973145 0.253540 -0.278076 -0.022370 1.156591 2.003462
1.069824 0.204590 -0.245728 -0.129694 1.090013 1.974168
1.181274 0.196655 -0.235840 -0.075100 0.912383 1.951798
1.294800 0.202026 -0.298950 0.076165 0.698269 1.935819
1.396362 0.228149 -0.385742 0.198668 0.541145 1.867643
1.470947 0.250244 -0.435547 0.209055 0.500399 1.716911
1.506714 0.263672 -0.440186 0.101465 0.553395 1.497736
1.503174 0.243896 -0.423218 -0.070839 0.630093 1.255659
1.490112 0.212769 -0.377319 -0.225300 0.669774 1.023968
1.466553 0.198730 -0.349609 -0.290013 0.635419 0.834621
1.446777 0.181641 -0.321899 -0.264447 0.560053 0.698269
1.435669 0.164551 -0.319580 -0.182690 0.459387 0.607989
1.420166 0.170166 -0.334595 -0.101731 0.362716 0.536884
1.404175 0.163574 -0.347168 -0.058056 0.305726 0.471638
1.380127 0.160767 -0.350464 -0.063116 0.275899 0.413049
1.339478 0.158325 -0.344482 -0.109454 0.263116 0.360852
1.347412 0.149658 -0.338623 -0.155526 0.221039 0.297470
1.280640 0.190674 -0.277710 -0.184288 0.157124 0.217843
1.269653 0.126709 -0.281372 -0.189614 0.050599 0.192011
1.243042 0.145264 -0.273071 -0.178429 -0.039947 0.148336
1.223389 0.131592 -0.267456 -0.146738 -0.087617 0.136085
1.248291 0.111938 -0.235352 -0.134487 -0.094274 0.150466
1.226318 0.157227 -0.270508 -0.106525 -0.078029 0.134221
1.289429 0.158813 -0.095337 -0.097470 -0.045273 0.137949
1.455811 0.193237 -0.289307 0.050333 -0.734221 0.122237
1.425293 0.129517 -0.396606 0.326498 -1.401332 -0.151265
1.233276 0.245605 -0.389893 0.263116 -1.143808 -0.403728
1.152954 0.165527 -0.336548 -0.084421 -0.419174 -0.322503
1.094971 0.115967 -0.287964 -0.417843 0.214647 -0.199467
1.040039 0.104248 -0.225708 -0.512383 0.455925 -0.118775
1.002075 0.118774 -0.207520 -0.384820 0.431425 -0.064181
0.967896 0.122314 -0.217041 -0.176032 0.379228 -0.022903
0.950439 0.118774 -0.217285 -0.027963 0.357390 0.030626
0.932373 0.122070 -0.220215 0.039148 0.292144 0.088682
0.921631 0.137207 -0.226807 0.060719 0.180559 0.152330
0.930420 0.131104 -0.237671 0.078828 0.064714 0.208256
0.942871 0.136719 -0.254517 0.112650 -0.012517 0.230626
0.963257 0.139038 -0.276855 0.141944 -0.039947 0.221305
0.975586 0.135864 -0.302124 0.137949 -0.023435 0.190679
0.972656 0.139282 -0.313843 0.088682 0.017843 0.138748
0.964844 0.131226 -0.306396 0.004261 0.055659 0.086285
0.953247 0.118286 -0.281128 -0.072703 0.068975 0.038615
0.936768 0.111084 -0.260742 -0.114248 0.048469 -0.006125
0.923462 0.103760 -0.244019 -0.118242 -0.014913 -0.041545
0.918091 0.096191 -0.223389 -0.093475 -0.102530 -0.061252
0.917114 0.091675 -0.227539 -0.059654 -0.184820 -0.057523
0.923218 0.089478 -0.227173 -0.024501 -0.233822 -0.037284
0.963013 0.092407 -0.228271 0.007723 -0.270040 -0.008256
1.015991 0.096680 -0.252930 0.055659 -0.352064 0.007723
1.035400 0.108276 -0.275635 0.109720 -0.410120 -0.015446
1.021851 0.123413 -0.296021 0.111052 -0.354461 -0.042344
1.015137 0.118652 -0.302856 0.062317 -0.233289 -0.044208
1.005005 0.116333 -0.305542 0.006658 -0.128895 -0.039148
1.002686 0.118042 -0.296753 -0.023702 -0.052197 -0.043409
0.984741 0.120605 -0.278931 -0.020772 0.025832 -0.058589
0.957397 0.104858 -0.273071 0.014647 0.027430 -0.050333
0.920044 0.085938 -0.274170 0.077230 -0.079095 -0.014381
0.916992 0.084351 -0.281250 0.151531 -0.221571 0.042876
0.948364 0.105225 -0.293579 0.214381 -0.290013 0.095340
1.000488 0.113892 -0.309448 0.231158 -0.275633 0.123302
1.042969 0.133057 -0.334351 0.187750 -0.201065 0.104394
1.054077 0.144409 -0.344238 0.084154 -0.072437 0.045806
1.033325 0.139404 -0.347656 -0.058322 0.084953 -0.018642
1.006470 0.121460 -0.326172 -0.181891 0.205326 -0.062850
0.985229 0.113281 -0.303101 -0.241811 0.268708 -0.080959
0.965820 0.114502 -0.284302 -0.231425 0.277763 -0.069774
0.969604 0.104614 -0.272827 -0.197071 0.250067 -0.042876
0.977295 0.106201 -0.277466 -0.154194 0.213848 -0.035952
0.994019 0.103149 -0.262695 -0.131025 0.217843 -0.045273
0.995361 0.113892 -0.263794 -0.125166 0.272170 -0.070573
0.985596 0.118408 -0.246460 -0.140879 0.380293 -0.093742
0.976074 0.089478 -0.230713 -0.142743 0.429827 -0.108921
0.954712 0.106567 -0.227417 -0.102530 0.388016 -0.128362
0.940796 0.113281 -0.237549 -0.042876 0.282823 -0.113182
0.950806 0.107788 -0.267212 -0.007989 0.180293 -0.075366
0.949951 0.130249 -0.272949 -0.000799 0.125166 -0.052197
0.949951 0.137085 -0.265747 -0.028762 0.111318 -0.037816
0.959595 0.131470 -0.271973 -0.068708 0.120905 -0.029294
0.962158 0.137329 -0.260010 -0.106791 0.153395 -0.035686
0.954468 0.140625 -0.248901 -0.125433 0.174967 -0.043142
