0.614746 0.088989 -0.973633 -1.521438 0.539281 0.247670
0.631592 0.085449 -0.957520 -1.661518 0.424234 0.415446
0.637085 0.079346 -0.884277 -1.792810 0.404527 0.586418
0.683350 0.099609 -0.817261 -1.856192 0.417843 0.727031
0.743652 0.114624 -0.803589 -1.847936 0.445007 0.841012
0.810913 0.106445 -0.789795 -1.816511 0.520639 0.866578
0.861084 0.101807 -0.784302 -1.816511 0.646072 0.833023
0.877441 0.092651 -0.759033 -1.843941 0.791744 0.796804
0.859497 0.068604 -0.702026 -1.882290 0.861784 0.756325
0.814941 0.053345 -0.610352 -1.905459 0.758455 0.738482
0.832886 0.047485 -0.614624 -1.858589 0.457790 0.770439
0.826538 0.041260 -0.574219 -1.765912 0.108389 0.834088
0.858032 0.060547 -0.574707 -1.660719 -0.324101 0.893475
0.916260 0.078003 -0.574463 -1.608256 -0.706258 0.933156
0.989014 0.090576 -0.583618 -1.648735 -0.953928 0.911585
1.051880 0.109131 -0.580933 -1.774967 -1.000533 0.846871
1.080811 0.131470 -0.539795 -1.967776 -0.868442 0.777630
1.087524 0.138916 -0.478394 -2.205593 -0.656991 0.692144
1.076660 0.129272 -0.384644 -2.421571 -0.467111 0.626897
1.058838 0.131958 -0.285889 -2.580027 -0.388549 0.598935
1.053345 0.138672 -0.196045 -2.675899 -0.432756 0.606125
1.071899 0.160400 -0.109497 -2.719308 -0.559254 0.611718
1.081787 0.190063 -0.013062 -2.728895 -0.741411 0.584554
1.085938 0.230957 0.062500 -2.706258 -0.939281 0.507324
1.089844 0.264282 0.130127 -2.657523 -1.085220 0.390679
1.090698 0.304321 0.175903 -2.548069 -1.158455 0.257257
1.101807 0.339600 0.212891 -2.391212 -1.140612 0.145672
1.101685 0.383301 0.220581 -2.230360 -1.008522 0.059920
1.090088 0.409668 0.246948 -2.092144 -0.737150 -0.027963
1.054077 0.436768 0.279297 -1.996804 -0.408788 -0.115579
0.991821 0.439087 0.323853 -1.916911 -0.108389 -0.179760
0.934937 0.440552 0.362915 -1.799467 0.066045 -0.189348
0.889038 0.450439 0.411621 -1.600799 0.124101 -0.169640
0.853271 0.470825 0.418945 -1.325166 0.071372 -0.115579
0.843994 0.479858 0.385254 -1.019441 -0.026631 -0.075632
0.838623 0.499512 0.331543 -0.730493 -0.070573 -0.087350
0.814697 0.499023 0.269775 -0.524101 -0.012250 -0.141944
0.776611 0.465942 0.228760 -0.407723 0.135020 -0.222903
0.709961 0.422485 0.209351 -0.342210 0.313715 -0.327563
0.613159 0.389038 0.197998 -0.288948 0.454860 -0.434088
0.514771 0.346924 0.209473 -0.220506 0.519308 -0.493475
0.421631 0.287720 0.199097 -0.114514 0.476165 -0.498269
0.340332 0.248291 0.178955 0.019973 0.346205 -0.461784
0.275879 0.224854 0.145996 0.151265 0.178162 -0.383755
0.230103 0.217773 0.095093 0.264714 0.042077 -0.263915
0.198120 0.198975 0.034668 0.336085 0.001864 -0.113449
0.162598 0.189575 -0.018433 0.339015 0.078828 0.054061
0.118896 0.196533 -0.055420 0.267643 0.242344 0.238881
0.094116 0.182739 -0.066284 0.142477 0.449800 0.479361
0.095215 0.171753 -0.063232 0.014381 0.651398 0.793342
0.122559 0.172729 -0.052979 -0.067909 0.800799 1.170173
0.207764 0.158203 -0.055054 -0.063382 0.863648 1.563515
0.321045 0.149658 -0.073608 0.021571 0.848202 1.914514
0.458374 0.154907 -0.108643 0.132357 0.783755 2.200000
0.610718 0.170776 -0.134644 0.191744 0.696405 2.400799
0.775635 0.183960 -0.189209 0.157656 0.623169 2.489214
0.911987 0.204468 -0.206665 0.032490 0.638083 2.492144
1.027466 0.217163 -0.194702 -0.147537 0.730226 2.474301
1.128540 0.212646 -0.190674 -0.315846 0.842610 2.459654
1.181030 0.219482 -0.158936 -0.394940 0.924367 2.441012
1.275513 0.201050 -0.153687 -0.360586 0.908389 2.421571
1.355103 0.233765 -0.158203 -0.234354 0.820506 2.344607
1.437378 0.223389 -0.201538 -0.093475 0.706791 2.203728
1.518188 0.212769 -0.240234 -0.021039 0.622104 2.016245
1.572388 0.214355 -0.236694 -0.060453 0.569374 1.811718
1.603760 0.220459 -0.239380 -0.175499 0.527563 1.595473
1.606567 0.226074 -0.222412 -0.263382 0.515047 1.428229
1.610352 0.231201 -0.196533 -0.287350 0.487617 1.311851
1.611328 0.219971 -0.205688 -0.279095 0.444740 1.201332
1.611938 0.221069 -0.205078 -0.264447 0.419973 1.072170
1.604980 0.207764 -0.209473 -0.260985 0.413316 0.948868
1.589233 0.192017 -0.202026 -0.270573 0.415446 0.826365
1.565674 0.180298 -0.190063 -0.293209 0.404794 0.702264
1.559692 0.138062 -0.166626 -0.311052 0.368842 0.579228
1.539185 0.167603 -0.173828 -0.311585 0.293475 0.412783
1.515381 0.147949 -0.155762 -0.311052 0.204261 0.242876
1.438232 0.187500 -0.113525 -0.313182 0.079095 0.086019
1.379761 0.102051 -0.108398 -0.282024 -0.057257 0.026631
1.363281 0.101074 -0.139282 -0.267377 -0.180027 -0.023435
1.300171 0.116577 -0.098145 -0.238881 -0.234621 -0.065513
1.322754 0.089478 -0.154907 -0.227430 -0.275633 -0.073768
1.268799 0.113403 -0.107300 -0.213848 -0.242610 -0.102796
1.239746 0.090942 -0.085815 -0.198668 -0.201065 -0.126232
1.215210 0.079346 -0.097900 -0.196005 -0.140346 -0.157656
1.181763 0.070801 -0.089478 -0.201332 -0.066578 -0.180293
1.137451 0.065918 -0.071289 -0.206125 -0.009854 -0.187483
1.097412 0.074585 -0.065308 -0.194674 0.004794 -0.190146
1.075317 0.060669 -0.053955 -0.164314 -0.022903 -0.179228
1.058594 0.057861 -0.060791 -0.106791 -0.089214 -0.161917
1.042480 0.072632 -0.062744 -0.044740 -0.147004 -0.149134
1.033081 0.069214 -0.079590 -0.000799 -0.202663 -0.121971
1.031128 0.071899 -0.089966 0.026365 -0.227963 -0.104927
1.022095 0.088867 -0.106201 0.029561 -0.214647 -0.103063
1.019531 0.075684 -0.107300 0.009321 -0.153662 -0.098003
1.007690 0.089111 -0.125488 -0.023702 -0.064980 -0.108389
0.993652 0.086548 -0.125122 -0.067377 0.040746 -0.118775
0.972900 0.080200 -0.111938 -0.096138 0.104128 -0.124900
0.954956 0.080444 -0.098267 -0.089214 0.093475 -0.122237
0.941772 0.086060 -0.093262 -0.043142 0.018375 -0.105459
0.946289 0.085815 -0.102783 0.018908 -0.093209 -0.077230
0.959717 0.099609 -0.120728 0.066578 -0.199201 -0.061252
0.975342 0.100220 -0.136841 0.081491 -0.249001 -0.055393
0.986572 0.111084 -0.150757 0.059920 -0.220240 -0.060719
0.986938 0.111694 -0.150146 0.012517 -0.139547 -0.069507
0.978882 0.108887 -0.140747 -0.041545 -0.030892 -0.076698
0.968994 0.106567 -0.113892 -0.079095 0.057790 -0.084953
0.964478 0.097412 -0.097656 -0.078828 0.086285 -0.083888
0.963257 0.095459 -0.099976 -0.039414 0.060186 -0.079893
0.964600 0.108154 -0.106201 0.014115 0.003995 -0.076431
0.972168 0.109375 -0.119141 0.064447 -0.070306 -0.071105
0.983887 0.116821 -0.150391 0.105726 -0.128096 -0.074567
0.987671 0.119629 -0.163208 0.117710 -0.139814 -0.085220
0.984619 0.123535 -0.173950 0.090280 -0.108123 -0.099334
0.981079 0.114746 -0.174438 0.034887 -0.045806 -0.106791
0.969238 0.111572 -0.164429 -0.024501 0.029561 -0.109188
0.950195 0.114380 -0.149536 -0.070306 0.096937 -0.111052
0.944336 0.106079 -0.145386 -0.087883 0.128362 -0.092943
0.949707 0.095947 -0.140503 -0.074035 0.127031 -0.056192
0.945190 0.098267 -0.125610 -0.050866 0.080160 -0.008788
0.957275 0.099609 -0.125854 -0.013582 -0.034887 0.039414
0.979370 0.101807 -0.138794 0.030360 -0.158455 0.078029
1.003906 0.105469 -0.146606 0.054594 -0.218109 0.093742
1.020142 0.111694 -0.151978 0.046338 -0.200000 0.084421
1.026611 0.106812 -0.155029 0.010652 -0.121704 0.049001
1.018066 0.103760 -0.146484 -0.039148 -0.019707 -0.000266
1.007446 0.091064 -0.127563 -0.085486 0.059920 -0.043142
0.989746 0.078979 -0.105835 -0.099068 0.081225 -0.059654
0.982544 0.075806 -0.099854 -0.070573 0.042344 -0.054860
0.983032 0.076172 -0.099243 -0.024501 -0.018908 -0.036485
0.987305 0.075439 -0.109375 0.018908 -0.069241 -0.023169
0.989746 0.080933 -0.121460 0.052730 -0.087350 -0.020506
0.998779 0.090942 -0.134766 0.072703 -0.071372 -0.023435
0.999390 0.096313 -0.148926 0.072170 -0.023968 -0.033023
0.991821 0.100342 -0.159302 0.048735 0.042077 -0.041545
0.981812 0.093262 -0.156738 0.014913 0.099867 -0.045273
0.973999 0.092529 -0.153442 -0.010919 0.127031 -0.038881
0.967285 0.093506 -0.149170 -0.023435 0.122237 -0.023702
0.966797 0.098022 -0.145386 -0.024767 0.088415 -0.001598
0.977173 0.103516 -0.152100 -0.017577 0.030093 0.012517
0.985840 0.118408 -0.163818 -0.010386 -0.033289 0.015979
0.997681 0.124023 -0.170654 -0.013848 -0.062583 0.013848
1.005615 0.123047 -0.174072 -0.029028 -0.050333 0.010919
1.004883 0.125610 -0.158325 -0.055393 -0.015979 0.006658
1.003540 0.120239 -0.143188 -0.070306 0.012250 0.005060
1.005859 0.114380 -0.130127 -0.059387 0.018908 0.001598
1.006836 0.115479 -0.123291 -0.033822 0.006125 -0.005593
1.016724 0.117554 -0.123535 -0.006391 -0.017577 -0.009854
1.024902 0.116821 -0.134033 0.016778 -0.035153 -0.012783
1.032104 0.119507 -0.139160 0.024234 -0.023968 -0.025566
1.039185 0.119385 -0.143188 0.006924 0.012783 -0.051398
