1.006592 0.408569 0.229370 -0.442876 0.271904 -0.194674
1.025269 0.391846 0.227783 -0.507057 0.177097 -0.207190
1.039063 0.349609 0.236816 -0.524101 0.018642 -0.192810
1.049683 0.370850 0.249756 -0.490546 -0.168309 -0.188549
1.075317 0.363525 0.237427 -0.448735 -0.408788 -0.172836
1.111572 0.355957 0.216309 -0.402130 -0.636218 -0.183489
1.129150 0.368042 0.188110 -0.372570 -0.789880 -0.238615
1.127319 0.400024 0.171997 -0.364048 -0.864714 -0.319574
1.134766 0.416992 0.151611 -0.375766 -0.908122 -0.390945
1.149536 0.411743 0.140015 -0.397603 -0.967244 -0.439680
1.168457 0.411499 0.120728 -0.425566 -1.049534 -0.475899
1.196167 0.414185 0.094604 -0.478029 -1.133688 -0.511851
1.208252 0.417236 0.067505 -0.570706 -1.194674 -0.575233
1.206787 0.416870 0.067505 -0.708655 -1.218642 -0.679095
1.187134 0.401978 0.089600 -0.891079 -1.219707 -0.805859
1.157715 0.368896 0.129395 -1.092144 -1.220240 -0.936884
1.110107 0.364624 0.190063 -1.258589 -1.270839 -1.048469
1.076294 0.345703 0.236206 -1.390945 -1.372836 -1.108655
1.042969 0.338623 0.258179 -1.475100 -1.492144 -1.156591
1.005371 0.342041 0.291260 -1.523835 -1.596005 -1.217310
0.976807 0.333618 0.316528 -1.555260 -1.707324 -1.289481
0.944092 0.323608 0.332642 -1.593608 -1.801332 -1.375766
0.891479 0.302612 0.363037 -1.640213 -1.866045 -1.468975
0.822998 0.289551 0.405518 -1.690280 -1.926764 -1.549933
0.749390 0.271118 0.462402 -1.731025 -1.989880 -1.607190
0.674072 0.256470 0.519775 -1.740879 -2.086285 -1.636751
0.600098 0.255127 0.573730 -1.713981 -2.217310 -1.635419
0.543335 0.257690 0.600342 -1.655659 -2.342210 -1.599734
0.490356 0.259521 0.625610 -1.592011 -2.423435 -1.533688
0.447144 0.267334 0.649414 -1.523302 -2.462583 -1.439680
0.412109 0.270142 0.666138 -1.446338 -2.468176 -1.316378
0.377930 0.281494 0.666260 -1.347270 -2.454328 -1.164581
0.350830 0.300049 0.664185 -1.226099 -2.423435 -0.988016
0.326538 0.314331 0.647339 -1.091611 -2.374168 -0.796804
0.309082 0.322021 0.623657 -0.950999 -2.312117 -0.613848
0.298950 0.332886 0.596924 -0.817843 -2.233289 -0.442077
0.302002 0.344116 0.554565 -0.703329 -2.140080 -0.270306
0.314941 0.351685 0.520752 -0.636218 -2.000266 -0.111851
0.324341 0.349854 0.496460 -0.626099 -1.794674 0.024501
0.337280 0.344849 0.486694 -0.645539 -1.543009 0.141411
0.338623 0.343872 0.482910 -0.643941 -1.286285 0.256458
0.338867 0.354736 0.459961 -0.602929 -1.047936 0.375499
0.336914 0.358276 0.440308 -0.538216 -0.836218 0.495606
0.344238 0.362915 0.411377 -0.468442 -0.672703 0.609321
0.343628 0.368652 0.387329 -0.394940 -0.575499 0.724367
0.355713 0.370972 0.359253 -0.324101 -0.557923 0.845806
0.380615 0.380859 0.329834 -0.260453 -0.611185 0.966178
0.432373 0.383667 0.297485 -0.210120 -0.697736 1.079627
0.487305 0.373657 0.272827 -0.179760 -0.778961 1.173901
0.557373 0.368530 0.251831 -0.168842 -0.812783 1.233555
0.625000 0.358276 0.230591 -0.179228 -0.771238 1.262051
0.677856 0.344727 0.207886 -0.222104 -0.638882 1.250599
0.703247 0.348999 0.195068 -0.308123 -0.431425 1.203196
0.708984 0.354004 0.193848 -0.440213 -0.181358 1.145672
0.690674 0.350952 0.208496 -0.578429 0.051132 1.100932
0.683960 0.323608 0.265747 -0.663116 0.200799 1.120639
0.720215 0.284180 0.292236 -0.669507 0.186418 1.213049
0.784546 0.270020 0.311646 -0.605859 0.083356 1.350200
0.865112 0.259521 0.303711 -0.505992 -0.052730 1.505992
0.947998 0.267090 0.277344 -0.426365 -0.136352 1.608788
1.001343 0.293213 0.262451 -0.418375 -0.104927 1.618376
1.033936 0.300293 0.251343 -0.477230 0.032756 1.559787
1.045410 0.311646 0.258301 -0.560320 0.232756 1.461252
1.051636 0.292236 0.284668 -0.617044 0.415446 1.389081
1.086426 0.267944 0.316406 -0.602663 0.511318 1.378163
1.133789 0.245239 0.311279 -0.514780 0.509720 1.419973
1.182251 0.242065 0.309082 -0.393342 0.467909 1.466844
1.228394 0.250977 0.268555 -0.300133 0.429561 1.464447
1.252563 0.273682 0.251831 -0.282024 0.443675 1.374967
1.256836 0.296265 0.242798 -0.330759 0.498269 1.227164
1.240967 0.283691 0.259766 -0.414115 0.553662 1.071638
1.236572 0.272461 0.276001 -0.470573 0.553662 0.952064
1.242554 0.253784 0.313477 -0.460985 0.465246 0.886019
1.261841 0.243774 0.329346 -0.380293 0.289747 0.863648
1.292603 0.242920 0.316040 -0.256724 0.091877 0.851398
1.319946 0.249756 0.293335 -0.132357 -0.047936 0.813316
1.337280 0.250488 0.258301 -0.059121 -0.104660 0.730759
1.337769 0.251221 0.226074 -0.048469 -0.072437 0.614381
1.322632 0.253662 0.206787 -0.096671 0.046605 0.484154
1.291504 0.243042 0.214966 -0.205593 0.221305 0.368575
1.250000 0.215942 0.236694 -0.322503 0.372037 0.289747
1.197510 0.203003 0.276978 -0.386684 0.442077 0.249001
1.157959 0.186768 0.303223 -0.387217 0.399467 0.245806
1.132813 0.166992 0.321411 -0.326764 0.264181 0.270306
1.146606 0.147949 0.326050 -0.224767 0.073768 0.300932
1.171265 0.191650 0.317261 -0.101465 -0.128895 0.316112
1.191406 0.202515 0.289185 -0.006125 -0.280160 0.307856
1.201660 0.183838 0.259277 0.033023 -0.370706 0.269507
1.202026 0.182861 0.244873 0.045806 -0.408256 0.219441
1.189331 0.186768 0.239258 0.039148 -0.392543 0.172037
1.197510 0.167969 0.219604 0.019441 -0.347803 0.127031
1.185425 0.167603 0.220093 -0.021039 -0.259387 0.074834
1.170288 0.162598 0.216431 -0.060719 -0.150732 0.034887
1.154663 0.145752 0.227051 -0.103862 -0.038881 0.009587
1.132324 0.137085 0.247925 -0.125965 0.042344 -0.015979
1.105957 0.135620 0.267212 -0.114780 0.072703 -0.040213
1.092041 0.126831 0.264404 -0.077230 0.048735 -0.059121
1.077393 0.131348 0.257813 -0.035952 0.001332 -0.087084
1.066650 0.131226 0.245605 -0.000533 -0.044474 -0.120905
1.052002 0.127808 0.233032 0.023702 -0.065246 -0.154194
1.034302 0.129150 0.227905 0.033822 -0.059387 -0.182157
1.015259 0.125854 0.218628 0.034354 -0.040746 -0.198136
0.994263 0.121826 0.214111 0.029827 -0.018908 -0.200799
0.977417 0.127686 0.203857 0.020506 -0.000799 -0.190146
0.963745 0.123901 0.205322 0.012783 0.013316 -0.170439
0.956055 0.119385 0.211670 0.007457 0.019973 -0.149667
0.945435 0.120972 0.204834 0.007457 0.019707 -0.134754
0.932617 0.124390 0.217896 0.009055 0.021305 -0.130226
0.928711 0.128418 0.208618 0.014115 0.003462 -0.124634
0.923828 0.124634 0.206177 0.032224 -0.020240 -0.109454
0.923218 0.130249 0.198242 0.054061 -0.039680 -0.084154
0.924927 0.137695 0.191772 0.073768 -0.049001 -0.058056
0.930176 0.139404 0.181396 0.080692 -0.049800 -0.031691
0.936035 0.139771 0.168701 0.075100 -0.030360 -0.014647
0.941650 0.149048 0.168823 0.062051 0.008256 -0.011185
0.942383 0.145142 0.167725 0.047403 0.052463 -0.019174
0.942871 0.140137 0.181641 0.034354 0.080959 -0.033289
0.939209 0.137329 0.192261 0.025033 0.079893 -0.051931
0.937744 0.141479 0.192749 0.018642 0.043142 -0.067111
0.934937 0.145630 0.198608 0.017310 -0.007989 -0.075632
0.934570 0.148438 0.201050 0.029028 -0.059121 -0.082024
0.936523 0.146729 0.187134 0.050067 -0.086551 -0.081491
0.937256 0.147827 0.181763 0.063382 -0.080692 -0.070306
0.940796 0.147705 0.168823 0.056724 -0.050599 -0.048202
0.942383 0.148071 0.170532 0.035952 -0.001065 -0.021838
0.940796 0.144287 0.169067 0.012517 0.052197 0.001864
0.943726 0.150513 0.170654 -0.001598 0.094807 0.022104
0.955933 0.147583 0.173584 -0.011718 0.127031 0.044740
0.968384 0.154419 0.172241 -0.022370 0.155260 0.062850
0.984497 0.169678 0.164551 -0.040746 0.192543 0.068442
0.999756 0.176392 0.147705 -0.085752 0.266844 0.054328
1.004272 0.172974 0.152466 -0.162184 0.373901 0.024501
1.001099 0.172852 0.161499 -0.245539 0.472170 -0.008788
0.987915 0.161255 0.182861 -0.304927 0.533688 -0.031691
0.978882 0.155518 0.199341 -0.330759 0.537417 -0.042077
0.968628 0.157593 0.216431 -0.318775 0.490013 -0.041811
0.964600 0.151855 0.229858 -0.282290 0.408522 -0.036485
0.964966 0.148804 0.233032 -0.229827 0.318509 -0.025566
0.967407 0.146973 0.231445 -0.181358 0.242077 -0.014647
0.967896 0.147095 0.232300 -0.147004 0.185087 -0.006658
0.972290 0.145752 0.239014 -0.124900 0.146738 0.003462
0.976563 0.142334 0.244141 -0.106258 0.116378 0.015180
0.984741 0.146851 0.239380 -0.092943 0.089481 0.016778
0.988159 0.150635 0.240601 -0.090280 0.070306 0.011185
0.992065 0.151489 0.245361 -0.095073 0.061518 0.000266
0.989136 0.148438 0.249268 -0.099334 0.052463 -0.015180
0.989136 0.147095 0.260254 -0.095606 0.033023 -0.026099
0.997803 0.148926 0.258545 -0.081491 0.014115 -0.031425
1.001587 0.146606 0.250366 -0.068176 0.009321 -0.037816
1.001953 0.146973 0.251587 -0.062317 0.022636 -0.054061
