0.726196 0.000977 -1.131470 -1.225566 -0.646072 0.722503
0.628052 0.057129 -1.040894 -1.462051 -0.464447 0.589614
0.640747 -0.017456 -1.012207 -1.535819 -0.419174 0.475100
0.583862 -0.002197 -0.983154 -1.438349 -0.452197 0.413582
0.569946 0.000977 -0.971313 -1.245806 -0.560320 0.405859
0.589722 -0.011719 -1.000610 -1.073502 -0.693209 0.481758
0.621460 0.006592 -1.027222 -1.054328 -0.786152 0.593076
0.661133 0.019165 -1.040649 -1.202397 -0.782956 0.696937
0.682373 0.029419 -1.004517 -1.446604 -0.678029 0.764048
0.691528 0.036255 -0.935791 -1.681758 -0.555526 0.805859
0.703247 0.039551 -0.881714 -1.841811 -0.488682 0.846338
0.711670 0.057617 -0.822510 -1.934221 -0.445539 0.887350
0.710083 0.081177 -0.767090 -1.972836 -0.451664 0.918509
0.711304 0.106445 -0.727661 -1.982690 -0.526498 0.945672
0.731445 0.145996 -0.688232 -1.993608 -0.642610 0.968842
0.757080 0.169067 -0.661255 -2.023435 -0.766178 0.996804
0.788208 0.188110 -0.612183 -2.069774 -0.846072 1.029827
0.814331 0.217041 -0.568115 -2.126498 -0.881225 1.063648
0.830933 0.237061 -0.508301 -2.176831 -0.872170 1.104394
0.842651 0.266113 -0.432495 -2.201598 -0.865513 1.133422
0.863770 0.297485 -0.372070 -2.199734 -0.885220 1.144607
0.888428 0.302612 -0.308105 -2.186418 -0.905726 1.143009
0.912720 0.306396 -0.246826 -2.158189 -0.905459 1.135286
0.933350 0.326416 -0.182129 -2.104661 -0.853262 1.127563
0.963501 0.348267 -0.140259 -2.035952 -0.760053 1.105726
0.964478 0.365967 -0.085205 -1.963515 -0.617577 1.045007
0.929565 0.380127 -0.027466 -1.848202 -0.509987 0.939281
0.921387 0.412476 -0.027222 -1.653262 -0.544607 0.801598
0.921997 0.420044 -0.038330 -1.450333 -0.577097 0.636485
0.889404 0.419067 -0.055542 -1.280692 -0.534754 0.461784
0.822632 0.417969 -0.051880 -1.137683 -0.424234 0.284154
0.727173 0.399780 -0.041382 -1.002929 -0.299601 0.134221
0.637085 0.371826 -0.045288 -0.869241 -0.222104 0.018109
0.558472 0.345825 -0.045044 -0.744874 -0.174168 -0.054328
0.488892 0.312134 -0.044922 -0.647403 -0.130226 -0.067111
0.417603 0.278687 -0.036377 -0.564581 -0.095606 -0.031425
0.345459 0.252930 -0.036743 -0.492410 -0.086285 0.017843
0.265869 0.227417 -0.038696 -0.442344 -0.060985 0.065513
0.184937 0.185669 -0.024292 -0.406658 0.006125 0.105459
0.092285 0.143188 0.009033 -0.383489 0.088948 0.154993
-0.012451 0.120728 0.075073 -0.371505 0.121704 0.258056
-0.075928 0.116699 0.112305 -0.340346 0.068708 0.459387
-0.058228 0.122803 0.108398 -0.247403 0.013316 0.789348
-0.009399 0.118774 0.074829 -0.018642 0.011185 1.211718
0.089111 0.120239 0.002319 0.304927 0.060985 1.660453
0.241943 0.116455 -0.089600 0.594940 0.197603 2.075100
0.397583 0.114990 -0.181030 0.760320 0.430626 2.336618
0.536499 0.109741 -0.226807 0.754461 0.737417 2.433023
0.640747 0.117554 -0.262695 0.619174 1.049001 2.443142
0.713135 0.138306 -0.275024 0.478828 1.318775 2.442610
0.788818 0.114258 -0.297729 0.451132 1.470839 2.468442
0.855713 0.099731 -0.343018 0.551531 1.475633 2.510786
0.932251 0.119385 -0.405640 0.709188 1.357124 2.548602
1.036499 0.146973 -0.507690 0.820506 1.173102 2.545140
1.174561 0.137085 -0.606689 0.824234 0.996804 2.459654
1.274536 0.177612 -0.699097 0.687883 0.858056 2.243142
1.366821 0.192139 -0.736938 0.455393 0.741678 1.934754
1.449463 0.182983 -0.765381 0.252463 0.611185 1.577630
1.477783 0.176636 -0.776123 0.135020 0.537683 1.232756
1.457764 0.169434 -0.748291 0.059121 0.490812 0.975499
1.431519 0.176758 -0.729736 0.003995 0.401332 0.848735
1.442017 0.160645 -0.751587 -0.009587 0.297736 0.836751
1.452271 0.152466 -0.772583 0.043409 0.232224 0.878296
1.463745 0.179932 -0.848633 0.115047 0.188016 0.912650
1.495239 0.163086 -0.886963 0.155526 0.215446 0.931824
1.519531 0.165894 -0.901367 0.115313 0.307057 0.918775
1.532959 0.164673 -0.890137 0.008522 0.398136 0.895872
1.531250 0.146851 -0.839478 -0.120905 0.454860 0.841545
1.504395 0.137085 -0.767700 -0.221039 0.438349 0.732889
1.473755 0.121582 -0.706787 -0.258589 0.315579 0.603995
1.435547 0.111938 -0.661011 -0.216511 0.116911 0.472969
1.409424 0.094849 -0.646973 -0.143009 -0.075632 0.365912
1.385498 0.075562 -0.631348 -0.076698 -0.214647 0.283089
1.342529 0.071289 -0.619019 -0.034088 -0.298535 0.221039
1.307861 0.062622 -0.598267 -0.015446 -0.335286 0.171505
1.269531 0.055664 -0.586548 -0.023435 -0.334754 0.111318
1.226440 0.051636 -0.565430 -0.046871 -0.298003 0.030360
1.180298 0.041748 -0.527710 -0.083089 -0.247137 -0.053529
1.123413 0.023682 -0.495972 -0.102264 -0.207457 -0.124368
1.067383 0.015869 -0.463501 -0.090013 -0.205060 -0.170972
1.026855 0.011963 -0.449951 -0.045007 -0.248202 -0.174700
0.994995 0.005127 -0.454956 0.016245 -0.289481 -0.160586
0.966309 0.005737 -0.458496 0.071372 -0.299867 -0.148336
0.944336 0.013672 -0.468872 0.102796 -0.282557 -0.127830
0.924805 0.014038 -0.480591 0.112383 -0.218376 -0.092676
0.891846 0.012939 -0.473267 0.109454 -0.142743 -0.064447
0.863159 0.010376 -0.466064 0.118242 -0.128362 -0.056991
0.839233 0.016968 -0.460815 0.145406 -0.153662 -0.050599
0.816162 0.015869 -0.461792 0.177097 -0.191744 -0.033822
0.794067 0.020386 -0.461548 0.208522 -0.212250 -0.007457
0.783813 0.025757 -0.481567 0.237550 -0.230360 0.032756
0.795044 0.033325 -0.503296 0.250333 -0.227430 0.078029
0.821411 0.035034 -0.537598 0.226897 -0.177097 0.112383
0.826294 0.032959 -0.537720 0.165379 -0.062317 0.127297
0.829102 0.031860 -0.531860 0.092676 0.053795 0.129161
0.824585 0.020142 -0.519897 0.040479 0.096937 0.121172
0.825439 0.013184 -0.507446 0.037284 0.044474 0.105992
0.826904 0.014526 -0.508667 0.071904 -0.070839 0.102264
0.841919 0.015259 -0.528687 0.115846 -0.200799 0.096405
0.861084 0.021362 -0.546753 0.131824 -0.286019 0.077763
0.879395 0.025269 -0.563599 0.105459 -0.300133 0.051132
0.885010 0.021118 -0.565918 0.056192 -0.250866 0.010652
0.883179 0.019653 -0.557373 0.006391 -0.161119 -0.036485
0.882690 0.007202 -0.551147 -0.020772 -0.049534 -0.066844
0.874146 -0.002441 -0.549072 -0.024767 0.074035 -0.073768
0.866699 -0.004395 -0.551270 -0.023702 0.188815 -0.060453
0.855103 -0.004761 -0.551880 -0.019973 0.263116 -0.038349
0.848267 -0.003174 -0.549072 -0.020240 0.291345 -0.027963
0.843994 0.000122 -0.542603 -0.018908 0.268176 -0.028762
0.836182 -0.005493 -0.542725 -0.000533 0.210652 -0.033289
0.840088 -0.014160 -0.537598 0.038083 0.124368 -0.034621
0.849487 -0.010742 -0.553345 0.080160 0.028762 -0.022104
0.855591 -0.010864 -0.564819 0.107590 -0.042610 -0.008256
0.867432 -0.005127 -0.577393 0.111851 -0.076964 -0.002663
0.875977 -0.004272 -0.586914 0.084421 -0.066045 -0.002130
0.881592 -0.006348 -0.583496 0.035419 -0.016245 -0.006658
0.880981 -0.010254 -0.572510 -0.019174 0.053529 -0.023702
0.871704 -0.014893 -0.557251 -0.062850 0.110519 -0.043409
0.866455 -0.018555 -0.549072 -0.070306 0.131025 -0.052463
0.861816 -0.021851 -0.537354 -0.049800 0.116911 -0.049268
0.856201 -0.018311 -0.543945 -0.021838 0.068176 -0.041012
0.863159 -0.019409 -0.557495 0.011185 -0.004794 -0.033289
0.874023 -0.012085 -0.571411 0.019973 -0.068708 -0.033822
0.884644 -0.004883 -0.569946 -0.004794 -0.089747 -0.043941
0.886353 0.000488 -0.569092 -0.045273 -0.062317 -0.065513
0.882935 -0.007202 -0.554810 -0.073502 -0.003462 -0.086818
0.871704 -0.014404 -0.539551 -0.083356 0.051664 -0.101465
0.854736 -0.018555 -0.526367 -0.068176 0.061784 -0.105992
0.851074 -0.021118 -0.529663 -0.027696 0.026099 -0.092410
0.850586 -0.017700 -0.540527 0.011185 -0.022104 -0.060719
0.857178 -0.007813 -0.564087 0.021305 -0.063382 -0.024767
0.863281 -0.002075 -0.566284 0.008256 -0.067377 -0.002130
0.867310 0.000244 -0.558105 -0.018109 -0.045539 0.003462
0.862427 -0.001831 -0.542236 -0.034621 -0.030626 -0.002130
0.863525 0.001221 -0.539185 -0.022903 -0.039947 -0.008788
0.866211 0.005371 -0.546509 -0.005593 -0.049534 -0.016778
0.875610 0.005615 -0.564941 -0.003728 -0.032224 -0.024767
0.876343 0.007690 -0.570435 -0.028229 0.025832 -0.032756
0.876465 0.011230 -0.572754 -0.075366 0.094008 -0.042344
0.869263 0.004517 -0.559570 -0.119574 0.150466 -0.045806
0.856445 -0.000366 -0.536255 -0.140879 0.171238 -0.052463
0.843262 0.001709 -0.530029 -0.129960 0.134487 -0.057790
0.843994 0.003418 -0.534546 -0.103862 0.075366 -0.051132
0.854126 0.001587 -0.538086 -0.075366 0.031691 -0.035419
0.854126 0.007935 -0.542358 -0.058589 0.004527 -0.019174
0.859131 0.010376 -0.543335 -0.046605 -0.021039 0.000000
0.864746 0.008057 -0.546021 -0.034887 -0.042077 0.018642
0.874512 0.008179 -0.550171 -0.031158 -0.044474 0.029028
0.881470 0.010376 -0.551025 -0.041012 -0.026099 0.031158
0.886597 0.010864 -0.546997 -0.060719 0.011984 0.024767
