0.583008 0.534180 0.846924 -0.453262 0.066844 -0.157124
0.661255 0.498657 0.818115 -0.432490 0.025033 -0.164847
0.691895 0.512207 0.830933 -0.340613 0.049001 -0.228229
0.718262 0.490356 0.833130 -0.230093 0.047403 -0.319574
0.735107 0.473389 0.818237 -0.122503 0.011984 -0.420772
0.756836 0.457764 0.800903 -0.040746 -0.074834 -0.506525
0.786499 0.437256 0.785278 0.009321 -0.185353 -0.590413
0.810303 0.418335 0.762451 0.040213 -0.287350 -0.688948
0.825806 0.408203 0.733765 0.051664 -0.366977 -0.817577
0.811279 0.418335 0.698242 0.037816 -0.407989 -0.977364
0.775269 0.428833 0.691650 -0.009055 -0.423169 -1.141678
0.742554 0.444702 0.682129 -0.076431 -0.454860 -1.281225
0.715088 0.456177 0.682861 -0.135553 -0.500932 -1.402130
0.697998 0.454468 0.687378 -0.173369 -0.548336 -1.503063
0.675781 0.449829 0.693115 -0.206658 -0.592277 -1.592011
0.654785 0.447021 0.697998 -0.241012 -0.632224 -1.682823
0.616577 0.445068 0.710815 -0.275899 -0.668708 -1.794940
0.562622 0.435547 0.740479 -0.304927 -0.711585 -1.920639
0.504883 0.425171 0.762939 -0.317443 -0.778162 -2.051931
0.456177 0.419678 0.771118 -0.321438 -0.876698 -2.178429
0.405518 0.417358 0.775879 -0.344607 -0.969108 -2.301731
0.349121 0.413086 0.783081 -0.393609 -1.025566 -2.421305
0.295044 0.418091 0.793701 -0.445806 -1.048202 -2.520107
0.242310 0.427856 0.815552 -0.492144 -1.039947 -2.562716
0.195801 0.427246 0.853271 -0.519574 -1.019174 -2.543542
0.158813 0.429932 0.879272 -0.497736 -1.008256 -2.489747
0.118896 0.420044 0.888428 -0.428229 -1.012517 -2.436751
0.089600 0.409912 0.886963 -0.341678 -1.024767 -2.418908
0.068726 0.391846 0.888306 -0.281491 -1.029827 -2.416511
0.076660 0.373901 0.870483 -0.277763 -1.039414 -2.414913
0.082642 0.354736 0.858398 -0.332623 -0.975499 -2.444474
0.061401 0.338867 0.863159 -0.410919 -0.846605 -2.480959
0.033691 0.317139 0.840576 -0.444474 -0.706791 -2.485752
-0.015503 0.313843 0.830444 -0.442610 -0.534487 -2.464980
-0.082642 0.317749 0.806030 -0.424234 -0.374967 -2.425033
-0.149292 0.308838 0.782471 -0.399734 -0.250599 -2.360586
-0.229248 0.294434 0.766602 -0.368842 -0.190679 -2.275899
-0.299683 0.296631 0.755127 -0.317976 -0.223169 -2.168043
-0.358398 0.281250 0.739746 -0.249001 -0.338216 -2.041545
-0.398682 0.269043 0.708374 -0.162184 -0.528362 -1.910519
-0.420410 0.266479 0.659180 -0.091877 -0.723569 -1.779228
-0.432983 0.263062 0.610474 -0.084953 -0.878296 -1.642077
-0.438110 0.269653 0.582031 -0.144075 -0.964314 -1.482823
-0.434814 0.275757 0.548340 -0.266312 -0.975766 -1.291079
-0.431885 0.282837 0.527344 -0.438615 -0.891079 -1.080426
-0.430664 0.269043 0.525269 -0.634354 -0.725166 -0.884687
-0.428711 0.256592 0.534058 -0.818908 -0.537150 -0.712916
-0.427490 0.237549 0.557373 -0.963782 -0.375766 -0.577896
-0.411377 0.220947 0.572876 -1.060453 -0.274035 -0.484687
-0.393799 0.201294 0.588257 -1.124101 -0.233822 -0.432490
-0.380615 0.199829 0.601929 -1.171238 -0.239414 -0.410120
-0.365845 0.220703 0.616455 -1.211185 -0.274834 -0.366977
-0.346558 0.241211 0.631104 -1.257523 -0.313449 -0.269774
-0.312866 0.255493 0.657715 -1.309720 -0.328362 -0.120639
-0.270874 0.279907 0.674927 -1.374168 -0.309454 0.060453
-0.226563 0.287476 0.689087 -1.441012 -0.246338 0.237816
-0.172974 0.286011 0.722778 -1.501465 -0.144341 0.387750
-0.116089 0.280884 0.748169 -1.563249 -0.021838 0.459654
-0.069214 0.280273 0.773193 -1.612783 0.111318 0.422636
-0.060913 0.273315 0.827881 -1.656724 0.213316 0.312916
-0.082642 0.276733 0.885864 -1.675100 0.223169 0.186418
-0.111450 0.285400 0.949951 -1.638083 0.121172 0.085752
-0.109741 0.290283 0.988770 -1.530759 -0.083356 0.047403
-0.089966 0.297974 1.009155 -1.377630 -0.311318 0.060453
-0.057007 0.312256 1.019897 -1.236485 -0.492676 0.098802
-0.015991 0.322510 1.010498 -1.137150 -0.594940 0.143542
0.017822 0.322632 1.009033 -1.092144 -0.596804 0.166178
0.040283 0.319824 1.008789 -1.102264 -0.515579 0.164314
0.048096 0.307251 1.016602 -1.151531 -0.382423 0.150200
0.041748 0.287964 1.034302 -1.215446 -0.231425 0.124634
0.016235 0.282593 1.060791 -1.264447 -0.108389 0.096138
-0.017578 0.282104 1.088013 -1.283888 -0.052463 0.087883
-0.033447 0.287231 1.130737 -1.273502 -0.089481 0.117177
-0.018311 0.297729 1.163086 -1.226365 -0.211718 0.203728
0.023193 0.302246 1.181641 -1.158455 -0.372836 0.329960
0.082031 0.297119 1.191162 -1.083622 -0.501198 0.441278
0.140503 0.298462 1.198242 -1.022903 -0.546205 0.501997
0.178345 0.290405 1.199951 -1.003462 -0.483356 0.504394
0.208862 0.275024 1.208740 -1.015979 -0.331558 0.450333
0.213135 0.262695 1.238037 -1.045273 -0.125965 0.360320
0.204590 0.247559 1.275635 -1.062850 0.062051 0.283888
0.199097 0.234131 1.313721 -1.030360 0.178961 0.248735
0.201050 0.221924 1.332886 -0.931292 0.221039 0.251132
0.213135 0.209839 1.338135 -0.786418 0.203462 0.262317
0.231323 0.200806 1.333740 -0.641278 0.165113 0.255393
0.254517 0.169312 1.335449 -0.523569 0.128628 0.210120
0.235352 0.180908 1.320801 -0.442077 0.100399 0.111318
0.228271 0.152832 1.302856 -0.340080 0.086818 0.031425
0.234375 0.135742 1.285034 -0.249534 0.064714 -0.041811
0.198242 0.179321 1.256714 -0.159787 0.058322 -0.090280
0.197876 0.139893 1.213257 -0.082024 0.055393 -0.084421
0.198975 0.137085 1.177612 -0.036485 0.088415 -0.077763
0.180054 0.138672 1.146118 -0.002663 0.137417 -0.072437
0.166870 0.127319 1.108276 0.007723 0.201065 -0.066844
0.142822 0.131470 1.086670 0.008788 0.268176 -0.074035
0.119995 0.125977 1.065063 0.009055 0.313981 -0.086551
0.092285 0.117676 1.050415 0.011984 0.334754 -0.096405
0.068970 0.112305 1.040039 0.019441 0.304394 -0.090546
0.056763 0.102051 1.026367 0.037017 0.231691 -0.068442
0.053101 0.097656 1.013428 0.059654 0.137417 -0.028495
0.064819 0.098389 0.992554 0.070573 0.041811 0.019441
0.075806 0.095215 0.988281 0.068442 -0.025832 0.060719
0.087158 0.092773 0.973145 0.067111 -0.059920 0.078562
0.091553 0.099243 0.965088 0.067111 -0.059654 0.078296
0.089966 0.108643 0.955444 0.062051 -0.034088 0.066045
0.087891 0.111694 0.946777 0.053262 -0.001065 0.053262
0.084229 0.117920 0.941406 0.044474 0.018375 0.051398
0.078369 0.121948 0.941650 0.036751 0.020240 0.060186
0.077271 0.130249 0.942505 0.034621 0.004527 0.073236
0.085449 0.135010 0.938354 0.042610 -0.021305 0.089747
0.096924 0.142822 0.949707 0.052730 -0.052197 0.108123
0.105225 0.142456 0.946045 0.059121 -0.075366 0.126232
0.116333 0.145386 0.945068 0.058056 -0.079095 0.125699
0.126465 0.150513 0.943115 0.052463 -0.064181 0.107324
0.130615 0.148926 0.943359 0.039414 -0.035952 0.070839
0.125488 0.154297 0.945435 0.018642 -0.006924 0.023702
0.111328 0.161987 0.955200 0.001065 0.003462 -0.011718
0.100342 0.161621 0.957886 -0.007190 -0.005859 -0.025033
0.094971 0.165039 0.963013 -0.006391 -0.027963 -0.022370
0.096558 0.166992 0.967529 0.000266 -0.052197 -0.005859
0.106934 0.162231 0.965210 0.007457 -0.066312 0.016778
0.115967 0.156982 0.971069 0.009321 -0.057523 0.038083
0.124268 0.153931 0.972900 0.008788 -0.034887 0.052463
0.124756 0.154663 0.975098 0.007989 -0.003196 0.056192
0.124634 0.155273 0.972290 0.009321 0.028762 0.044208
0.120850 0.149414 0.970459 0.011185 0.044208 0.020506
0.116577 0.151978 0.963989 0.013049 0.045273 -0.012250
0.105103 0.151733 0.959229 0.013848 0.037816 -0.039947
0.100098 0.148682 0.957642 0.015180 0.026365 -0.059654
0.090088 0.153687 0.958130 0.011185 0.016245 -0.071638
0.078613 0.158325 0.959595 0.004261 0.003728 -0.064447
0.080200 0.154053 0.959839 0.000799 -0.009587 -0.043409
0.082397 0.153687 0.957520 -0.001065 -0.018642 -0.023702
0.087524 0.156006 0.957520 -0.001065 -0.018109 -0.010652
0.091187 0.153564 0.961426 -0.008256 -0.011984 -0.007190
0.090210 0.153809 0.965820 -0.019174 -0.003995 -0.012517
0.089722 0.152344 0.965088 -0.024501 -0.001332 -0.017044
0.089111 0.148438 0.973267 -0.022636 -0.000266 -0.024767
0.087891 0.148193 0.969116 -0.015180 -0.010120 -0.030093
0.086304 0.151123 0.964844 -0.002397 -0.014381 -0.030892
0.083130 0.148193 0.957886 0.009321 -0.014115 -0.025566
0.086914 0.146606 0.959473 0.014913 -0.012783 -0.015446
0.091919 0.149902 0.958984 0.015446 -0.013582 -0.001332
0.093140 0.152588 0.958130 0.014381 -0.007989 0.011185
0.099731 0.151855 0.954590 0.012783 0.003728 0.018375
0.106323 0.151001 0.960693 0.010120 0.016245 0.017577
0.107178 0.147461 0.965454 0.001598 0.029028 0.003462
0.111694 0.142578 0.970947 -0.007190 0.035952 -0.022104
0.105469 0.134033 0.980591 -0.007190 0.032490 -0.052996
0.103271 0.139282 0.986328 -0.003995 0.027164 -0.085752
