-0.089111 0.397705 0.829712 -0.060453 -0.654328 0.191478
-0.054199 0.380371 0.814453 -0.202929 -0.558189 0.152064
-0.066284 0.441284 0.859863 -0.311318 -0.349933 0.065779
-0.083740 0.427002 0.911743 -0.374700 -0.172836 0.048469
-0.072876 0.387695 0.951904 -0.360586 -0.083356 0.087084
-0.055054 0.362671 0.990234 -0.264447 -0.090812 0.138216
-0.010864 0.339844 0.985229 -0.091611 -0.207457 0.184554
0.032104 0.338745 0.981323 0.107590 -0.363782 0.187750
0.103394 0.334839 0.953613 0.284953 -0.543009 0.158455
0.159546 0.348511 0.878784 0.396005 -0.645539 0.121438
0.223267 0.345947 0.830811 0.405060 -0.650333 0.072969
0.289795 0.349487 0.785889 0.364314 -0.590146 0.035686
0.292969 0.388428 0.787476 0.289214 -0.447936 -0.014115
0.304810 0.465820 0.802490 0.163249 -0.365379 -0.052197
0.350464 0.488525 0.836304 -0.015446 -0.306525 -0.043941
0.417114 0.498413 0.872925 -0.184021 -0.268442 -0.018375
0.499634 0.510010 0.921387 -0.307057 -0.250866 -0.009055
0.599121 0.478149 0.962524 -0.391478 -0.237550 -0.046871
0.661865 0.435303 1.021118 -0.418375 -0.215446 -0.200533
0.693115 0.416504 1.052612 -0.351531 -0.239680 -0.477763
0.645752 0.434204 1.108276 -0.196804 -0.293742 -0.819441
0.595703 0.473511 1.147339 0.003728 -0.445273 -1.127297
0.572998 0.476318 1.160400 0.195739 -0.642344 -1.337683
0.580933 0.489990 1.155151 0.341411 -0.808788 -1.479893
0.592896 0.478638 1.139404 0.424501 -0.891345 -1.594940
0.600464 0.454834 1.136597 0.449001 -0.884687 -1.716645
0.586914 0.398438 1.140015 0.457523 -0.839414 -1.863116
0.550659 0.341187 1.132813 0.480160 -0.796005 -2.024767
0.496582 0.283936 1.131958 0.525166 -0.796804 -2.193076
0.445679 0.237427 1.126465 0.566445 -0.866844 -2.377097
0.382446 0.211304 1.131104 0.570972 -0.973103 -2.568841
0.325073 0.187378 1.146729 0.534487 -1.090546 -2.755526
0.260620 0.188232 1.153809 0.512117 -1.171771 -2.918509
0.198608 0.175415 1.161255 0.532091 -1.207190 -3.026098
0.139526 0.169678 1.156616 0.593342 -1.232490 -3.092144
0.089355 0.166138 1.142090 0.683888 -1.282557 -3.127563
0.049072 0.157715 1.107056 0.775499 -1.344075 -3.154461
-0.007324 0.149048 1.073975 0.838881 -1.378163 -3.206392
-0.095093 0.143311 1.043579 0.868708 -1.374700 -3.280426
-0.209595 0.120972 1.028198 0.879627 -1.365379 -3.370706
-0.343506 0.104370 1.014648 0.906791 -1.395739 -3.462317
-0.460938 0.065796 1.010010 0.964048 -1.507856 -3.547803
-0.565552 0.002563 1.002563 1.065246 -1.635419 -3.642876
-0.643188 -0.048096 0.961548 1.134221 -1.773635 -3.745939
-0.715698 -0.064209 0.921143 1.151531 -1.855127 -3.814115
-0.786011 -0.043945 0.883301 1.109987 -1.833289 -3.775233
-0.839966 -0.025024 0.835938 1.045007 -1.718509 -3.617577
-0.891968 -0.010986 0.787842 0.965379 -1.540879 -3.355260
-0.928101 0.015625 0.735107 0.857257 -1.315579 -3.013316
-0.954468 0.032104 0.692505 0.720373 -1.071105 -2.589614
-0.967773 0.028564 0.645996 0.593076 -0.852996 -2.140613
-0.963989 0.029785 0.594482 0.516644 -0.699068 -1.723302
-0.942871 0.027832 0.546143 0.486818 -0.613848 -1.339547
-0.913208 0.044434 0.492920 0.502530 -0.608788 -0.982956
-0.850342 0.049194 0.425415 0.529694 -0.665779 -0.655925
-0.777954 0.059326 0.351807 0.526498 -0.715846 -0.374700
-0.697021 0.055176 0.287354 0.456724 -0.725433 -0.138216
-0.626709 0.058350 0.252808 0.317177 -0.691079 0.067643
-0.541992 0.060669 0.225708 0.114780 -0.639148 0.252730
-0.470825 0.088257 0.217163 -0.140879 -0.532623 0.385353
-0.426880 0.110962 0.229736 -0.425300 -0.390413 0.476165
-0.400757 0.152832 0.265747 -0.692410 -0.222903 0.541145
-0.374146 0.160645 0.311279 -0.891345 -0.081758 0.580027
-0.352539 0.166016 0.365234 -0.984820 -0.031158 0.601065
-0.320801 0.186523 0.409302 -0.996538 -0.093209 0.621305
-0.257690 0.192261 0.431152 -0.970972 -0.238083 0.628495
-0.186035 0.195923 0.454102 -0.937417 -0.420240 0.581625
-0.129517 0.208252 0.484009 -0.940612 -0.599467 0.466312
-0.091064 0.235718 0.505615 -0.974967 -0.736085 0.303862
-0.077881 0.258423 0.526489 -1.020772 -0.784021 0.134754
-0.090454 0.285278 0.553833 -1.083356 -0.725965 -0.004794
-0.107544 0.288574 0.592285 -1.167510 -0.597603 -0.068975
-0.119995 0.278564 0.617798 -1.256991 -0.462850 -0.054594
-0.127563 0.270752 0.644653 -1.350200 -0.359521 0.006391
-0.117676 0.255859 0.667236 -1.460453 -0.302264 0.096937
-0.085571 0.249023 0.700317 -1.624501 -0.282024 0.198136
-0.058228 0.257324 0.745972 -1.853795 -0.270573 0.287350
-0.031494 0.239380 0.806274 -2.102530 -0.248202 0.313715
-0.033325 0.230591 0.889404 -2.293742 -0.221039 0.248469
-0.060303 0.245239 0.966553 -2.379228 -0.235952 0.108655
-0.091675 0.248047 1.060181 -2.362450 -0.312650 -0.051132
-0.087769 0.253784 1.114380 -2.268442 -0.445273 -0.180293
-0.070068 0.264282 1.177490 -2.213049 -0.534221 -0.252463
-0.050171 0.271240 1.258667 -2.252197 -0.529161 -0.248469
-0.007080 0.266479 1.347046 -2.328362 -0.445806 -0.167244
0.029541 0.241821 1.456177 -2.372037 -0.292943 -0.047137
0.068604 0.216553 1.556519 -2.346738 -0.129427 0.052730
0.104248 0.179321 1.636230 -2.239947 0.031957 0.087617
0.119141 0.151367 1.687988 -2.081491 0.186951 0.034887
0.169800 0.115112 1.660767 -1.899601 0.285486 -0.075632
0.048096 0.180176 1.843628 -1.715846 0.371505 -0.235952
0.052856 0.047119 1.807129 -1.398136 0.376831 -0.263382
0.065308 0.060059 1.768921 -1.122237 0.307590 -0.343542
-0.018555 0.140015 1.752686 -0.860985 0.296671 -0.390945
-0.010254 0.077393 1.692505 -0.628495 0.248469 -0.328629
-0.022827 0.105347 1.621460 -0.397869 0.251132 -0.266312
-0.026489 0.120605 1.551514 -0.211984 0.265779 -0.182956
-0.030640 0.119141 1.508301 -0.094008 0.352863 -0.101731
-0.017578 0.104614 1.425903 -0.007723 0.409854 -0.045273
-0.033203 0.105347 1.377075 0.040479 0.460186 -0.028229
-0.041992 0.096313 1.336792 0.065246 0.478029 -0.020506
-0.048096 0.075195 1.297729 0.101198 0.458056 -0.017577
-0.069458 0.085449 1.245483 0.168309 0.396005 -0.022104
-0.086792 0.086182 1.211792 0.254860 0.323302 -0.005859
-0.074707 0.067017 1.143799 0.331824 0.241545 0.021838
-0.094604 0.064697 1.124390 0.372304 0.186684 0.035153
-0.094116 0.059326 1.076172 0.417577 0.136884 0.059920
-0.089600 0.045898 1.043945 0.446871 0.080160 0.084687
-0.083252 0.045532 1.001587 0.457790 0.060186 0.098003
-0.078613 0.041138 0.968262 0.430360 0.068708 0.103595
-0.079834 0.040039 0.941284 0.379494 0.099601 0.106525
-0.087280 0.040649 0.927490 0.319308 0.134487 0.116644
-0.088135 0.034668 0.915405 0.264714 0.151531 0.137683
-0.088379 0.036133 0.901489 0.221039 0.153662 0.159254
-0.097656 0.039795 0.899292 0.195739 0.136884 0.174700
-0.100464 0.039673 0.891724 0.186684 0.109188 0.193342
-0.093872 0.046143 0.885376 0.200000 0.070573 0.210919
-0.079834 0.054688 0.873535 0.213049 0.044208 0.222104
-0.065796 0.062500 0.854492 0.202130 0.043941 0.214115
-0.057617 0.070190 0.847046 0.168575 0.056991 0.182690
-0.057251 0.079956 0.847778 0.119840 0.080692 0.140080
-0.064331 0.080078 0.848145 0.059920 0.105459 0.092410
-0.072876 0.085083 0.860352 -0.003196 0.113981 0.045007
-0.079102 0.084717 0.871948 -0.060453 0.107057 0.012517
-0.090698 0.088257 0.891479 -0.099867 0.093475 0.003196
-0.097168 0.092773 0.909302 -0.108389 0.072170 0.018109
-0.088745 0.095093 0.923218 -0.092144 0.042077 0.054860
-0.074829 0.098755 0.927490 -0.083356 0.022636 0.082024
-0.062256 0.097900 0.937378 -0.096671 0.026099 0.083888
-0.056274 0.095825 0.945313 -0.119041 0.051664 0.060453
-0.061646 0.088989 0.960815 -0.137417 0.080692 0.017310
-0.072510 0.086670 0.968140 -0.141411 0.090280 -0.025832
-0.083252 0.086426 0.973877 -0.128895 0.083622 -0.056458
-0.092651 0.083252 0.978516 -0.105992 0.068975 -0.071372
-0.101929 0.087280 0.979126 -0.079893 0.049534 -0.068975
-0.106201 0.091797 0.975464 -0.053529 0.033555 -0.052463
-0.109009 0.101440 0.977905 -0.030360 0.034887 -0.026099
-0.108398 0.101074 0.975220 -0.011718 0.043142 0.003728
-0.103149 0.109497 0.970581 -0.000266 0.050866 0.029561
-0.094360 0.114868 0.955444 -0.007457 0.063915 0.041545
-0.091064 0.116089 0.958862 -0.038349 0.090280 0.030892
-0.093994 0.108521 0.967896 -0.071638 0.113981 0.003196
-0.105225 0.106323 0.981812 -0.091079 0.122770 -0.022903
-0.115967 0.100586 0.988892 -0.086285 0.110253 -0.034088
-0.123535 0.092529 0.996826 -0.056192 0.072969 -0.035952
-0.128418 0.088623 1.003296 -0.011718 0.023702 -0.026631
-0.127686 0.094727 0.999878 0.036485 -0.016778 -0.005326
-0.121460 0.102905 0.981201 0.074567 -0.037550 0.029561
-0.113159 0.102051 0.974609 0.091079 -0.029028 0.070573
-0.104370 0.104126 0.964233 0.085220 0.001864 0.105992
