-0.239136 0.480103 0.843872 -0.545939 0.183489 0.290812
-0.204102 0.412598 0.864624 -0.551265 0.211718 0.264714
-0.231079 0.424805 0.899902 -0.433555 0.211984 0.249534
-0.249268 0.428833 0.904419 -0.264714 0.128628 0.242610
-0.252686 0.427979 0.877441 -0.109188 0.037017 0.263915
-0.256104 0.435913 0.847900 0.010120 -0.047403 0.288682
-0.258179 0.449951 0.823242 0.059387 -0.092676 0.331025
-0.255371 0.453125 0.803101 0.025832 -0.094274 0.393342
-0.258423 0.454834 0.798828 -0.057790 -0.086019 0.459121
-0.250244 0.456299 0.801270 -0.151265 -0.084421 0.512117
-0.249268 0.446533 0.816528 -0.235419 -0.092676 0.531558
-0.258911 0.453613 0.838379 -0.275100 -0.130226 0.534487
-0.264404 0.451050 0.851685 -0.269774 -0.189348 0.545140
-0.254517 0.453003 0.861572 -0.227430 -0.245539 0.566178
-0.225708 0.458496 0.867920 -0.165113 -0.280692 0.593076
-0.208862 0.457642 0.862427 -0.099867 -0.266578 0.605593
-0.178101 0.465820 0.858154 -0.053262 -0.229028 0.593608
-0.152588 0.459839 0.854370 -0.039680 -0.171771 0.576565
-0.124756 0.467651 0.854614 -0.054594 -0.099601 0.548602
-0.101929 0.473999 0.858398 -0.099867 -0.014913 0.535553
-0.071411 0.478760 0.862549 -0.158988 0.073768 0.541145
-0.045044 0.480103 0.882568 -0.207190 0.158455 0.551265
-0.005005 0.482422 0.890503 -0.228229 0.198136 0.551798
0.054810 0.480591 0.906250 -0.227963 0.181625 0.536618
0.135864 0.483276 0.914063 -0.223169 0.117710 0.484421
0.224487 0.484741 0.921387 -0.227164 0.033023 0.384554
0.311523 0.490967 0.940308 -0.249534 -0.052730 0.246605
0.388794 0.497070 0.952148 -0.282557 -0.104660 0.099601
0.446777 0.496094 0.979858 -0.302530 -0.086285 -0.040213
0.491455 0.487671 1.012939 -0.290812 -0.060186 -0.141944
0.533447 0.494507 1.037964 -0.241545 -0.056724 -0.193076
0.587402 0.493408 1.057373 -0.176298 -0.087084 -0.237284
0.643677 0.492554 1.065796 -0.114514 -0.163249 -0.300666
0.702515 0.491699 1.089844 -0.070040 -0.256724 -0.402929
0.752808 0.468994 1.115356 -0.034887 -0.377896 -0.544873
0.801392 0.466431 1.127441 -0.007457 -0.514780 -0.724634
0.830688 0.447510 1.141113 0.024501 -0.639148 -0.940080
0.851074 0.428345 1.142700 0.068708 -0.745406 -1.178961
0.856079 0.405029 1.142944 0.120639 -0.805326 -1.425300
0.833496 0.401733 1.132446 0.176032 -0.817577 -1.670306
0.790771 0.378540 1.145142 0.214647 -0.777630 -1.920373
0.731689 0.342407 1.163818 0.262051 -0.727297 -2.183222
0.658447 0.312256 1.185181 0.349134 -0.722770 -2.423968
0.575928 0.290039 1.186768 0.468176 -0.777097 -2.647670
0.506226 0.261108 1.203613 0.586152 -0.854594 -2.854328
0.422852 0.227905 1.207153 0.699334 -0.938748 -3.031957
0.317261 0.203857 1.215332 0.798935 -1.000266 -3.184554
0.179321 0.193237 1.237671 0.902530 -1.060453 -3.322237
0.026123 0.186279 1.262695 1.035419 -1.178961 -3.431957
-0.139526 0.181030 1.265869 1.191478 -1.359787 -3.511318
-0.296875 0.154175 1.251465 1.370972 -1.547004 -3.578162
-0.466431 0.098145 1.205078 1.560852 -1.698269 -3.637284
-0.651489 0.066406 1.145264 1.751265 -1.821305 -3.672703
-0.839478 0.106445 1.077759 1.933688 -1.935819 -3.634354
-0.961182 0.146606 0.971436 2.010120 -2.022370 -3.484421
-1.007080 0.128784 0.895874 1.901731 -1.960053 -3.239414
-1.013550 0.005737 0.833130 1.615180 -1.755526 -2.960320
-1.054565 -0.092163 0.847046 1.186418 -1.411984 -2.706525
-1.131958 -0.177490 0.895142 0.750732 -1.046338 -2.413848
-1.216919 -0.243530 0.953979 0.432224 -0.759787 -2.058322
-1.267090 -0.288208 1.003052 0.321971 -0.616511 -1.634354
-1.281372 -0.279419 1.012939 0.454328 -0.614381 -1.156059
-1.235596 -0.246826 0.969238 0.786418 -0.738482 -0.653795
-1.129272 -0.169067 0.856812 1.190146 -0.944075 -0.168575
-0.984985 -0.074097 0.711792 1.564314 -1.134221 0.243409
-0.815308 0.035034 0.546875 1.817843 -1.285486 0.532889
-0.627319 0.138672 0.345459 1.916378 -1.368842 0.669774
-0.486938 0.222534 0.182983 1.837284 -1.352064 0.662317
-0.365601 0.253662 0.063965 1.601598 -1.227430 0.578961
-0.257080 0.269287 -0.040283 1.274301 -0.979760 0.499601
-0.160522 0.288696 -0.109619 0.881758 -0.668442 0.419707
-0.097656 0.295166 -0.131348 0.491611 -0.346738 0.364581
-0.039429 0.303101 -0.152222 0.139547 -0.069241 0.332091
0.038696 0.289307 -0.158813 -0.157923 0.171771 0.298535
0.117798 0.269409 -0.175049 -0.412517 0.379760 0.201864
0.159790 0.245483 -0.173340 -0.625566 0.536618 0.022104
0.171631 0.213989 -0.157837 -0.787217 0.615446 -0.196005
0.178833 0.195557 -0.155884 -0.893742 0.602663 -0.400799
0.200439 0.171875 -0.175659 -0.974168 0.553395 -0.577363
0.207642 0.133301 -0.201782 -1.093475 0.571505 -0.746738
0.184082 0.080688 -0.197876 -1.265246 0.626897 -0.916644
0.121216 0.051636 -0.162109 -1.449800 0.644740 -1.063648
0.079224 0.030518 -0.096069 -1.634887 0.566445 -1.133688
0.039795 0.039429 -0.043091 -1.797870 0.378695 -1.126764
0.005493 0.088135 -0.011963 -1.935286 0.164581 -1.060453
-0.027588 0.162842 0.003296 -2.076698 0.040213 -0.945672
-0.089478 0.238525 0.046509 -2.251931 0.024501 -0.787483
-0.147339 0.277588 0.125732 -2.486818 0.075632 -0.629028
-0.206299 0.287476 0.260376 -2.842077 0.164847 -0.560852
-0.318970 0.268555 0.499512 -3.299334 0.254061 -0.645806
-0.441528 0.184326 0.839600 -3.654061 0.216778 -0.852996
-0.541748 0.063354 1.229492 -3.770439 -0.092676 -1.140346
-0.638794 0.020386 1.569092 -3.702530 -0.656991 -1.494008
-0.655884 0.033325 1.847656 -3.560586 -1.281758 -1.700400
-0.604858 0.035278 2.034668 -3.458855 -1.665513 -1.674567
-0.543945 0.046265 2.174316 -3.442610 -1.577363 -1.484953
-0.486694 0.039185 2.281738 -3.417577 -1.032756 -1.184021
-0.486694 0.032349 2.390259 -3.272171 -0.236751 -0.810652
-0.505615 0.022217 2.446289 -2.949667 0.474301 -0.432224
-0.494751 0.023438 2.420532 -2.465246 0.909454 -0.110253
-0.468140 0.023315 2.338379 -1.910253 1.060985 0.087883
-0.426514 0.038574 2.218628 -1.363782 0.966445 0.140613
-0.393066 0.080200 2.070313 -0.892410 0.711318 0.105193
-0.365967 0.143921 1.922607 -0.538216 0.409587 0.015979
-0.337769 0.182617 1.770386 -0.297736 0.169108 -0.107057
-0.333740 0.203735 1.623291 -0.131824 0.046871 -0.224234
-0.316772 0.215576 1.489624 -0.018642 0.039148 -0.286551
-0.315674 0.213867 1.374756 0.023968 0.135286 -0.316911
-0.331421 0.188599 1.284424 -0.001598 0.283888 -0.324900
-0.354980 0.147339 1.236084 -0.063382 0.403196 -0.301731
-0.382080 0.100098 1.216553 -0.092144 0.435686 -0.230892
-0.395264 0.063477 1.206421 -0.054328 0.356858 -0.105193
-0.380249 0.036987 1.185303 0.044208 0.178429 0.060453
-0.336426 0.024170 1.145508 0.167244 -0.034088 0.231425
-0.285278 0.018066 1.111206 0.269774 -0.215446 0.349401
-0.236084 0.032593 1.076172 0.324368 -0.324900 0.397869
-0.198364 0.050659 1.049805 0.328895 -0.358455 0.400533
-0.166260 0.069092 1.029785 0.294807 -0.324900 0.366977
-0.146606 0.078369 1.019043 0.242344 -0.243941 0.324900
-0.138184 0.090210 1.004639 0.184288 -0.137949 0.286551
-0.136841 0.098877 1.001465 0.136618 -0.023702 0.249800
-0.140381 0.095215 1.000977 0.110519 0.066578 0.219707
-0.153931 0.088623 1.001465 0.109454 0.115846 0.200266
-0.158691 0.082275 1.000610 0.141411 0.117710 0.184288
-0.155029 0.074707 0.989990 0.198668 0.087617 0.160852
-0.153931 0.072266 0.970337 0.249800 0.054328 0.114780
-0.154175 0.071655 0.944214 0.275366 0.035686 0.043675
-0.162964 0.066772 0.928101 0.272170 0.027696 -0.043941
-0.176758 0.061279 0.918579 0.245273 0.026365 -0.120639
-0.201172 0.056152 0.915161 0.213848 0.026897 -0.160320
-0.215576 0.053833 0.919922 0.201864 0.017310 -0.148602
-0.219727 0.054443 0.916626 0.215180 0.005593 -0.092410
-0.212280 0.051147 0.900757 0.245806 0.003995 -0.017577
-0.205444 0.052979 0.884277 0.269774 0.021039 0.049268
-0.196899 0.055542 0.873047 0.266578 0.055393 0.092410
-0.192261 0.057617 0.861816 0.233289 0.100399 0.104660
-0.199585 0.065186 0.850586 0.181625 0.135020 0.081225
-0.214966 0.067383 0.847168 0.122237 0.147004 0.037284
-0.233398 0.074219 0.853638 0.066578 0.129960 -0.000799
-0.248047 0.069702 0.862061 0.018375 0.088149 -0.010386
-0.255371 0.070435 0.871460 -0.015446 0.028762 0.005593
-0.254028 0.070801 0.888062 -0.029294 -0.030360 0.038615
-0.245972 0.069824 0.900879 -0.026365 -0.082823 0.075100
-0.238403 0.074463 0.907959 -0.025033 -0.107856 0.101731
-0.230835 0.082520 0.913696 -0.029827 -0.099867 0.113715
-0.222046 0.088989 0.922363 -0.030892 -0.073236 0.107057
-0.212402 0.097900 0.918579 -0.041811 -0.037550 0.084421
-0.213867 0.101807 0.924072 -0.060719 -0.005859 0.054328
-0.214722 0.112427 0.933594 -0.081491 0.013848 0.030626
-0.214600 0.111816 0.942139 -0.090812 0.021305 0.021039
