0.050781 0.381836 0.848022 -0.128895 -0.254328 0.100399
0.106445 0.323730 0.867920 -0.291878 -0.077230 0.132889
0.094971 0.319214 0.936401 -0.376831 0.100399 0.132091
0.117920 0.318481 0.957153 -0.395473 0.165379 0.129694
0.151245 0.305664 0.989136 -0.360053 0.168309 0.123036
0.192383 0.306763 1.005493 -0.278828 0.128628 0.088149
0.229614 0.312012 1.015381 -0.177630 0.060453 0.028229
0.266479 0.325439 1.019409 -0.096138 -0.031158 -0.045273
0.307007 0.329712 1.015991 -0.042610 -0.120639 -0.121172
0.342896 0.326904 1.014893 -0.009321 -0.177896 -0.196005
0.383789 0.319336 1.016357 0.017843 -0.213848 -0.252730
0.422363 0.305298 1.001221 0.054328 -0.237550 -0.294274
0.447510 0.309692 0.997192 0.105992 -0.243941 -0.321971
0.481812 0.311768 0.979736 0.176565 -0.246605 -0.332889
0.503540 0.322388 0.966064 0.249534 -0.263648 -0.340613
0.527710 0.331055 0.947021 0.316911 -0.311851 -0.368043
0.540283 0.338623 0.922852 0.378162 -0.400000 -0.421039
0.541504 0.368652 0.899780 0.431691 -0.521172 -0.489747
0.543091 0.404785 0.880005 0.463915 -0.661784 -0.562184
0.549805 0.433350 0.862671 0.469774 -0.812517 -0.646072
0.567017 0.449951 0.847534 0.439148 -0.949667 -0.741678
0.595825 0.450684 0.844727 0.372836 -1.058322 -0.842610
0.619385 0.437744 0.845459 0.286019 -1.125965 -0.950999
0.631348 0.414429 0.863281 0.202663 -1.143808 -1.072969
0.646973 0.374268 0.878662 0.143009 -1.142477 -1.217044
0.608521 0.351929 0.890015 0.109188 -1.137683 -1.386951
0.576050 0.332397 0.899902 0.088415 -1.141411 -1.535819
0.558105 0.318726 0.916992 0.073768 -1.161119 -1.664714
0.537109 0.292603 0.919800 0.059121 -1.192543 -1.791744
0.505249 0.282715 0.921997 0.039947 -1.217577 -1.910253
0.475830 0.267334 0.928101 0.021838 -1.228229 -2.000799
0.452393 0.253906 0.919922 0.003196 -1.226365 -2.067111
0.430786 0.249146 0.910767 -0.024501 -1.190146 -2.123036
0.405396 0.238159 0.906738 -0.075100 -1.113981 -2.182423
0.377075 0.212036 0.913818 -0.155526 -1.012250 -2.247936
0.351074 0.201538 0.926636 -0.257257 -0.894541 -2.319574
0.306763 0.172607 0.944580 -0.364581 -0.768309 -2.384820
0.242554 0.151611 0.964355 -0.447936 -0.645273 -2.451664
0.173950 0.119751 0.993530 -0.475899 -0.549134 -2.510253
0.101318 0.095581 1.005859 -0.427963 -0.528628 -2.552863
0.030029 0.081177 0.999756 -0.308655 -0.603995 -2.566178
-0.016968 0.066162 0.974365 -0.137683 -0.770173 -2.540346
-0.052490 0.053589 0.926636 0.049001 -0.980826 -2.499068
-0.078369 0.038696 0.849487 0.181891 -1.132091 -2.483356
-0.130493 0.037231 0.784546 0.178961 -1.107324 -2.515047
-0.185669 0.036377 0.762329 0.018375 -0.908389 -2.571238
-0.267456 0.011353 0.783447 -0.245273 -0.610919 -2.618908
-0.374023 -0.009644 0.839600 -0.508123 -0.344873 -2.609055
-0.490967 -0.015503 0.920776 -0.675632 -0.215180 -2.500666
-0.559814 -0.030151 0.974365 -0.709454 -0.263116 -2.301198
-0.600708 -0.047607 0.991455 -0.641545 -0.401864 -2.071638
-0.624512 -0.039063 0.998901 -0.559787 -0.503862 -1.864181
-0.642700 -0.027832 0.989624 -0.517710 -0.509987 -1.690546
-0.658936 -0.002563 1.013306 -0.503063 -0.429028 -1.531824
-0.651123 0.036255 1.039429 -0.505193 -0.336352 -1.332090
-0.632324 0.067383 1.051025 -0.487883 -0.263116 -1.103862
-0.591309 0.081177 1.060913 -0.426897 -0.209321 -0.879627
-0.551392 0.105225 1.048950 -0.317976 -0.156591 -0.683622
-0.514771 0.123657 1.020630 -0.180293 -0.092144 -0.517177
-0.475098 0.134766 0.984375 -0.038349 -0.035686 -0.373369
-0.435181 0.145874 0.937012 0.089747 -0.005326 -0.249001
-0.382446 0.163086 0.877075 0.204261 -0.009587 -0.140879
-0.332031 0.184692 0.822388 0.286551 -0.025033 -0.047403
-0.280151 0.194946 0.762085 0.339015 -0.038349 0.037017
-0.229736 0.211914 0.693848 0.367510 -0.050599 0.107324
-0.182007 0.229004 0.635376 0.362184 -0.056724 0.165912
-0.148560 0.245361 0.584106 0.322770 -0.055393 0.222104
-0.110840 0.253296 0.543091 0.256991 -0.047137 0.277763
-0.072876 0.244507 0.493286 0.186152 -0.050866 0.312916
-0.052979 0.238892 0.452637 0.115579 -0.071372 0.310786
-0.049194 0.247925 0.417725 0.044740 -0.126232 0.284154
-0.042236 0.242432 0.369385 -0.054328 -0.200266 0.242876
-0.031372 0.241821 0.332153 -0.214115 -0.255393 0.184820
-0.043701 0.245850 0.320190 -0.438083 -0.272703 0.129161
-0.051025 0.242676 0.344971 -0.702264 -0.291878 0.107590
-0.045898 0.230225 0.381836 -0.969374 -0.343542 0.136352
-0.035522 0.214355 0.458618 -1.201065 -0.440213 0.227164
-0.011597 0.205566 0.520630 -1.353928 -0.591478 0.349667
0.028931 0.190674 0.583008 -1.430359 -0.741411 0.467377
0.063354 0.175659 0.630005 -1.448735 -0.849534 0.530493
0.101685 0.166748 0.666870 -1.437017 -0.888415 0.497470
0.122192 0.164185 0.703613 -1.460453 -0.833023 0.359787
0.106812 0.155029 0.763184 -1.560586 -0.709987 0.168575
0.069946 0.162109 0.862427 -1.710519 -0.630093 0.035153
0.063110 0.170532 0.973145 -1.851398 -0.655393 0.054061
0.111328 0.136353 1.079346 -1.933688 -0.790146 0.207190
0.174805 0.106323 1.143188 -1.930226 -0.931025 0.362450
0.244629 0.100586 1.188477 -1.883622 -0.977896 0.432224
0.274048 0.113770 1.308105 -1.846338 -0.900666 0.378961
0.302124 0.100830 1.303223 -1.801864 -0.706525 0.239414
0.299194 0.091064 1.448120 -1.799201 -0.542210 0.081758
0.292725 0.076416 1.568970 -1.710786 -0.449268 -0.037816
0.278564 0.079956 1.679932 -1.466578 -0.458855 -0.080160
0.368408 0.010498 1.676880 -1.134221 -0.587217 -0.063915
0.312622 0.050415 1.855103 -0.722770 -0.690546 -0.092943
0.403198 0.029297 1.680176 -0.186152 -0.846871 -0.086551
0.404907 0.092285 1.716187 0.126764 -0.841545 -0.173901
0.439209 0.119019 1.561401 0.373103 -0.727830 -0.244208
0.750122 0.125000 2.638550 0.544341 -0.269241 -0.309454
0.513306 0.165405 2.276001 1.310519 0.969640 -0.373635
0.358398 0.167114 1.288330 1.819174 1.396538 -0.360053
0.092407 0.276489 0.939941 1.431425 1.445539 -0.272437
0.077271 0.223633 0.641113 0.789880 1.532091 -0.117443
-0.036011 0.209229 0.921021 -0.195473 1.638615 0.068975
-0.014160 0.167603 0.918213 -0.624234 1.190413 0.214115
-0.011475 0.141479 0.980347 -0.675632 0.641278 0.273236
0.002197 0.152588 1.017090 -0.538748 0.051664 0.316911
0.058350 0.158325 0.971191 -0.277230 -0.500932 0.353662
0.107178 0.149170 0.936401 -0.087883 -0.888415 0.376831
0.175171 0.151978 0.874146 0.002929 -1.123302 0.364314
0.220459 0.163452 0.829468 0.002663 -1.125433 0.305193
0.236572 0.164551 0.809570 -0.065246 -0.963249 0.220240
0.235474 0.166870 0.800537 -0.151531 -0.736618 0.136352
0.228027 0.158081 0.812744 -0.228229 -0.514248 0.079893
0.224365 0.161621 0.752075 -0.272170 -0.333955 0.047670
0.192505 0.131958 0.809204 -0.329694 -0.110786 0.047137
0.196289 0.128052 0.760254 -0.386418 -0.015446 0.051398
0.197876 0.120605 0.685303 -0.425832 0.039414 0.069507
0.190918 0.101929 0.723145 -0.493209 0.085486 0.087617
0.204590 0.094604 0.781738 -0.565380 0.076964 0.098535
0.332397 0.069336 1.294922 -0.545672 -0.079627 0.081491
0.364014 0.061768 1.459961 -0.220506 0.132889 -0.043142
0.354248 0.097290 1.338013 0.185087 0.734221 -0.119041
0.288574 0.068604 1.075684 0.435952 0.697470 -0.142477
0.202515 0.063110 0.801880 0.433023 0.510786 -0.237017
0.143921 0.077026 0.789551 0.201065 0.313981 -0.235952
0.150513 0.065308 0.893677 -0.056724 0.258589 -0.217310
0.133301 0.039307 1.007813 -0.208522 0.358988 -0.195739
0.108398 0.039307 1.078979 -0.180826 0.438349 -0.122237
0.093506 0.051880 1.051758 -0.047137 0.390413 -0.009854
0.099365 0.050781 1.002319 0.090546 0.200799 0.111052
0.118652 0.062256 0.973511 0.190945 -0.011451 0.202397
0.139771 0.069458 0.967651 0.253795 -0.117443 0.261252
0.155273 0.084717 0.956543 0.293209 -0.116911 0.293209
0.156982 0.104492 0.957886 0.289747 -0.085752 0.311851
0.182129 0.105957 0.944702 0.259387 -0.083622 0.344341
0.201660 0.103516 0.942505 0.226365 -0.068176 0.359521
0.221680 0.103638 0.923828 0.189614 -0.018642 0.332091
0.216797 0.107178 0.927490 0.136085 0.071904 0.277230
0.206299 0.119873 0.929810 0.080160 0.158722 0.212783
0.191284 0.130005 0.948486 0.033822 0.222903 0.155526
0.182983 0.135864 0.945801 0.001332 0.252197 0.112383
0.170898 0.142578 0.957764 -0.011451 0.270839 0.083089
0.162598 0.142456 0.958374 -0.010652 0.264714 0.071105
0.159912 0.148682 0.949463 -0.002663 0.246338 0.073502
0.161987 0.157104 0.953247 0.000266 0.239947 0.077763
0.161987 0.149170 0.946533 -0.015446 0.248469 0.070040
0.156372 0.146240 0.948486 -0.048469 0.277763 0.038615
0.147583 0.143555 0.952271 -0.091611 0.305459 -0.008788
0.136963 0.134033 0.953369 -0.136618 0.318775 -0.055925
