0.932861 0.516968 0.261353 -0.184820 -1.499068 0.332091
0.982544 0.442139 0.249390 -0.176298 -1.511318 0.237550
0.976685 0.445557 0.246826 -0.113715 -1.489747 0.166178
0.982178 0.425781 0.235596 -0.057790 -1.484687 0.134221
0.996948 0.378662 0.209106 -0.021305 -1.459920 0.133156
0.996338 0.367920 0.199463 0.005859 -1.419707 0.137949
1.000977 0.351440 0.164917 0.020506 -1.376831 0.163782
0.994263 0.344604 0.145508 0.050067 -1.336618 0.195739
0.996094 0.332764 0.107178 0.105992 -1.318242 0.244474
1.002686 0.311768 0.066162 0.165912 -1.337683 0.319574
1.024780 0.290161 0.017456 0.221305 -1.400000 0.412250
1.051147 0.269165 -0.037231 0.249001 -1.501731 0.501731
1.082153 0.252930 -0.090698 0.239148 -1.593875 0.569108
1.091187 0.238892 -0.134888 0.218908 -1.702264 0.622104
1.106323 0.230225 -0.188232 0.197603 -1.845806 0.680160
1.122681 0.227051 -0.249268 0.162716 -1.988815 0.732357
1.129883 0.231079 -0.318481 0.115579 -2.099068 0.757656
1.136475 0.212036 -0.376709 0.041012 -2.157124 0.761385
1.132690 0.200928 -0.433838 -0.056192 -2.186684 0.747270
1.127686 0.198853 -0.476074 -0.182423 -2.217843 0.717443
1.118164 0.186523 -0.512085 -0.334221 -2.274035 0.680692
1.110718 0.166870 -0.533203 -0.496405 -2.343276 0.655925
1.111084 0.144287 -0.553589 -0.650599 -2.423169 0.652996
1.104370 0.134399 -0.571533 -0.798935 -2.492410 0.656192
1.100464 0.118286 -0.570313 -0.950200 -2.533422 0.651664
1.105713 0.097046 -0.585205 -1.104927 -2.545939 0.645007
1.107544 0.087891 -0.590210 -1.277763 -2.509188 0.627164
1.095459 0.078003 -0.583496 -1.472170 -2.436485 0.583755
1.083618 0.061279 -0.580078 -1.678296 -2.344607 0.528096
1.056396 0.042358 -0.556763 -1.883089 -2.246072 0.474834
1.024780 0.015625 -0.529541 -2.066312 -2.177896 0.446338
0.991577 -0.000366 -0.507690 -2.219174 -2.150466 0.446072
0.954590 -0.012451 -0.470947 -2.336884 -2.173369 0.467377
0.940186 -0.020386 -0.443726 -2.410919 -2.230093 0.519574
0.947266 -0.045288 -0.418335 -2.482024 -2.246871 0.588282
0.955811 -0.062134 -0.368530 -2.599467 -2.176298 0.645007
0.967407 -0.101074 -0.290283 -2.746471 -2.052463 0.686551
0.965576 -0.127441 -0.181885 -2.874035 -1.976565 0.718775
0.941040 -0.118774 -0.073730 -2.926232 -2.031691 0.760586
0.970215 -0.090820 -0.006836 -2.852730 -2.195473 0.878562
1.052246 -0.049927 0.017822 -2.688682 -2.356325 1.017044
1.154541 0.000488 0.028931 -2.537150 -2.352330 1.088149
1.249756 0.033936 0.052612 -2.489747 -2.123835 1.051664
1.309082 0.049316 0.099731 -2.557657 -1.720639 0.897204
1.315552 0.058960 0.173828 -2.657790 -1.245007 0.682557
1.280884 0.080322 0.266968 -2.684421 -0.816245 0.480160
1.214600 0.102417 0.369873 -2.611185 -0.490280 0.342477
1.191284 0.125122 0.432739 -2.419174 -0.319840 0.269507
1.166626 0.160767 0.487183 -2.161385 -0.267111 0.199467
1.148438 0.204956 0.503540 -1.866312 -0.299068 0.127563
1.140381 0.232300 0.496704 -1.565912 -0.323569 0.063116
1.130981 0.257202 0.472900 -1.281225 -0.292410 -0.007723
1.103394 0.283569 0.432373 -1.026365 -0.198402 -0.089214
1.064331 0.297485 0.396484 -0.804794 -0.056724 -0.183755
1.020630 0.297485 0.351807 -0.607457 0.105193 -0.287084
0.968872 0.292847 0.301758 -0.425300 0.259121 -0.387217
0.919312 0.277344 0.235718 -0.258056 0.406125 -0.479095
0.853882 0.272217 0.183838 -0.125965 0.560053 -0.570706
0.773926 0.275879 0.136841 -0.043941 0.669507 -0.655127
0.708740 0.270142 0.097900 -0.005326 0.715846 -0.708655
0.642090 0.259399 0.068604 0.013848 0.714514 -0.724367
0.577759 0.259155 0.039551 0.026631 0.667643 -0.709987
0.501953 0.270386 0.021484 0.038083 0.584021 -0.663116
0.452393 0.265991 -0.000610 0.075632 0.454061 -0.565380
0.420776 0.248535 -0.030884 0.145672 0.292410 -0.430892
0.398071 0.245361 -0.064087 0.225566 0.133955 -0.284953
0.378540 0.250366 -0.102783 0.289481 0.004527 -0.138482
0.364136 0.267700 -0.141235 0.308921 -0.070573 0.007723
0.336914 0.278442 -0.186523 0.288948 -0.078562 0.155792
0.321655 0.272095 -0.197754 0.241012 -0.040213 0.312650
0.316772 0.277100 -0.220093 0.185087 -0.007723 0.488682
0.319214 0.277344 -0.233521 0.114248 0.027430 0.680160
0.336548 0.255859 -0.226318 0.035686 0.049001 0.893742
0.386230 0.234131 -0.218506 -0.037550 0.036751 1.132623
0.480591 0.206299 -0.202515 -0.104660 0.035686 1.393342
0.593018 0.177856 -0.185059 -0.153928 0.069507 1.646338
0.697876 0.179077 -0.166504 -0.183489 0.164847 1.837017
0.804321 0.186279 -0.158691 -0.207723 0.316378 1.941944
0.885620 0.194214 -0.150269 -0.227696 0.511318 1.953395
0.947998 0.183105 -0.135620 -0.245806 0.686818 1.897470
1.014526 0.135132 -0.112915 -0.246072 0.772304 1.830360
1.082642 0.110352 -0.115112 -0.207723 0.757923 1.789081
1.167969 0.088989 -0.092407 -0.154461 0.699601 1.793076
1.265747 0.073364 -0.122192 -0.096671 0.625033 1.800533
1.351929 0.066406 -0.137207 -0.046072 0.607190 1.740879
1.399292 0.083618 -0.139160 -0.026365 0.675632 1.579760
1.407471 0.113403 -0.130981 -0.051664 0.753928 1.344874
1.415894 0.111938 -0.145264 -0.066578 0.785886 1.105193
1.436890 0.088013 -0.156006 -0.005593 0.774434 0.929960
1.451172 0.081055 -0.207031 0.104927 0.678828 0.818642
1.462280 0.095825 -0.255981 0.192543 0.519574 0.745672
1.485107 0.106201 -0.303955 0.214381 0.350732 0.688948
1.508667 0.098511 -0.322144 0.175499 0.243941 0.613049
1.514404 0.100830 -0.348267 0.091611 0.221039 0.505992
1.503540 0.104126 -0.339355 -0.049534 0.291611 0.372304
1.473511 0.091309 -0.310791 -0.215979 0.410120 0.232490
1.439087 0.083984 -0.261475 -0.365379 0.511052 0.111585
1.391113 0.067627 -0.200195 -0.470306 0.543276 0.022636
1.343140 0.059448 -0.149292 -0.518775 0.488149 -0.036218
1.325806 0.042603 -0.100708 -0.503329 0.358722 -0.073768
1.254028 0.117798 -0.050049 -0.429827 0.175766 -0.111851
1.227905 0.057983 -0.077271 -0.312916 -0.041811 -0.066312
1.250122 0.037598 -0.108398 -0.205326 -0.206924 -0.027164
1.203979 0.099854 -0.091309 -0.103329 -0.296937 -0.014647
1.215576 0.062988 -0.109009 -0.051664 -0.338216 0.025300
1.206421 0.082397 -0.112549 -0.031158 -0.303862 0.027963
1.180420 0.074707 -0.104126 -0.035153 -0.210652 0.017044
1.162842 0.061279 -0.105469 -0.066045 -0.102264 -0.006658
1.123901 0.068359 -0.075684 -0.086285 -0.005326 -0.037284
1.098511 0.052002 -0.077515 -0.080426 0.035952 -0.047936
1.073608 0.058472 -0.073242 -0.047670 0.028495 -0.047137
1.049194 0.070313 -0.076416 0.001332 -0.021571 -0.029028
1.048218 0.064453 -0.082886 0.047936 -0.078029 0.001065
1.051270 0.074585 -0.096069 0.087350 -0.099068 0.013316
1.051147 0.073608 -0.098267 0.110253 -0.072170 0.015180
1.059814 0.065308 -0.096924 0.115047 -0.013316 0.005859
1.060303 0.067139 -0.086792 0.107324 0.064447 -0.017310
1.052612 0.062622 -0.081055 0.100666 0.141944 -0.046338
1.034058 0.062012 -0.072266 0.112916 0.202929 -0.085486
1.014404 0.059082 -0.064209 0.152064 0.214381 -0.123835
0.995117 0.056152 -0.076050 0.209321 0.161119 -0.151265
0.982666 0.061401 -0.089844 0.268708 0.056192 -0.167244
0.979614 0.064209 -0.117065 0.308921 -0.062051 -0.168575
0.984741 0.072876 -0.134766 0.315047 -0.145406 -0.165379
0.988037 0.073364 -0.161499 0.290013 -0.173635 -0.163249
0.992065 0.072510 -0.174805 0.236485 -0.137949 -0.165912
0.982178 0.078003 -0.176392 0.172304 -0.065513 -0.173635
0.974243 0.074219 -0.176025 0.117443 0.027963 -0.170706
0.970459 0.068359 -0.179565 0.082290 0.124634 -0.155526
0.960205 0.061279 -0.178345 0.061784 0.202929 -0.127830
0.947876 0.056396 -0.176514 0.048469 0.241545 -0.094807
0.937500 0.051636 -0.177246 0.043142 0.232490 -0.063915
0.926025 0.053223 -0.169678 0.048202 0.178695 -0.032756
0.924927 0.055054 -0.174072 0.064714 0.083888 -0.002130
0.939819 0.053955 -0.178467 0.079893 -0.017044 0.025300
0.960205 0.054565 -0.179321 0.078828 -0.078828 0.044208
0.976685 0.059326 -0.184448 0.061252 -0.087883 0.047936
0.986816 0.061035 -0.185547 0.031691 -0.052730 0.037284
0.982422 0.051758 -0.180176 0.008788 -0.003462 0.022636
0.983398 0.051270 -0.177490 -0.001864 0.039414 0.007723
0.980835 0.047607 -0.166870 -0.009055 0.061252 0.005859
0.985718 0.046387 -0.161621 -0.014381 0.053262 0.008522
0.987061 0.054565 -0.162476 -0.013049 0.037816 0.005326
0.994629 0.063599 -0.162476 -0.012783 0.029827 -0.012783
0.997925 0.060791 -0.159790 -0.009854 0.026631 -0.035153
0.998657 0.053467 -0.160156 -0.000266 0.025566 -0.044208
0.995728 0.055298 -0.166992 0.005593 0.018375 -0.039414
0.991821 0.057007 -0.161255 0.009055 -0.003728 -0.025832
0.998535 0.057739 -0.164795 0.007190 -0.032756 -0.010386
1.002930 0.062500 -0.168335 -0.001332 -0.045806 -0.001065
