1.043945 0.382568 0.261108 -0.559787 0.711052 -0.251664
1.084839 0.322510 0.245239 -0.646338 0.681491 -0.337417
1.053955 0.334839 0.282104 -0.678562 0.596272 -0.449268
1.038330 0.336792 0.314453 -0.662051 0.364581 -0.508389
1.048096 0.337158 0.327148 -0.584554 0.038349 -0.495606
1.099609 0.337891 0.317749 -0.466844 -0.306525 -0.453262
1.168213 0.329468 0.279175 -0.369108 -0.577630 -0.419174
1.223022 0.321777 0.265625 -0.324368 -0.748069 -0.417577
1.268677 0.316772 0.236206 -0.340346 -0.847670 -0.465779
1.282959 0.338745 0.225464 -0.418908 -0.880692 -0.581625
1.273193 0.341675 0.238403 -0.544873 -0.885486 -0.729427
1.264404 0.329468 0.269775 -0.687350 -0.904927 -0.871904
1.254150 0.313599 0.299805 -0.816778 -0.952863 -1.005060
1.241455 0.297607 0.353760 -0.922770 -1.022903 -1.124634
1.232544 0.270630 0.393921 -1.005859 -1.129960 -1.232756
1.211670 0.256836 0.431519 -1.065246 -1.243409 -1.347537
1.181030 0.249268 0.460449 -1.098802 -1.339281 -1.465779
1.142334 0.236328 0.486450 -1.115579 -1.396804 -1.576032
1.099365 0.218506 0.513672 -1.140080 -1.434620 -1.672170
1.053345 0.208374 0.543945 -1.183489 -1.467643 -1.760852
1.003418 0.207642 0.569702 -1.235952 -1.513715 -1.834620
0.951782 0.195435 0.592896 -1.282557 -1.540612 -1.905726
0.889404 0.195190 0.609741 -1.322770 -1.533955 -1.986152
0.812256 0.208740 0.633667 -1.352597 -1.509720 -2.057523
0.731079 0.211426 0.661987 -1.357656 -1.485486 -2.084953
0.645630 0.221924 0.671387 -1.328362 -1.479095 -2.062583
0.571533 0.244873 0.675171 -1.265513 -1.506258 -2.005060
0.526001 0.258057 0.652588 -1.207190 -1.548868 -1.927297
0.478516 0.260010 0.657349 -1.225832 -1.553129 -1.855127
0.430298 0.257813 0.644165 -1.319308 -1.523835 -1.828495
0.372314 0.251099 0.672363 -1.480959 -1.407989 -1.834354
0.292847 0.248901 0.726440 -1.639148 -1.286285 -1.829827
0.224854 0.239136 0.807983 -1.746471 -1.232756 -1.778695
0.166992 0.228271 0.878906 -1.754461 -1.294541 -1.653262
0.127808 0.228149 0.934082 -1.623169 -1.444740 -1.472437
0.107422 0.248535 0.951782 -1.375766 -1.650599 -1.270306
0.098877 0.266479 0.937500 -1.063648 -1.859920 -1.074834
0.115356 0.285278 0.901855 -0.750466 -2.046871 -0.899867
0.145874 0.292114 0.841553 -0.490812 -2.152863 -0.753928
0.176758 0.312378 0.764648 -0.316378 -2.136618 -0.648469
0.199097 0.328979 0.691528 -0.242610 -1.966711 -0.576565
0.197998 0.330566 0.638306 -0.242610 -1.666312 -0.515313
0.180176 0.329590 0.584595 -0.270040 -1.317976 -0.438615
0.163940 0.313354 0.544312 -0.290812 -0.977097 -0.335286
0.131714 0.307495 0.508301 -0.276698 -0.689747 -0.207457
0.120239 0.299316 0.466797 -0.241278 -0.493209 -0.055659
0.106323 0.290894 0.431152 -0.204261 -0.386152 0.104660
0.088989 0.288330 0.397095 -0.164581 -0.374168 0.264714
0.076904 0.296021 0.374023 -0.107590 -0.459654 0.433555
0.086548 0.289551 0.351196 -0.046605 -0.649534 0.607989
0.129395 0.260376 0.322876 -0.005593 -0.910519 0.781358
0.191772 0.248901 0.291626 0.002663 -1.177097 0.935819
0.255005 0.233643 0.273804 -0.028495 -1.378695 1.051398
0.309204 0.230469 0.251953 -0.096138 -1.481491 1.109454
0.323730 0.261108 0.246460 -0.190146 -1.467643 1.123569
0.333618 0.284302 0.251831 -0.293742 -1.380559 1.150999
0.364258 0.278564 0.267578 -0.408788 -1.251132 1.214913
0.402832 0.270386 0.284668 -0.520639 -1.104927 1.309188
0.461182 0.270508 0.306274 -0.594407 -0.963782 1.447403
0.551147 0.258057 0.320557 -0.632756 -0.830093 1.618642
0.657837 0.264404 0.324341 -0.663116 -0.686019 1.784554
0.752563 0.295532 0.331787 -0.728629 -0.506258 1.912650
0.845459 0.346436 0.349731 -0.854328 -0.270839 1.987483
0.936768 0.334839 0.419922 -1.023435 0.023435 2.019707
1.045410 0.316895 0.483032 -1.197071 0.231158 1.996272
1.156494 0.333984 0.525879 -1.267110 0.417577 1.961385
1.275879 0.348511 0.572144 -1.262051 0.615180 1.921971
1.385986 0.347656 0.591797 -1.198402 0.853529 1.862583
1.463623 0.343262 0.617188 -1.119840 1.052730 1.737683
1.502808 0.376953 0.642090 -1.060453 1.186418 1.500399
1.503174 0.387573 0.662476 -1.005859 1.239680 1.187483
1.488647 0.375610 0.683228 -0.938216 1.154993 0.861252
1.460205 0.368774 0.710693 -0.851132 0.952597 0.564048
1.423584 0.348755 0.725220 -0.741944 0.656991 0.343542
1.394165 0.329956 0.727539 -0.615446 0.281491 0.209055
1.388306 0.322388 0.698975 -0.486019 -0.068176 0.128895
1.399658 0.252563 0.669922 -0.374700 -0.290280 0.067909
1.418091 0.325195 0.680542 -0.285752 -0.376831 -0.026099
1.398560 0.288818 0.639893 -0.185885 -0.354194 -0.174434
1.346313 0.295532 0.607544 -0.126498 -0.235952 -0.304394
1.356689 0.273071 0.619263 -0.111318 -0.058855 -0.391212
1.528076 0.367432 0.650757 -0.059121 0.044740 -0.528628
1.689209 0.393066 0.659912 0.085486 0.376565 -0.802929
1.156372 0.397705 0.657715 0.089747 0.756059 -1.078029
0.969971 0.212036 0.546387 -0.071105 0.628495 -0.996005
0.837891 0.118164 0.510132 -0.208522 0.455393 -0.677497
0.789917 0.166748 0.526978 -0.278562 0.198136 -0.364581
0.808228 0.179199 0.533325 -0.263382 -0.017577 -0.103595
0.839111 0.168945 0.526978 -0.170706 -0.122237 0.058589
0.847900 0.173218 0.512085 -0.071105 -0.126232 0.138748
0.838379 0.169312 0.507690 0.002929 -0.065779 0.203196
0.830444 0.156372 0.494873 0.060985 -0.006924 0.272437
0.820679 0.147827 0.478027 0.102530 0.017843 0.327031
0.805786 0.144043 0.460205 0.139814 0.013316 0.352064
0.798584 0.152832 0.436279 0.176298 -0.017044 0.343542
0.778442 0.170532 0.415039 0.210919 -0.068176 0.315313
0.768311 0.182373 0.385132 0.239148 -0.126764 0.291345
0.758423 0.185425 0.358521 0.251398 -0.169374 0.285752
0.746948 0.184448 0.345703 0.238083 -0.196005 0.299867
0.743164 0.174805 0.345947 0.211984 -0.226099 0.320639
0.733521 0.177124 0.341797 0.188549 -0.270573 0.340879
0.750488 0.163330 0.349731 0.180027 -0.332889 0.358455
0.960815 0.189087 0.424194 0.203995 -0.415979 0.313981
1.119019 0.287842 0.458862 0.286285 -0.464980 0.087084
1.149170 0.346802 0.422729 0.347270 -0.452197 -0.251664
1.040161 0.318970 0.412231 0.321438 -0.330759 -0.514780
0.906738 0.243286 0.391235 0.218908 -0.254594 -0.607190
0.822021 0.218140 0.402954 0.111052 -0.207723 -0.541678
0.798340 0.185425 0.406006 0.073236 -0.208256 -0.390413
0.782349 0.183960 0.455444 0.133422 -0.225033 -0.251664
0.822754 0.224854 0.455322 0.272170 -0.305193 -0.128362
0.880249 0.250732 0.476563 0.447670 -0.405060 -0.053529
0.909668 0.246948 0.423096 0.602130 -0.532889 -0.065779
0.900635 0.265991 0.391846 0.664714 -0.579760 -0.098535
0.916382 0.249268 0.302979 0.654594 -0.693475 -0.101997
0.906982 0.259521 0.311523 0.581358 -0.684421 -0.128628
0.904297 0.250610 0.298706 0.481225 -0.687084 -0.167776
0.891602 0.235962 0.278442 0.411185 -0.694274 -0.233023
0.878174 0.248169 0.278809 0.362184 -0.673236 -0.301731
0.912109 0.269043 0.283569 0.336618 -0.626897 -0.340346
0.933838 0.269897 0.282471 0.324634 -0.549401 -0.362983
0.951294 0.279785 0.275269 0.312384 -0.456724 -0.371505
0.964966 0.300171 0.293335 0.312384 -0.374967 -0.365113
0.958130 0.286499 0.261719 0.323835 -0.343542 -0.342477
0.922729 0.294189 0.233887 0.308921 -0.329960 -0.309454
0.914307 0.301880 0.239746 0.284953 -0.368842 -0.256724
0.931519 0.308105 0.244263 0.251931 -0.463648 -0.202663
0.942261 0.291382 0.220215 0.241545 -0.616245 -0.161385
0.940918 0.299316 0.216919 0.241545 -0.743542 -0.140613
0.944336 0.305908 0.200317 0.238615 -0.784820 -0.104927
0.953979 0.298340 0.189453 0.209321 -0.752064 -0.066578
0.960938 0.303711 0.180786 0.171771 -0.687084 -0.043675
0.955688 0.302246 0.168213 0.139281 -0.596005 -0.023435
0.954102 0.305420 0.160522 0.108389 -0.487617 -0.010919
0.954224 0.292603 0.166992 0.090013 -0.403196 0.004527
0.958252 0.304321 0.174072 0.101997 -0.365113 0.005859
0.965332 0.301880 0.180664 0.128628 -0.344075 0.002397
0.980103 0.300049 0.180176 0.142210 -0.307856 0.009321
0.978638 0.298462 0.178589 0.121704 -0.232756 0.019973
0.971191 0.303833 0.180054 0.064181 -0.148602 0.039947
0.970825 0.304810 0.177734 0.001864 -0.079627 0.066045
0.960938 0.304443 0.184570 -0.042876 -0.020506 0.082557
0.952515 0.302856 0.178955 -0.067377 0.017843 0.094807
0.943237 0.304810 0.185547 -0.090812 0.059121 0.097736
0.935303 0.304077 0.194702 -0.102530 0.101731 0.091345
0.926392 0.302002 0.203735 -0.090812 0.125433 0.088149
0.926270 0.307251 0.194458 -0.066312 0.128362 0.095073
0.932129 0.300537 0.201294 -0.054860 0.130226 0.109987
0.936768 0.308350 0.194824 -0.050067 0.135286 0.116644
0.937988 0.312622 0.207642 -0.060985 0.155260 0.116112
