0.398560 0.297852 0.926758 -0.089214 0.229561 -0.073768
0.470947 0.251587 0.884277 -0.114514 0.282557 -0.132889
0.480713 0.254517 0.911987 -0.148336 0.342743 -0.233023
0.479248 0.256470 0.942383 -0.166977 0.276431 -0.343009
0.523804 0.246704 0.964111 -0.123835 0.051931 -0.387750
0.616089 0.266113 0.934692 0.001598 -0.237284 -0.364581
0.726074 0.316040 0.862427 0.186418 -0.449800 -0.298535
0.862793 0.331787 0.771851 0.364048 -0.524101 -0.249534
0.969604 0.348877 0.672119 0.492144 -0.471105 -0.317710
0.995728 0.383911 0.601807 0.537683 -0.359787 -0.524634
0.961792 0.440552 0.587769 0.521704 -0.324634 -0.790413
0.923462 0.465332 0.608154 0.453529 -0.456724 -1.019174
0.926514 0.462036 0.636108 0.341411 -0.744874 -1.163782
0.992310 0.427246 0.638916 0.195739 -1.131558 -1.268975
1.073364 0.380737 0.658569 -0.026631 -1.429028 -1.407190
1.124268 0.308350 0.686157 -0.299334 -1.539814 -1.623968
1.130981 0.250122 0.727295 -0.558189 -1.471638 -1.927830
1.081055 0.201294 0.783813 -0.776032 -1.297736 -2.274567
0.987427 0.155762 0.859497 -0.925699 -1.080426 -2.595473
0.895630 0.114868 0.950195 -0.971505 -0.941411 -2.822903
0.822144 0.067993 1.006226 -0.934487 -0.929427 -2.940080
0.763184 0.002930 1.061157 -0.858056 -1.002131 -2.978695
0.719849 -0.047363 1.084473 -0.745140 -1.127297 -2.993608
0.666382 -0.087402 1.109741 -0.618642 -1.220240 -3.008788
0.614624 -0.115112 1.124756 -0.501997 -1.275366 -3.029827
0.569824 -0.148071 1.138672 -0.403995 -1.297736 -3.059920
0.507935 -0.195923 1.140259 -0.323036 -1.300932 -3.099068
0.412842 -0.223877 1.139771 -0.239947 -1.299867 -3.159521
0.298218 -0.240967 1.120117 -0.117443 -1.313715 -3.226631
0.189331 -0.260132 1.077515 0.004794 -1.372570 -3.304394
0.039063 -0.279907 1.062744 0.071372 -1.455659 -3.438349
-0.068115 -0.319946 1.021118 0.074567 -1.558455 -3.621838
-0.216309 -0.350220 1.022827 -0.079095 -1.645007 -3.853262
-0.360474 -0.361816 1.013916 -0.320905 -1.637017 -4.017577
-0.508301 -0.395630 1.076416 -0.649268 -1.512916 -4.011451
-0.657715 -0.445313 1.183350 -0.984554 -1.351265 -3.776298
-0.799194 -0.392212 1.273560 -1.182956 -1.250067 -3.335553
-0.855835 -0.339600 1.357056 -1.192810 -1.173635 -2.737150
-0.865723 -0.302368 1.423462 -1.035419 -1.091345 -2.113449
-0.834473 -0.264282 1.468994 -0.805593 -1.013049 -1.559254
-0.742432 -0.212769 1.486206 -0.556858 -0.929161 -1.099867
-0.640381 -0.144043 1.488647 -0.278562 -0.792810 -0.761385
-0.544800 -0.091064 1.449707 -0.002929 -0.574967 -0.506791
-0.463135 -0.026855 1.385864 0.253795 -0.294008 -0.287084
-0.404663 0.021851 1.290283 0.485220 0.046338 -0.069507
-0.329712 0.058472 1.138916 0.656991 0.454860 0.139281
-0.297119 0.051636 1.077393 0.692676 0.899068 0.320639
-0.263306 0.063477 1.026978 0.675632 1.267377 0.455659
-0.256104 0.068970 0.967773 0.686019 1.517710 0.559254
-0.235962 0.047974 0.939697 0.698003 1.636218 0.651132
-0.218994 0.026733 0.891357 0.786152 1.598668 0.743276
-0.191284 0.012695 0.827271 0.949401 1.419174 0.824501
-0.158691 -0.009277 0.762939 1.152330 1.113182 0.892676
-0.119141 -0.023071 0.667358 1.364847 0.718775 0.933156
-0.076416 0.004395 0.549438 1.543542 0.322237 0.941944
-0.011230 0.057251 0.408936 1.625832 0.002130 0.935819
0.047119 0.099976 0.293579 1.575499 -0.145939 0.906525
0.090332 0.147583 0.197144 1.406924 -0.115047 0.851398
0.121216 0.207275 0.123413 1.137150 0.053529 0.790679
0.131958 0.265747 0.091309 0.815446 0.311318 0.750732
0.134155 0.297852 0.032227 0.507590 0.576831 0.719308
0.097290 0.359375 0.021973 0.208522 0.834621 0.676431
0.058472 0.430054 -0.015869 -0.083356 1.006658 0.640213
0.003906 0.480103 0.011719 -0.396272 1.079361 0.623968
-0.013062 0.460571 0.061401 -0.690812 0.973369 0.641278
-0.006104 0.421997 0.115234 -0.920373 0.686551 0.652996
0.001953 0.427368 0.182495 -1.113182 0.299601 0.623702
0.030151 0.416016 0.250000 -1.315845 -0.091877 0.583489
0.073853 0.366699 0.353027 -1.531824 -0.406924 0.524634
0.076782 0.357544 0.469849 -1.727563 -0.621838 0.430360
0.058350 0.396240 0.573975 -1.869774 -0.762716 0.367776
0.078735 0.392212 0.677246 -1.974434 -0.843409 0.396804
0.140503 0.377319 0.781128 -2.060186 -0.857523 0.460985
0.218384 0.373291 0.905273 -2.182956 -0.776565 0.494008
0.296387 0.332031 1.084473 -2.365380 -0.597071 0.492144
0.359009 0.262451 1.308838 -2.559521 -0.418908 0.462317
0.391479 0.188354 1.520874 -2.661784 -0.333422 0.413316
0.378906 0.152588 1.701294 -2.566178 -0.343808 0.350466
0.352295 0.147583 1.837280 -2.239148 -0.441545 0.279361
0.349976 0.158081 1.862427 -1.772304 -0.599467 0.210919
0.352173 0.190918 1.850098 -1.280959 -0.720639 0.144075
0.369019 0.231445 1.758545 -0.831957 -0.777364 0.122237
0.381714 0.261963 1.716553 -0.504128 -0.763515 0.145672
0.428833 0.278564 1.598633 -0.294008 -0.671105 0.178429
0.500854 0.287231 1.512085 -0.273768 -0.408788 0.170173
0.447021 0.405762 1.520264 -0.363515 -0.020506 0.112916
0.420776 0.269531 1.469238 -0.445806 0.413848 0.116112
0.427368 0.256592 1.496948 -0.550466 0.701198 0.062317
0.352051 0.273071 1.472656 -0.481758 0.816778 0.007989
0.333008 0.213135 1.463989 -0.387750 0.742210 -0.002130
0.307617 0.223022 1.408447 -0.226897 0.533688 -0.010919
0.302979 0.219360 1.357544 -0.064980 0.311585 -0.024501
0.327881 0.217896 1.294556 0.061518 0.099068 -0.041545
0.322021 0.222290 1.252808 0.152064 0.025832 -0.073236
0.306152 0.215942 1.177368 0.188549 -0.006125 -0.085220
0.309692 0.189697 1.115601 0.183755 -0.022903 -0.066045
0.320190 0.188354 1.062622 0.137150 -0.007989 -0.066578
0.304199 0.171021 1.030884 0.078296 0.075632 -0.088149
0.290527 0.152832 1.011108 0.014381 0.178961 -0.120639
0.253540 0.140503 1.008057 -0.014381 0.252197 -0.146738
0.217407 0.116577 1.011230 -0.010652 0.254860 -0.145140
0.190063 0.095581 1.007935 0.040479 0.175499 -0.111318
0.178467 0.084106 0.990845 0.144607 0.041278 -0.052197
0.179077 0.095703 0.950439 0.261518 -0.093475 0.013582
0.198364 0.110840 0.921387 0.336884 -0.182690 0.068442
0.213013 0.121582 0.891113 0.352863 -0.215979 0.098003
0.230835 0.138306 0.873779 0.315579 -0.197071 0.107324
0.242432 0.153076 0.869873 0.238083 -0.142743 0.103595
0.246582 0.153931 0.876099 0.157656 -0.079893 0.087617
0.248657 0.155762 0.882202 0.104394 -0.022903 0.063116
0.243164 0.170532 0.894165 0.081225 0.016245 0.039947
0.247314 0.171875 0.891846 0.075632 0.034354 0.025300
0.245850 0.164307 0.896118 0.072969 0.038881 0.004261
0.239502 0.160767 0.900757 0.063116 0.035153 -0.027430
0.231445 0.158447 0.904541 0.041811 0.025832 -0.060186
0.218750 0.155518 0.906250 0.022636 0.019174 -0.079095
0.208008 0.150635 0.907715 0.014647 0.021039 -0.082823
0.210083 0.150146 0.903687 0.013848 0.031158 -0.078296
0.199097 0.165649 0.909180 0.007723 0.059121 -0.079361
0.192993 0.168701 0.908691 0.000799 0.080160 -0.066844
0.184937 0.166626 0.910889 0.005859 0.080160 -0.044740
0.189697 0.164673 0.911743 0.014913 0.057257 -0.023169
0.196289 0.161499 0.908203 0.017044 0.021039 -0.008522
0.195801 0.170654 0.905029 0.002663 -0.005060 0.002130
0.202271 0.171753 0.908081 -0.020506 -0.015712 0.010120
0.201904 0.160278 0.906616 -0.032490 -0.016245 0.016245
0.204712 0.168213 0.906982 -0.035153 -0.009055 0.022104
0.201782 0.176025 0.908813 -0.046871 -0.005593 0.031425
0.209351 0.174805 0.907715 -0.065246 -0.004261 0.039947
0.217407 0.169067 0.907104 -0.085752 -0.002929 0.040746
0.213867 0.167847 0.904785 -0.100666 -0.004794 0.034354
0.213745 0.177124 0.918579 -0.115047 -0.011984 0.023968
0.220093 0.177002 0.921997 -0.133156 -0.027164 0.008256
0.222168 0.169800 0.931641 -0.143009 -0.041545 -0.007989
0.223999 0.167847 0.934082 -0.136085 -0.055925 -0.017310
0.227295 0.159180 0.929565 -0.120905 -0.059121 -0.017310
0.228516 0.171631 0.927002 -0.107057 -0.046871 -0.016778
0.232178 0.176392 0.926514 -0.097204 -0.023435 -0.014381
0.235596 0.172852 0.919434 -0.095606 0.011185 -0.018908
0.232544 0.168213 0.914551 -0.102796 0.042077 -0.031425
0.225586 0.168701 0.924438 -0.123036 0.068176 -0.045806
0.219971 0.162720 0.932739 -0.148336 0.081491 -0.052463
0.207275 0.156738 0.940430 -0.161119 0.076165 -0.057523
0.199951 0.146240 0.949585 -0.156325 0.057257 -0.060186
0.197998 0.149170 0.946045 -0.138748 0.033555 -0.056991
0.198242 0.151245 0.946411 -0.137949 0.018908 -0.046871
0.201538 0.152710 0.952026 -0.148336 0.014381 -0.038349
0.203735 0.146851 0.961304 -0.154194 0.014381 -0.024501
0.209473 0.147949 0.962402 -0.153129 0.013316 -0.010120
0.210449 0.152100 0.962158 -0.137949 0.018375 -0.001065
