0.222046 0.403442 0.911011 -0.369907 0.118242 0.097204
0.305908 0.362915 0.857788 -0.386418 0.014913 0.098003
0.342285 0.376709 0.850830 -0.378429 0.009055 0.043409
0.370361 0.370117 0.856445 -0.364314 0.035952 -0.050333
0.404663 0.350342 0.876831 -0.321438 0.099068 -0.115579
0.388062 0.357666 0.903809 -0.222636 0.158189 -0.137417
0.409912 0.369629 0.903931 -0.134221 0.198668 -0.089214
0.472778 0.344727 0.900635 -0.060453 0.217310 -0.002929
0.527954 0.350342 0.889282 -0.021838 0.231691 0.062051
0.583130 0.358765 0.891846 -0.017843 0.236485 0.103063
0.639771 0.344116 0.895142 -0.021571 0.200266 0.103329
0.690552 0.324829 0.895508 -0.004261 0.100932 0.031425
0.735352 0.315430 0.894409 0.050333 -0.059920 -0.073768
0.806885 0.292725 0.884277 0.130226 -0.262583 -0.172037
0.886108 0.283203 0.832886 0.215979 -0.443409 -0.285220
0.924072 0.304321 0.759399 0.276698 -0.490280 -0.457523
0.906006 0.334961 0.726440 0.282024 -0.371771 -0.684154
0.875854 0.356934 0.720581 0.233555 -0.232490 -0.861252
0.858398 0.376099 0.722656 0.160586 -0.185353 -0.941944
0.866577 0.381226 0.727783 0.092144 -0.236751 -0.972304
0.887451 0.384644 0.718750 0.038615 -0.327563 -1.009853
0.900024 0.378296 0.723999 -0.021039 -0.413848 -1.095073
0.891846 0.364990 0.734009 -0.101198 -0.495073 -1.231691
0.862671 0.345215 0.764160 -0.183755 -0.573901 -1.411984
0.823364 0.324219 0.797974 -0.251132 -0.658056 -1.609854
0.786865 0.298340 0.824829 -0.290812 -0.747004 -1.796005
0.751221 0.273071 0.845581 -0.310253 -0.817044 -1.990413
0.671509 0.290894 0.853149 -0.316112 -0.862850 -2.182157
0.625610 0.263916 0.885132 -0.319840 -0.874834 -2.299601
0.566284 0.229004 0.947266 -0.310253 -0.905459 -2.390146
0.490967 0.192627 1.001831 -0.257790 -1.007190 -2.457790
0.429199 0.164673 1.033081 -0.144607 -1.193875 -2.494008
0.378784 0.168091 1.044556 -0.033289 -1.413049 -2.514248
0.346680 0.165527 1.026001 -0.017310 -1.577630 -2.547803
0.302002 0.176392 1.035522 -0.142210 -1.581358 -2.623169
0.225830 0.171631 1.074951 -0.347004 -1.469241 -2.722770
0.110840 0.170166 1.140137 -0.510253 -1.328096 -2.820240
-0.022217 0.163940 1.191162 -0.522237 -1.255925 -2.883089
-0.132080 0.166260 1.210449 -0.393342 -1.272437 -2.904660
-0.223633 0.169434 1.181152 -0.226365 -1.315047 -2.895872
-0.301392 0.169434 1.144043 -0.097736 -1.305726 -2.854860
-0.377686 0.167969 1.108032 -0.037550 -1.230626 -2.764580
-0.452515 0.163940 1.078125 -0.038349 -1.107057 -2.623435
-0.516968 0.159058 1.065186 -0.042344 -0.985619 -2.433822
-0.554688 0.146606 1.038940 -0.023702 -0.925699 -2.191212
-0.564697 0.145386 1.012451 0.009854 -0.911585 -1.932889
-0.545654 0.161011 0.971069 0.047936 -0.887350 -1.675899
-0.514526 0.168335 0.926025 0.059387 -0.802397 -1.430626
-0.483521 0.174072 0.890381 0.046072 -0.649534 -1.202397
-0.455078 0.190796 0.844849 0.055659 -0.481758 -0.988282
-0.427856 0.208252 0.794067 0.089747 -0.340080 -0.791744
-0.400146 0.222412 0.722412 0.147803 -0.240213 -0.618908
-0.372314 0.242432 0.641968 0.227430 -0.175499 -0.468708
-0.350220 0.274048 0.541382 0.281758 -0.124634 -0.348069
-0.323853 0.305786 0.458862 0.262850 -0.085220 -0.272703
-0.298828 0.327881 0.408447 0.185619 -0.068442 -0.217843
-0.264526 0.346802 0.375488 0.067377 -0.082557 -0.157390
-0.233032 0.352173 0.361938 -0.067643 -0.112916 -0.081758
-0.181030 0.354858 0.356079 -0.190413 -0.149933 -0.008256
-0.119751 0.360962 0.338989 -0.304660 -0.159787 0.042876
-0.078003 0.358276 0.335693 -0.417044 -0.117710 0.063382
-0.057739 0.354980 0.335449 -0.522237 -0.047936 0.051931
-0.051270 0.353760 0.330933 -0.619707 0.025033 0.027963
-0.062500 0.366089 0.330078 -0.714780 0.084953 0.005326
-0.073608 0.387329 0.334717 -0.829561 0.120905 0.003462
-0.064697 0.390747 0.364868 -0.967510 0.100666 0.052996
-0.028564 0.364258 0.414063 -1.104661 0.012783 0.143808
0.033813 0.328491 0.460571 -1.218375 -0.112383 0.221039
0.084106 0.287842 0.518188 -1.323036 -0.213848 0.240213
0.111694 0.233032 0.592773 -1.408256 -0.293209 0.191744
0.119019 0.212036 0.660278 -1.445806 -0.359521 0.103329
0.117188 0.218628 0.714478 -1.462317 -0.393342 0.016511
0.092407 0.250732 0.772949 -1.496138 -0.355260 -0.037550
0.056396 0.284912 0.834473 -1.554194 -0.236218 -0.027696
0.042603 0.304932 0.906250 -1.592543 -0.108123 0.080959
0.057861 0.306396 0.979736 -1.584554 -0.029294 0.279361
0.120239 0.319702 1.026611 -1.548602 -0.022903 0.485486
0.200806 0.327026 1.088501 -1.513715 -0.076165 0.646605
0.296997 0.317627 1.160645 -1.504660 -0.168842 0.707590
0.369263 0.318726 1.249756 -1.543808 -0.252463 0.642876
0.392822 0.336548 1.337891 -1.579494 -0.292410 0.501198
0.401245 0.355835 1.418213 -1.559521 -0.271372 0.345140
0.406494 0.356812 1.478638 -1.472969 -0.193342 0.207457
0.405884 0.351929 1.519165 -1.352863 -0.078296 0.098802
0.390259 0.360229 1.534180 -1.234887 0.052463 0.020240
0.387451 0.339722 1.541992 -1.127563 0.175766 -0.028495
0.372192 0.329834 1.534912 -1.022903 0.276165 -0.074301
0.352539 0.307251 1.528687 -0.912650 0.355526 -0.124101
0.324951 0.287109 1.508911 -0.785619 0.401864 -0.179228
0.293335 0.271118 1.473633 -0.642610 0.410120 -0.224234
0.273071 0.241699 1.422485 -0.486019 0.384288 -0.245539
0.249512 0.236572 1.363281 -0.340346 0.346471 -0.251664
0.222656 0.229614 1.292969 -0.232756 0.310786 -0.238615
0.204712 0.216553 1.232788 -0.168043 0.295872 -0.206924
0.188232 0.205322 1.186401 -0.141145 0.282024 -0.159254
0.177856 0.201294 1.158081 -0.144873 0.258322 -0.099068
0.173462 0.189941 1.140137 -0.160320 0.218109 -0.037017
0.180176 0.192749 1.116333 -0.166711 0.170972 0.019441
0.185669 0.204224 1.093140 -0.153129 0.132091 0.064980
0.197876 0.208984 1.075195 -0.129694 0.105459 0.092676
0.204712 0.209595 1.049805 -0.105459 0.093475 0.090812
0.208984 0.215210 1.037354 -0.082823 0.087350 0.072969
0.202759 0.218140 1.017456 -0.070040 0.079893 0.047137
0.200928 0.213623 1.011597 -0.061252 0.063915 0.026631
0.197266 0.206299 1.010132 -0.043409 0.036485 0.010919
0.200562 0.196655 1.000854 -0.006924 0.009321 -0.003462
0.204712 0.193359 0.986572 0.033822 -0.006125 -0.018109
0.201294 0.195557 0.978394 0.058056 -0.002663 -0.026897
0.206665 0.195923 0.968018 0.063382 0.021305 -0.032490
0.208740 0.198730 0.962524 0.053529 0.065246 -0.040479
0.203003 0.192749 0.959351 0.039414 0.115846 -0.061518
0.187744 0.191406 0.952515 0.029561 0.156591 -0.086818
0.166504 0.190063 0.949829 0.035952 0.176831 -0.101465
0.148926 0.192261 0.938843 0.052463 0.162983 -0.100932
0.142822 0.189087 0.929932 0.069241 0.115579 -0.091079
0.141846 0.191650 0.914917 0.076698 0.048735 -0.073236
0.151978 0.195557 0.904053 0.069507 0.003462 -0.055393
0.163940 0.187866 0.896118 0.043142 -0.008522 -0.049001
0.168823 0.183105 0.893311 0.008256 -0.001065 -0.049001
0.165771 0.177979 0.906006 -0.020240 0.007989 -0.048469
0.164795 0.169800 0.909424 -0.034621 0.015180 -0.048202
0.163086 0.169434 0.916260 -0.036751 0.015180 -0.050866
0.168457 0.164063 0.913818 -0.035686 0.013316 -0.047403
0.165039 0.163696 0.914185 -0.037816 0.027696 -0.046871
0.159668 0.164185 0.914063 -0.045007 0.045273 -0.045007
0.154785 0.164673 0.911133 -0.053795 0.061518 -0.029294
0.151367 0.164185 0.906982 -0.058056 0.063648 -0.004527
0.152710 0.169800 0.908569 -0.059654 0.051931 0.017843
0.158813 0.174683 0.905151 -0.064714 0.034354 0.037284
0.164673 0.181519 0.902222 -0.076431 0.026631 0.048202
0.168457 0.184937 0.904297 -0.098535 0.034354 0.043675
0.167847 0.180420 0.906982 -0.121172 0.046605 0.020240
0.166626 0.182617 0.915039 -0.136884 0.058056 -0.009055
0.157837 0.180786 0.920532 -0.148069 0.067377 -0.028229
0.163330 0.187012 0.922729 -0.157656 0.076165 -0.035419
0.162842 0.188721 0.924683 -0.170439 0.090280 -0.035686
0.158325 0.189209 0.936279 -0.175499 0.099867 -0.032756
0.155640 0.189209 0.940796 -0.166445 0.092676 -0.023435
0.151489 0.189697 0.949829 -0.143808 0.070839 -0.011984
0.147583 0.191528 0.942139 -0.119041 0.034354 -0.007190
0.149048 0.196045 0.936523 -0.094807 -0.007190 -0.005859
0.155029 0.199219 0.940308 -0.082823 -0.041012 -0.004794
0.155029 0.198608 0.933228 -0.087617 -0.062317 -0.005859
0.156128 0.201660 0.938110 -0.101997 -0.075366 -0.008788
0.159912 0.199829 0.949829 -0.116112 -0.081758 -0.007723
0.175293 0.196899 0.955200 -0.127031 -0.086818 0.003995
0.183960 0.188965 0.966064 -0.132889 -0.094008 0.022370
0.190674 0.183350 0.970947 -0.129694 -0.095340 0.026099
0.198364 0.181519 0.973511 -0.117177 -0.084953 0.010919
0.192017 0.174072 0.969727 -0.110519 -0.046605 -0.024767
