0.797363 0.102173 -0.676025 -0.424501 0.219441 -0.434620
0.762573 0.105835 -0.683228 -0.409055 0.222370 -0.317710
0.788696 0.082642 -0.706665 -0.389614 0.236218 -0.188282
0.791016 0.074219 -0.707031 -0.333955 0.280426 -0.100133
0.792236 0.046387 -0.731934 -0.260453 0.306258 -0.043675
0.769409 0.023071 -0.771729 -0.212783 0.354461 -0.030360
0.714600 0.020264 -0.748413 -0.232490 0.424501 -0.060985
0.662231 0.003052 -0.731934 -0.284154 0.419441 -0.085752
0.637817 -0.035400 -0.744263 -0.281491 0.342477 -0.082823
0.626099 -0.054810 -0.806274 -0.190679 0.234088 -0.057523
0.622192 -0.054077 -0.914917 -0.050866 0.145672 -0.005326
0.623901 -0.048218 -1.062866 0.042077 0.126232 0.062850
0.627563 -0.027710 -1.213989 0.012517 0.255393 0.125166
0.623657 -0.016968 -1.315674 -0.193076 0.533422 0.166711
0.612061 -0.037354 -1.324829 -0.572304 0.881491 0.169374
0.574463 -0.055176 -1.302124 -1.041278 1.167244 0.137150
0.513428 -0.045654 -1.232666 -1.474301 1.284421 0.124900
0.476563 -0.046875 -1.144287 -1.776298 1.190945 0.192543
0.475586 -0.051880 -1.069458 -1.913981 0.897470 0.344607
0.533447 -0.065063 -1.021606 -1.932889 0.481225 0.558189
0.615845 -0.078003 -0.992920 -1.920639 0.062850 0.765379
0.712036 -0.078003 -0.964722 -1.964847 -0.256458 0.905992
0.796021 -0.083618 -0.928955 -2.079095 -0.418642 0.975233
0.860107 -0.074219 -0.888916 -2.235952 -0.444208 0.973901
0.905762 -0.066406 -0.839111 -2.397071 -0.364581 0.931824
0.933350 -0.061646 -0.794189 -2.520639 -0.250067 0.912916
0.969604 -0.054321 -0.763428 -2.630093 -0.142477 0.919308
0.978271 -0.044434 -0.742065 -2.754993 -0.045806 0.927031
0.971558 -0.036621 -0.678467 -2.895339 0.017044 0.923302
0.958618 -0.018433 -0.615723 -3.012783 -0.043675 0.898802
0.941895 -0.004028 -0.551270 -3.066844 -0.207190 0.873768
0.924927 0.020264 -0.505005 -3.063648 -0.428229 0.848202
0.905884 0.035034 -0.456055 -3.036751 -0.648469 0.831691
0.890991 0.050293 -0.390747 -3.025832 -0.847936 0.833822
0.892090 0.065430 -0.336426 -3.075899 -1.047670 0.865513
0.906372 0.065308 -0.264404 -3.167510 -1.201332 0.910519
0.945557 0.073975 -0.161011 -3.246871 -1.286551 0.980027
0.993286 0.092285 -0.079590 -3.280426 -1.300399 1.072437
1.039063 0.118896 0.031128 -3.264714 -1.223435 1.145406
1.115723 0.154175 0.053345 -3.186152 -1.083888 1.184554
1.139160 0.191895 0.163330 -3.122237 -0.838881 1.186418
1.177490 0.225830 0.210938 -3.032224 -0.598136 1.134487
1.190308 0.272583 0.288818 -2.913715 -0.329960 1.027164
1.207642 0.288696 0.385986 -2.719308 -0.127563 0.905193
1.226563 0.352295 0.414795 -2.433555 0.002130 0.751798
1.234253 0.355591 0.460327 -2.121172 0.060985 0.620506
1.222046 0.402466 0.462280 -1.759787 0.016778 0.510253
1.236450 0.448853 0.422974 -1.383222 -0.069241 0.428762
1.249756 0.481445 0.372559 -1.064714 -0.116112 0.324368
1.233398 0.497070 0.314819 -0.842077 -0.068442 0.169640
1.203491 0.505737 0.303711 -0.691345 0.056724 -0.002663
1.189819 0.536133 0.208130 -0.590945 0.212517 -0.193875
1.119995 0.522095 0.187134 -0.534487 0.438615 -0.372836
1.071167 0.494263 0.135864 -0.447403 0.594940 -0.504927
1.009155 0.487671 0.096191 -0.360053 0.741678 -0.620772
0.949097 0.451050 0.053955 -0.274834 0.854860 -0.701731
0.889404 0.426514 0.003784 -0.198668 0.907590 -0.770706
0.824097 0.403076 -0.038940 -0.160852 0.913981 -0.835419
0.752319 0.370605 -0.062256 -0.179228 0.879893 -0.898269
0.674683 0.347290 -0.062500 -0.214115 0.811984 -0.953928
0.614258 0.300659 -0.058960 -0.225300 0.729427 -0.984820
0.547485 0.250732 -0.047485 -0.191212 0.614381 -1.002929
0.469727 0.225098 -0.044556 -0.127031 0.449268 -1.014913
0.410156 0.211548 -0.089111 -0.067111 0.278296 -0.984820
0.364380 0.201782 -0.092773 -0.035952 0.189614 -0.896138
0.291260 0.231079 -0.145752 -0.033289 0.223702 -0.778429
0.204102 0.271118 -0.168579 -0.063648 0.393609 -0.626897
0.125732 0.300659 -0.189941 -0.092144 0.607190 -0.414913
0.045898 0.318237 -0.210449 -0.108655 0.768309 -0.121704
0.000244 0.327637 -0.182129 -0.128096 0.793875 0.248469
0.021973 0.319214 -0.180908 -0.136884 0.669241 0.694807
0.102783 0.309937 -0.175903 -0.143808 0.508921 1.170173
0.208618 0.304932 -0.161621 -0.150999 0.358455 1.609321
0.333618 0.325684 -0.172852 -0.139814 0.251664 1.965912
0.491089 0.350098 -0.198364 -0.121704 0.237816 2.231425
0.638184 0.353027 -0.220337 -0.134754 0.349401 2.387217
0.765991 0.344238 -0.242676 -0.189348 0.544341 2.435153
0.881226 0.358521 -0.265747 -0.279361 0.807723 2.397337
0.961060 0.335205 -0.212891 -0.378695 1.126498 2.353395
1.061646 0.294922 -0.195557 -0.438083 1.263116 2.353395
1.162842 0.309570 -0.175415 -0.430626 1.154727 2.366179
1.284790 0.284912 -0.178345 -0.400000 0.892943 2.336352
1.371338 0.289917 -0.164063 -0.322237 0.558722 2.201864
1.469482 0.300537 -0.158081 -0.251398 0.245273 2.000000
1.579712 0.312378 -0.183228 -0.202130 -0.003728 1.746205
1.659180 0.320923 -0.214478 -0.168575 -0.102530 1.421838
1.697876 0.315063 -0.229126 -0.153129 -0.071372 1.090812
1.681763 0.315308 -0.264771 -0.174967 0.029294 0.773369
1.629150 0.312012 -0.254639 -0.284687 0.254328 0.496671
1.552124 0.274658 -0.209473 -0.401065 0.404794 0.288682
1.485596 0.249756 -0.168701 -0.467643 0.430360 0.149933
1.431519 0.242920 -0.131104 -0.467377 0.349401 0.078562
1.392822 0.229614 -0.114868 -0.408788 0.222104 0.058056
1.369507 0.229614 -0.118164 -0.326764 0.108389 0.047137
1.344604 0.234497 -0.124268 -0.260453 0.040213 0.026099
1.315063 0.222656 -0.125732 -0.224234 0.017843 -0.005859
1.270874 0.225098 -0.125732 -0.206924 0.022903 -0.045806
1.223511 0.229736 -0.131592 -0.195473 0.035419 -0.073768
1.204590 0.215210 -0.137451 -0.164581 0.033023 -0.079627
1.118286 0.243164 -0.103271 -0.102796 0.029827 -0.067643
1.113403 0.200806 -0.114502 -0.051398 0.025566 -0.002663
1.083862 0.223511 -0.140015 0.003462 0.021039 0.045539
1.079224 0.217529 -0.156250 0.031691 0.021571 0.105459
1.076904 0.219360 -0.157959 0.032756 0.007457 0.160852
1.075562 0.217285 -0.150513 0.024767 -0.010120 0.188016
1.083862 0.213135 -0.151489 0.017044 -0.025566 0.189081
1.085815 0.215454 -0.148071 0.014115 -0.015712 0.164581
1.074951 0.214600 -0.153198 0.009587 0.006658 0.116112
1.065552 0.206665 -0.158936 -0.004261 0.039947 0.057523
1.038208 0.200806 -0.156616 -0.023435 0.081758 0.007457
1.005005 0.200439 -0.151978 -0.041012 0.116378 -0.024767
0.986572 0.194092 -0.147461 -0.050866 0.129960 -0.037017
0.964478 0.198853 -0.134033 -0.052730 0.115579 -0.031957
0.963501 0.185791 -0.135864 -0.039148 0.076431 -0.002397
0.979980 0.180786 -0.135254 -0.022104 0.031691 0.040479
0.991333 0.187988 -0.128052 -0.008256 -0.001598 0.073502
1.003906 0.187866 -0.129639 -0.007457 -0.018375 0.081225
1.008179 0.195801 -0.134766 -0.023169 -0.021305 0.056991
1.002197 0.186523 -0.124634 -0.044474 -0.012517 0.015180
0.994385 0.191284 -0.122437 -0.052197 -0.021039 -0.029028
0.986450 0.187256 -0.119385 -0.038615 -0.034887 -0.063915
0.979126 0.177979 -0.128662 -0.018642 -0.044474 -0.077497
0.970703 0.175903 -0.136963 -0.000799 -0.042077 -0.080160
0.960327 0.177490 -0.142456 0.006658 -0.020506 -0.071105
0.950073 0.172852 -0.142334 0.004794 0.008256 -0.048735
0.952759 0.174561 -0.145996 -0.002663 0.031957 -0.012783
0.953369 0.174316 -0.153076 -0.006924 0.065779 0.026897
0.962158 0.169312 -0.146484 -0.012783 0.095606 0.059920
0.970459 0.169678 -0.142578 -0.015979 0.094807 0.077230
0.979126 0.163940 -0.148071 -0.014647 0.070839 0.077763
0.984253 0.165161 -0.155273 -0.011718 0.017843 0.060186
0.986450 0.171265 -0.158691 -0.008522 -0.061518 0.031158
1.003418 0.170410 -0.169800 0.000266 -0.135286 0.003196
1.011475 0.177490 -0.181152 0.003728 -0.166711 -0.024767
1.016724 0.179443 -0.183594 -0.008256 -0.135553 -0.055925
1.013672 0.175903 -0.189575 -0.039148 -0.061252 -0.089214
1.005371 0.176147 -0.168213 -0.076698 0.031425 -0.116112
0.998535 0.166382 -0.152710 -0.104927 0.096405 -0.123302
0.991455 0.165405 -0.143433 -0.111318 0.131558 -0.114514
0.996582 0.167603 -0.130005 -0.095606 0.141944 -0.096405
1.006226 0.166748 -0.129517 -0.079361 0.144341 -0.072969
1.021240 0.173706 -0.129028 -0.070839 0.154194 -0.048469
1.029053 0.181641 -0.137451 -0.080426 0.175233 -0.034621
1.032837 0.188110 -0.128174 -0.098003 0.209321 -0.033822
1.043335 0.189087 -0.129883 -0.099068 0.249001 -0.050067
1.052979 0.194336 -0.140747 -0.096138 0.300399 -0.088415
1.041504 0.197144 -0.137207 -0.101997 0.365646 -0.143276
1.020264 0.191040 -0.127075 -0.121438 0.415712 -0.197870
0.998047 0.185547 -0.104004 -0.130759 0.419174 -0.229028
0.980103 0.182739 -0.089233 -0.116112 0.357923 -0.228762
