0.818726 0.407471 1.014038 -0.266578 -0.486818 -0.668708
0.888428 0.356079 1.014893 -0.276165 -0.508389 -0.723835
0.897095 0.355103 1.040039 -0.259121 -0.558722 -0.800799
0.937866 0.345581 1.050415 -0.229028 -0.647670 -0.915846
0.957886 0.301025 1.043213 -0.174967 -0.725166 -1.078029
0.975586 0.286377 1.013062 -0.099334 -0.749933 -1.285486
0.952393 0.270386 0.992798 -0.035153 -0.735553 -1.545140
0.915283 0.269043 0.954956 0.038881 -0.660719 -1.792277
0.844116 0.272217 0.937500 0.076964 -0.559521 -2.006125
0.776367 0.255981 0.914429 0.093209 -0.492410 -2.168575
0.721191 0.243652 0.900513 0.115579 -0.501731 -2.286285
0.672852 0.231812 0.872070 0.133688 -0.581891 -2.366711
0.646729 0.223633 0.865234 0.134221 -0.677497 -2.439414
0.629639 0.219971 0.876099 0.083888 -0.770972 -2.508655
0.637817 0.219116 0.884277 -0.017044 -0.837550 -2.558722
0.620483 0.218140 0.853516 -0.178961 -0.798136 -2.608256
0.561768 0.196411 0.874878 -0.388016 -0.622636 -2.738216
0.461914 0.160034 0.906494 -0.565912 -0.388016 -2.937949
0.333130 0.114990 0.927734 -0.672969 -0.159254 -3.206658
0.176758 0.060913 0.945679 -0.716911 0.039947 -3.519308
0.011719 -0.002686 0.981445 -0.735819 0.176032 -3.807457
-0.138306 -0.059937 1.013550 -0.753928 0.235419 -4.000799
-0.286133 -0.084229 1.057861 -0.786951 0.305992 -4.056725
-0.406494 -0.125244 1.070923 -0.785886 0.346738 -3.976565
-0.527710 -0.158325 1.076782 -0.732091 0.376565 -3.798136
-0.650146 -0.158081 1.075439 -0.613582 0.408256 -3.549401
-0.756104 -0.148926 1.069824 -0.412250 0.416778 -3.228762
-0.809448 -0.151489 1.052002 -0.183489 0.359521 -2.835419
-0.817017 -0.146973 1.025146 0.029827 0.217044 -2.392543
-0.792114 -0.116821 0.998047 0.211185 0.011451 -1.935819
-0.729370 -0.085205 0.956543 0.337949 -0.208522 -1.508389
-0.664673 -0.028564 0.911133 0.438615 -0.353928 -1.160320
-0.599243 0.026367 0.869507 0.529161 -0.395739 -0.890812
-0.550049 0.071655 0.813965 0.604261 -0.352064 -0.687617
-0.517212 0.111206 0.750854 0.670573 -0.248735 -0.543808
-0.489624 0.138672 0.692383 0.728895 -0.131824 -0.433822
-0.462646 0.148193 0.625244 0.760586 -0.042077 -0.350732
-0.444824 0.164673 0.565552 0.761651 0.009055 -0.289747
-0.410767 0.172241 0.509033 0.745140 0.015180 -0.236751
-0.376221 0.179443 0.464966 0.711585 -0.015446 -0.170173
-0.345459 0.187256 0.406006 0.665513 -0.065779 -0.105726
-0.320557 0.191895 0.347412 0.620506 -0.115846 -0.054594
-0.294434 0.203369 0.302856 0.581891 -0.178695 -0.003728
-0.265625 0.217773 0.243530 0.534487 -0.253262 0.044208
-0.248169 0.233521 0.193726 0.466578 -0.309987 0.084421
-0.244141 0.270386 0.149292 0.379760 -0.366445 0.127297
-0.234131 0.313354 0.143921 0.293475 -0.461518 0.206658
-0.189697 0.344238 0.134033 0.218376 -0.621305 0.336884
-0.112061 0.354492 0.125977 0.121438 -0.820240 0.495073
-0.020752 0.345337 0.122803 -0.006125 -1.001864 0.632756
0.063721 0.347656 0.111450 -0.165646 -1.117177 0.691345
0.139648 0.358887 0.105469 -0.374700 -1.118242 0.652463
0.214233 0.362793 0.071899 -0.663648 -0.952064 0.511585
0.248535 0.326050 0.072998 -1.086818 -0.550732 0.254061
0.180054 0.269897 0.143799 -1.597071 -0.046871 -0.087883
0.055908 0.235107 0.289917 -2.049268 0.316644 -0.381358
-0.059204 0.244629 0.429932 -2.321704 0.358722 -0.502530
-0.123413 0.223022 0.580200 -2.420772 0.083089 -0.407190
-0.108765 0.159790 0.664917 -2.365113 -0.413582 -0.177097
-0.050537 0.142822 0.714478 -2.257523 -0.934754 0.000533
0.006836 0.134277 0.792114 -2.225832 -1.299068 0.056192
0.064453 0.131470 0.883545 -2.273236 -1.486818 0.045539
0.114014 0.131104 1.030396 -2.348868 -1.521438 0.031691
0.155151 0.125244 1.198608 -2.387750 -1.486019 0.038083
0.189819 0.127563 1.353638 -2.354993 -1.440479 0.079095
0.243530 0.135498 1.466553 -2.243941 -1.366445 0.154194
0.299072 0.142456 1.557251 -2.107590 -1.212517 0.211185
0.353394 0.144775 1.637817 -1.988815 -0.976032 0.227696
0.412598 0.143188 1.696045 -1.896937 -0.681225 0.224767
0.449829 0.129761 1.738892 -1.822370 -0.352330 0.206391
0.451172 0.125854 1.769653 -1.734221 -0.027696 0.158455
0.427856 0.125244 1.787720 -1.602397 0.244208 0.076964
0.382690 0.119873 1.791504 -1.429561 0.432490 -0.025033
0.321655 0.101563 1.832397 -1.216245 0.523302 -0.119041
0.292847 0.078003 1.789673 -0.936085 0.458322 -0.179760
0.265747 0.072754 1.726563 -0.643409 0.333955 -0.206125
0.254883 0.074951 1.635254 -0.396538 0.206924 -0.200000
0.238403 0.077515 1.561279 -0.224234 0.125699 -0.167244
0.242310 0.085449 1.482178 -0.117976 0.074035 -0.116378
0.246826 0.085693 1.417236 -0.058322 0.057523 -0.056458
0.254272 0.091553 1.367554 -0.027963 0.064980 -0.001598
0.246216 0.088623 1.332520 -0.013049 0.095872 0.040479
0.230957 0.072998 1.296997 0.019707 0.117443 0.060453
0.223877 0.072876 1.263794 0.056192 0.101465 0.060453
0.217651 0.073853 1.218262 0.085752 0.068975 0.059121
0.213745 0.071045 1.173096 0.100399 0.034887 0.066844
0.209839 0.066162 1.134521 0.109188 0.007190 0.085220
0.209961 0.074219 1.090088 0.121172 -0.002130 0.111851
0.211914 0.077515 1.068970 0.133156 0.023968 0.139814
0.212158 0.085449 1.050415 0.158189 0.062850 0.164314
0.217163 0.088623 1.012329 0.195473 0.102796 0.178162
0.211670 0.088379 0.986084 0.208788 0.165646 0.173103
0.198242 0.082886 0.966309 0.204794 0.222636 0.153662
0.180908 0.076172 0.952637 0.196804 0.243941 0.135286
0.158936 0.077148 0.939209 0.196538 0.215979 0.121971
0.142456 0.079834 0.931152 0.211718 0.150732 0.124900
0.140503 0.085205 0.914063 0.239414 0.060719 0.145140
0.159058 0.091431 0.907471 0.260186 -0.025832 0.178961
0.184082 0.092041 0.892822 0.257790 -0.088682 0.213049
0.206543 0.096069 0.888428 0.231691 -0.106791 0.225300
0.211060 0.101563 0.886230 0.200266 -0.088415 0.207989
0.220825 0.106812 0.886108 0.171505 -0.055925 0.176565
0.231323 0.109375 0.885620 0.148336 -0.013049 0.131292
0.231812 0.107422 0.890381 0.123302 0.042344 0.063382
0.221802 0.101074 0.902954 0.099068 0.077230 -0.003995
0.211670 0.094604 0.911621 0.074834 0.077763 -0.045806
0.198730 0.089233 0.918701 0.051664 0.065246 -0.068708
0.180542 0.081177 0.927612 0.048469 0.047936 -0.071105
0.174561 0.078857 0.930908 0.063915 0.025033 -0.054594
0.174927 0.087280 0.924316 0.079361 0.011984 -0.019973
0.185303 0.092163 0.916626 0.082290 0.026897 0.027430
0.195801 0.096191 0.911865 0.070040 0.072437 0.060186
0.188232 0.107422 0.914185 0.047670 0.133156 0.065779
0.177490 0.121338 0.911499 0.018908 0.185087 0.057790
0.165527 0.127808 0.906616 -0.007989 0.210386 0.050599
0.156494 0.130005 0.913330 -0.029561 0.210652 0.047670
0.149658 0.132324 0.913940 -0.043142 0.177364 0.055393
0.145630 0.135864 0.923584 -0.051132 0.122770 0.068975
0.156128 0.140991 0.921143 -0.049800 0.060453 0.084687
0.166382 0.138184 0.928955 -0.047936 0.013316 0.099334
0.175903 0.140259 0.931030 -0.055393 -0.010919 0.102530
0.179321 0.143555 0.933838 -0.077230 -0.015180 0.102264
0.186157 0.141113 0.941284 -0.099867 -0.008522 0.098802
0.194458 0.144653 0.937134 -0.120639 0.010919 0.085486
0.195068 0.142456 0.942017 -0.143009 0.046072 0.063382
0.192749 0.133179 0.952637 -0.154993 0.078562 0.039148
0.187744 0.131348 0.958130 -0.156059 0.088682 0.013049
0.177856 0.127930 0.968628 -0.152064 0.076431 -0.010120
0.171509 0.119385 0.974243 -0.144341 0.044474 -0.019441
0.166016 0.110596 0.983032 -0.123569 -0.003995 -0.017843
0.169800 0.101563 0.978027 -0.089747 -0.063648 -0.008522
0.176514 0.097900 0.975098 -0.063915 -0.104927 -0.005859
0.178589 0.098022 0.982910 -0.059920 -0.112916 -0.013582
0.177246 0.093872 0.985718 -0.074035 -0.094541 -0.019174
0.176758 0.092896 0.985596 -0.072969 -0.066578 -0.009587
0.175903 0.085571 0.985107 -0.046871 -0.039148 0.008522
0.177002 0.084595 0.979248 -0.009055 -0.017577 0.026365
0.172729 0.102051 0.969482 0.017843 0.001598 0.039414
0.175171 0.111572 0.965942 0.023702 0.019174 0.056991
0.183228 0.106812 0.955933 0.019707 0.034621 0.071372
0.181152 0.101929 0.956909 0.015979 0.044474 0.072437
0.190674 0.103638 0.952759 0.015979 0.048735 0.062850
0.195923 0.100464 0.961304 0.009321 0.051931 0.045539
0.191772 0.100952 0.959961 -0.006658 0.061252 0.014381
0.181763 0.103271 0.958008 -0.018908 0.079893 -0.019441
0.169556 0.101196 0.958374 -0.024767 0.107590 -0.047403
0.151245 0.105469 0.969482 -0.028229 0.131824 -0.062850
0.134033 0.101318 0.973022 -0.022370 0.143276 -0.059387
0.129639 0.092773 0.978760 -0.008522 0.135020 -0.040746
0.128418 0.092896 0.986328 0.004261 0.115313 -0.023702
