0.459961 0.325073 0.975464 -0.272969 -0.327830 0.018642
0.527954 0.332031 0.981323 -0.384554 -0.327563 -0.002130
0.542114 0.352173 1.024902 -0.410386 -0.294541 -0.058589
0.580933 0.366455 1.026245 -0.341944 -0.294274 -0.166711
0.604248 0.366455 1.031860 -0.188016 -0.325965 -0.294807
0.615479 0.362427 1.013550 0.015446 -0.370972 -0.453795
0.614136 0.393433 0.989746 0.191744 -0.415979 -0.646338
0.619873 0.378052 0.955933 0.299068 -0.475899 -0.835419
0.599365 0.393311 0.941040 0.344607 -0.559521 -1.004794
0.579468 0.408203 0.944336 0.353395 -0.660719 -1.145672
0.589355 0.392700 0.928101 0.332091 -0.762184 -1.264181
0.586914 0.383301 0.920532 0.281225 -0.816511 -1.394408
0.579102 0.355713 0.913696 0.212250 -0.817843 -1.535286
0.568115 0.323730 0.923340 0.133156 -0.781891 -1.656192
0.526001 0.308716 0.919434 0.063648 -0.735553 -1.765380
0.490479 0.274902 0.928833 0.017044 -0.685220 -1.866578
0.444702 0.264038 0.938232 -0.004527 -0.651931 -1.935020
0.403198 0.254639 0.943970 -0.010386 -0.651664 -1.967244
0.375610 0.226318 0.948486 -0.023968 -0.660186 -1.979760
0.335815 0.193115 0.943604 -0.045539 -0.664714 -1.988549
0.290894 0.167358 0.965332 -0.074301 -0.632756 -2.006125
0.246216 0.142334 0.964966 -0.103063 -0.602663 -2.006125
0.193481 0.116211 0.975220 -0.134487 -0.576032 -1.987750
0.154419 0.090210 0.987061 -0.170173 -0.578961 -1.963249
0.108643 0.065308 0.997192 -0.214115 -0.614647 -1.938748
0.058105 0.055176 1.013672 -0.257790 -0.652197 -1.925166
0.001709 0.055054 1.046021 -0.266844 -0.703862 -1.912117
-0.059692 0.065186 1.067017 -0.223968 -0.780559 -1.874834
-0.109253 0.080688 1.058960 -0.140080 -0.859387 -1.818908
-0.146606 0.106445 1.040039 -0.042077 -0.890013 -1.788016
-0.181763 0.142212 0.997681 0.013316 -0.830360 -1.804527
-0.217773 0.155273 0.966431 -0.009055 -0.658322 -1.863648
-0.264160 0.133179 0.956665 -0.123036 -0.411984 -1.976298
-0.324585 0.093384 0.983765 -0.298003 -0.176831 -2.148069
-0.415405 0.034790 1.037354 -0.452197 -0.046605 -2.351531
-0.518921 -0.035767 1.090332 -0.518509 -0.070573 -2.565113
-0.631104 -0.102905 1.154541 -0.478296 -0.232756 -2.747537
-0.721069 -0.134766 1.176758 -0.337417 -0.521438 -2.802929
-0.748535 -0.133789 1.181396 -0.125433 -0.846072 -2.673236
-0.777710 -0.094604 1.150879 0.117177 -1.124101 -2.362184
-0.732300 -0.030762 1.105347 0.342743 -1.278029 -1.880692
-0.645020 0.010742 1.038208 0.537949 -1.289481 -1.293475
-0.550415 0.067749 0.959839 0.693742 -1.122770 -0.742743
-0.445313 0.131470 0.874878 0.750200 -0.805593 -0.301198
-0.352783 0.168213 0.802612 0.686285 -0.393076 -0.008256
-0.291748 0.184204 0.744263 0.561118 0.016245 0.129427
-0.272705 0.204590 0.716553 0.417310 0.337949 0.150200
-0.268677 0.210571 0.716553 0.295872 0.509454 0.106791
-0.270386 0.196899 0.703003 0.247137 0.526498 0.054061
-0.256104 0.201660 0.681885 0.270573 0.432490 0.027430
-0.214600 0.228394 0.648560 0.326764 0.289747 0.040746
-0.152588 0.244019 0.596313 0.381092 0.160852 0.082823
-0.093506 0.262451 0.532471 0.404261 0.103329 0.116644
-0.045044 0.279907 0.475220 0.376831 0.131292 0.135553
-0.017334 0.294067 0.423950 0.301465 0.228762 0.148069
-0.002075 0.304443 0.380859 0.193875 0.354194 0.148868
0.001831 0.306274 0.351074 0.067643 0.480426 0.135286
-0.000977 0.308960 0.325073 -0.064447 0.575766 0.111052
-0.009155 0.311646 0.318604 -0.198402 0.611185 0.081758
-0.014648 0.306152 0.322632 -0.342743 0.578695 0.050599
-0.014282 0.298462 0.337280 -0.495073 0.478296 0.021305
-0.025513 0.275024 0.368774 -0.633289 0.321971 0.009854
-0.033203 0.255859 0.392334 -0.723302 0.114248 0.015446
-0.039063 0.242920 0.425415 -0.771238 -0.110519 0.040746
-0.031372 0.226318 0.438232 -0.798402 -0.319041 0.088682
-0.024048 0.225342 0.432617 -0.841012 -0.451132 0.138482
-0.020386 0.213257 0.461426 -0.941678 -0.460719 0.179228
-0.015381 0.197510 0.511475 -1.081758 -0.393342 0.217310
-0.017334 0.174316 0.589844 -1.217310 -0.317710 0.278029
-0.030029 0.159180 0.682251 -1.305193 -0.281491 0.383489
-0.032715 0.145996 0.752930 -1.337417 -0.315846 0.531558
-0.017578 0.120605 0.804810 -1.325433 -0.399201 0.710786
0.026855 0.092529 0.837158 -1.302530 -0.452730 0.849268
0.081055 0.093994 0.867065 -1.329960 -0.440746 0.870306
0.123413 0.140015 0.930908 -1.444208 -0.372570 0.740346
0.149658 0.172729 1.003540 -1.618642 -0.313715 0.494008
0.151123 0.192505 1.109497 -1.781625 -0.320639 0.237017
0.146851 0.196777 1.204834 -1.872437 -0.434354 0.063648
0.154419 0.196289 1.285889 -1.884154 -0.619441 -0.022104
0.162842 0.190552 1.349243 -1.823169 -0.790146 -0.065779
0.198486 0.180054 1.371338 -1.714514 -0.905992 -0.107590
0.201782 0.161499 1.412964 -1.597337 -0.870306 -0.171238
0.216309 0.138184 1.437134 -1.471105 -0.750200 -0.250333
0.228516 0.114380 1.457520 -1.353662 -0.598402 -0.321172
0.216919 0.087036 1.553833 -1.272437 -0.427164 -0.371238
0.225586 0.043945 1.516357 -1.190146 -0.306791 -0.419707
0.209473 0.054565 1.531982 -1.106258 -0.210652 -0.491877
0.190186 0.044067 1.511719 -0.990679 -0.099601 -0.530226
0.201538 -0.002197 1.485596 -0.896671 0.010652 -0.515579
0.124756 0.092407 1.468262 -0.814913 0.123569 -0.481491
0.120361 0.010010 1.372925 -0.701997 0.229294 -0.370173
0.132202 -0.025024 1.392212 -0.649001 0.337417 -0.274834
0.076294 0.033936 1.358032 -0.541145 0.335819 -0.206924
0.084717 -0.011841 1.305542 -0.426365 0.294008 -0.084421
0.100830 -0.014771 1.255981 -0.324634 0.239148 -0.012250
0.088745 0.013306 1.211426 -0.251398 0.215979 0.025033
0.096069 0.015991 1.182373 -0.215180 0.200799 0.059387
0.125488 0.031860 1.197632 -0.206391 0.209055 0.083888
0.302368 0.037598 1.340454 -0.179494 0.323569 0.076431
0.184570 0.105713 1.579468 -0.045273 0.974168 -0.050333
0.004639 0.154297 1.327271 0.113449 1.313449 -0.083356
-0.008057 -0.018311 1.021362 0.132357 0.944341 0.057790
-0.046753 -0.034302 1.041016 -0.030093 0.568309 0.141411
-0.042236 0.052002 1.001221 -0.113715 0.123302 0.156591
-0.015137 0.044922 1.039673 -0.132889 -0.141411 0.137150
0.021484 0.026489 1.050293 -0.099867 -0.279361 0.119840
0.035645 0.036255 1.037964 -0.031957 -0.328362 0.152064
0.061279 0.046021 1.023315 0.025566 -0.331025 0.235952
0.096802 0.041992 0.976074 0.060453 -0.330493 0.330759
0.122681 0.043213 0.938965 0.059121 -0.271904 0.389348
0.145142 0.046753 0.915894 0.001864 -0.168043 0.406658
0.153198 0.035522 0.908936 -0.058056 -0.047936 0.367776
0.135742 0.038818 0.895264 -0.114248 0.080160 0.277763
0.125610 0.037109 0.903320 -0.159787 0.181625 0.180559
0.106445 0.025146 0.908569 -0.177630 0.205060 0.095872
0.083984 0.022339 0.915039 -0.164314 0.147537 0.025832
0.080933 0.007446 0.921753 -0.127563 0.030892 -0.018109
0.080811 -0.003418 0.921143 -0.088415 -0.095606 -0.042876
0.079956 -0.006348 0.929810 -0.062051 -0.186418 -0.055659
0.098999 -0.004761 0.924194 -0.061518 -0.223169 -0.052463
0.105347 -0.013062 0.953613 -0.088682 -0.189081 -0.050866
0.120239 -0.022705 0.981689 -0.122770 -0.103595 -0.059654
0.125366 -0.010376 1.040649 -0.127031 0.048735 -0.061252
0.075439 0.003052 1.053711 -0.095606 0.246605 -0.038881
0.072510 -0.016357 1.008423 -0.067643 0.283356 0.016511
0.070313 -0.029907 0.984863 -0.037284 0.186951 0.060186
0.073975 -0.004761 0.977417 -0.012783 0.066578 0.063116
0.086060 0.005737 0.979248 0.002663 0.012250 0.045539
0.088867 0.006470 0.979614 0.003196 0.026897 0.022636
0.080933 0.008911 0.975708 -0.010120 0.046338 0.014115
0.073853 0.009399 0.975830 -0.034354 0.046605 0.014913
0.078247 0.007690 0.983398 -0.055659 0.037017 0.014647
0.074219 0.010254 0.981812 -0.062317 0.025832 0.015712
0.076050 0.011841 0.983276 -0.059121 0.011451 0.020506
0.077637 0.009033 0.976807 -0.049800 -0.011451 0.029827
0.081299 0.006226 0.974365 -0.046605 -0.029028 0.037550
0.088501 0.008301 0.968262 -0.051664 -0.029294 0.038083
0.087402 0.005371 0.969604 -0.059920 -0.019973 0.038083
0.088867 0.004395 0.966919 -0.066045 -0.006924 0.035153
0.081055 0.007202 0.969482 -0.070839 0.003196 0.022903
0.078491 0.011353 0.975098 -0.069241 0.001864 0.012517
0.078125 0.010498 0.971802 -0.058855 -0.010652 0.005326
0.083130 0.009521 0.965454 -0.047670 -0.027164 -0.009587
0.083008 0.008301 0.966919 -0.046338 -0.033555 -0.030360
0.085693 0.014893 0.970947 -0.053529 -0.036485 -0.049534
0.083740 0.009277 0.975830 -0.066844 -0.031691 -0.058322
0.084717 0.004761 0.983765 -0.072703 -0.021305 -0.063648
0.083374 -0.004639 0.983521 -0.066312 -0.006658 -0.062051
0.077637 -0.009888 0.982544 -0.052730 0.006125 -0.057257
0.078247 -0.013794 0.978638 -0.039148 0.013848 -0.061252
