0.316772 0.404297 0.848267 -0.016511 -0.455393 0.140080
0.351074 0.384399 0.845215 -0.185087 -0.347004 0.196538
0.380859 0.415894 0.879639 -0.320107 -0.221838 0.209587
0.404663 0.406494 0.928955 -0.395473 -0.125965 0.220506
0.424927 0.388916 1.007935 -0.356325 -0.125699 0.223169
0.472534 0.373413 1.043091 -0.143542 -0.329960 0.243941
0.535889 0.372559 1.025024 0.197870 -0.567776 0.261518
0.624146 0.392578 0.965698 0.525166 -0.803728 0.238615
0.713745 0.403320 0.896240 0.747537 -0.931025 0.170706
0.767822 0.447266 0.820557 0.781092 -0.934487 0.045007
0.800903 0.466309 0.779419 0.654594 -0.843142 -0.108123
0.800171 0.472046 0.771362 0.452996 -0.701465 -0.282823
0.785278 0.465942 0.794800 0.254860 -0.591744 -0.465246
0.760620 0.457275 0.823853 0.119840 -0.563249 -0.629561
0.761719 0.442993 0.847168 0.060453 -0.639414 -0.759521
0.778687 0.425415 0.853271 0.065246 -0.777896 -0.863382
0.800049 0.424316 0.837769 0.091079 -0.945939 -0.966178
0.833984 0.420654 0.796753 0.092676 -1.085486 -1.093475
0.854492 0.429810 0.767578 0.033555 -1.126232 -1.259654
0.854614 0.432251 0.757813 -0.092144 -1.085486 -1.461784
0.838379 0.418335 0.769531 -0.255127 -0.996538 -1.684155
0.801025 0.405884 0.802490 -0.403995 -0.923036 -1.895073
0.764160 0.384766 0.839111 -0.503595 -0.904394 -2.069507
0.716797 0.355957 0.888184 -0.544873 -0.933156 -2.213848
0.661377 0.329590 0.930176 -0.519041 -1.012250 -2.335286
0.605347 0.303955 0.975586 -0.433289 -1.144075 -2.427430
0.562988 0.286011 0.990112 -0.294807 -1.320107 -2.516112
0.532959 0.284668 0.995972 -0.155526 -1.520373 -2.615180
0.529419 0.292236 0.967896 -0.069507 -1.669241 -2.709188
0.510620 0.301392 0.939209 -0.079361 -1.675899 -2.802130
0.478027 0.294312 0.918579 -0.173103 -1.522770 -2.917976
0.415161 0.263916 0.923950 -0.311585 -1.234354 -3.058589
0.312378 0.217529 0.931274 -0.452197 -0.878828 -3.232224
0.165283 0.155640 0.964600 -0.553928 -0.552330 -3.411451
-0.005249 0.101807 0.996826 -0.577896 -0.345140 -3.563782
-0.180542 0.052124 1.026733 -0.503595 -0.301731 -3.650866
-0.337524 0.026611 1.041382 -0.352863 -0.459121 -3.657790
-0.450806 0.012085 1.030884 -0.170706 -0.762184 -3.583489
-0.542480 0.009033 0.995605 -0.020240 -1.068176 -3.437550
-0.588623 0.016235 0.939087 0.046072 -1.293475 -3.247670
-0.617065 0.030762 0.889893 0.014913 -1.346738 -3.039414
-0.649536 0.023926 0.867432 -0.106258 -1.214381 -2.817843
-0.685059 0.030884 0.865845 -0.258322 -0.978162 -2.563249
-0.715576 0.037476 0.867065 -0.365912 -0.748868 -2.255393
-0.726807 0.046021 0.863770 -0.396272 -0.589348 -1.913715
-0.726318 0.057983 0.851807 -0.335020 -0.521172 -1.560320
-0.695068 0.071899 0.823364 -0.194407 -0.556591 -1.211718
-0.652100 0.097290 0.764893 -0.011984 -0.656724 -0.890546
-0.597412 0.130127 0.688599 0.151265 -0.748602 -0.611984
-0.544434 0.161621 0.614014 0.267377 -0.803728 -0.377364
-0.495483 0.208740 0.535278 0.326764 -0.821039 -0.176565
-0.451782 0.257446 0.459839 0.316644 -0.801332 -0.002130
-0.403564 0.303955 0.401855 0.230626 -0.763782 0.146471
-0.345825 0.333740 0.358765 0.089747 -0.734487 0.271372
-0.289063 0.340698 0.342041 -0.088948 -0.708122 0.358189
-0.215698 0.359741 0.322876 -0.278296 -0.669241 0.426365
-0.150146 0.367676 0.311279 -0.474567 -0.593608 0.460985
-0.089355 0.336670 0.320801 -0.659920 -0.493742 0.459387
-0.049438 0.314697 0.326294 -0.820506 -0.397869 0.404527
-0.028198 0.294434 0.339355 -0.968575 -0.311851 0.307057
-0.034424 0.275146 0.348633 -1.096138 -0.267377 0.200266
-0.058105 0.277588 0.374023 -1.196804 -0.285486 0.117710
-0.066650 0.280273 0.406982 -1.277763 -0.369640 0.091877
-0.064575 0.266968 0.452515 -1.326232 -0.507590 0.128895
-0.037109 0.259888 0.495117 -1.323569 -0.698003 0.238881
0.026367 0.249512 0.514038 -1.314780 -0.877230 0.408522
0.115112 0.226318 0.542114 -1.365912 -0.931292 0.567776
0.185791 0.201416 0.589478 -1.521704 -0.805593 0.653529
0.213989 0.200439 0.666748 -1.752863 -0.549401 0.664181
0.205444 0.212769 0.788452 -1.994674 -0.250866 0.642610
0.188599 0.205078 0.930664 -2.185086 -0.015446 0.612517
0.180176 0.183838 1.090454 -2.251398 0.063915 0.579494
0.198730 0.161255 1.245972 -2.168043 -0.039414 0.553395
0.230591 0.150635 1.365112 -1.951798 -0.273768 0.548336
0.286377 0.165161 1.443970 -1.624234 -0.535020 0.581358
0.357666 0.197754 1.452271 -1.299867 -0.737417 0.619174
0.411743 0.250732 1.461426 -1.061252 -0.795739 0.617044
0.465698 0.286743 1.449829 -0.915047 -0.708921 0.569374
0.500122 0.309814 1.445068 -0.875100 -0.515846 0.479361
0.506226 0.306152 1.467285 -0.915047 -0.270839 0.350999
0.480103 0.295654 1.465454 -0.967244 -0.048735 0.205859
0.462158 0.298218 1.448242 -0.989880 0.122770 0.092410
0.415283 0.268921 1.487549 -0.956858 0.241545 -0.006125
0.380127 0.236572 1.484619 -0.889747 0.252730 -0.078828
0.362061 0.233032 1.449097 -0.815712 0.250333 -0.124368
0.328003 0.220947 1.436279 -0.727563 0.241811 -0.116378
0.315308 0.219849 1.392700 -0.633289 0.223169 -0.070839
0.310547 0.219971 1.346680 -0.547803 0.211718 -0.005326
0.319702 0.231812 1.300049 -0.476165 0.219174 0.054328
0.323242 0.219849 1.259521 -0.427430 0.249800 0.089747
0.327637 0.209961 1.226318 -0.396005 0.287617 0.089481
0.316528 0.197754 1.195923 -0.367244 0.310786 0.055659
0.296997 0.184448 1.171997 -0.331292 0.318242 0.011984
0.278687 0.171509 1.151245 -0.287883 0.306525 -0.025832
0.260986 0.157593 1.130981 -0.240213 0.279893 -0.048202
0.242432 0.146240 1.107056 -0.186684 0.244474 -0.052463
0.218872 0.135010 1.079102 -0.128096 0.206658 -0.035952
0.208374 0.127686 1.051880 -0.074834 0.168309 -0.001065
0.197388 0.121216 1.026367 -0.025033 0.127031 0.046871
0.190918 0.125122 0.995605 0.013848 0.085486 0.101997
0.191284 0.131592 0.977539 0.038349 0.046871 0.155792
0.204468 0.128784 0.958008 0.049800 0.005326 0.201864
0.234131 0.130859 0.939819 0.053529 -0.035153 0.238881
0.265503 0.143921 0.927979 0.042610 -0.059654 0.262051
0.292236 0.145630 0.928955 0.017310 -0.058056 0.256991
0.300903 0.146729 0.934814 -0.002929 -0.037550 0.220772
0.301270 0.139160 0.932495 -0.009055 -0.017843 0.164048
0.285645 0.141724 0.933960 -0.011984 0.000266 0.095606
0.270264 0.144043 0.929932 -0.003995 0.010652 0.034887
0.246826 0.144165 0.925049 0.005593 0.007457 -0.002397
0.229492 0.145630 0.921997 0.011984 0.000533 -0.016245
0.225830 0.145874 0.913574 0.010120 -0.004527 -0.010919
0.230225 0.135376 0.912476 0.000000 -0.004794 0.005060
0.234619 0.130249 0.920044 -0.016245 0.000266 0.024501
0.242065 0.125488 0.927856 -0.034088 0.008522 0.046605
0.246582 0.117798 0.933228 -0.044208 0.018642 0.056192
0.246216 0.124878 0.936279 -0.044208 0.033023 0.048202
0.241333 0.123657 0.936646 -0.045273 0.047137 0.033822
0.238525 0.128174 0.938599 -0.051398 0.054328 0.016778
0.231689 0.130005 0.937500 -0.059387 0.058589 -0.006391
0.219116 0.132935 0.932983 -0.065513 0.054860 -0.030626
0.206543 0.145142 0.935303 -0.069241 0.039680 -0.050333
0.204102 0.141724 0.938843 -0.076698 0.016245 -0.053529
0.207153 0.138306 0.937988 -0.084421 -0.003462 -0.048202
0.202637 0.134521 0.936646 -0.090812 -0.011185 -0.035686
0.209595 0.134277 0.943604 -0.095606 -0.017044 -0.018375
0.223145 0.130981 0.951050 -0.107324 -0.021571 -0.000799
0.234863 0.125854 0.951782 -0.128628 -0.012517 0.005859
0.233765 0.125854 0.961914 -0.145672 0.021838 -0.001332
0.221680 0.124756 0.962646 -0.142743 0.051931 -0.008522
0.212646 0.127563 0.974243 -0.122770 0.062583 -0.013582
0.215942 0.124878 0.970215 -0.095872 0.049001 -0.015712
0.207764 0.122437 0.961670 -0.067111 0.029561 -0.017577
0.204712 0.125488 0.958374 -0.037017 0.005593 -0.010386
0.206055 0.132813 0.946655 -0.017044 -0.016245 0.004261
0.210693 0.137329 0.940674 -0.017044 -0.025300 0.024767
0.221558 0.137939 0.941406 -0.029294 -0.015979 0.042344
0.222900 0.131958 0.942261 -0.038083 0.004261 0.047137
0.224365 0.136719 0.940186 -0.039148 0.024501 0.041012
0.226440 0.136475 0.945068 -0.039148 0.038083 0.034088
0.226929 0.131958 0.946411 -0.040746 0.038881 0.024767
0.222412 0.126465 0.944092 -0.041278 0.033289 0.006125
0.218750 0.125854 0.948608 -0.036485 0.025300 -0.017310
0.216797 0.125977 0.947876 -0.035153 0.015446 -0.036485
0.213867 0.116821 0.951294 -0.037816 0.011718 -0.050866
0.208984 0.112061 0.953979 -0.035952 0.008522 -0.060186
0.204468 0.112915 0.953003 -0.029294 0.005859 -0.060719
0.205933 0.113770 0.953003 -0.027696 0.012517 -0.052730
0.205444 0.106079 0.957764 -0.030360 0.026099 -0.035686
0.203247 0.102905 0.953247 -0.029561 0.045539 -0.020240
