-0.038452 0.477661 0.892090 -0.360053 0.161385 0.569640
0.021973 0.429565 0.868042 -0.412517 0.074035 0.487084
0.016724 0.421387 0.905884 -0.397869 0.041278 0.406658
-0.006836 0.442749 0.911255 -0.341145 0.001332 0.314514
-0.004639 0.423218 0.935425 -0.286285 -0.053529 0.292410
-0.006348 0.423096 0.947998 -0.208522 -0.108921 0.320905
-0.000732 0.420288 0.953613 -0.106791 -0.164581 0.390679
0.023926 0.422363 0.948120 -0.001598 -0.212517 0.478029
0.055542 0.424683 0.943604 0.101198 -0.239148 0.551265
0.089722 0.430054 0.925171 0.181891 -0.240213 0.590413
0.132446 0.441040 0.914185 0.219707 -0.214381 0.591744
0.172119 0.450439 0.899414 0.205859 -0.181092 0.565113
0.203003 0.464111 0.900513 0.152064 -0.144873 0.509720
0.240479 0.483032 0.905762 0.086818 -0.107856 0.450599
0.283447 0.484985 0.910889 0.028229 -0.058056 0.391478
0.329712 0.471680 0.914185 -0.011718 0.002130 0.309987
0.368530 0.450562 0.925903 -0.034621 0.060985 0.201864
0.394409 0.431274 0.922363 -0.019973 0.099334 0.075366
0.406006 0.422974 0.927246 0.030093 0.109987 -0.050333
0.415283 0.415894 0.918701 0.096138 0.067377 -0.143542
0.449585 0.412231 0.917358 0.171771 -0.023702 -0.211185
0.494019 0.403564 0.897461 0.247936 -0.129694 -0.260985
0.542114 0.409546 0.896606 0.295606 -0.221039 -0.324634
0.594482 0.408691 0.895142 0.312117 -0.308921 -0.398136
0.645630 0.414551 0.901733 0.306791 -0.384554 -0.466045
0.687866 0.416138 0.892578 0.293742 -0.440479 -0.543808
0.718140 0.424438 0.896606 0.266312 -0.474301 -0.657790
0.742432 0.427124 0.901123 0.226631 -0.481491 -0.819174
0.737671 0.435913 0.916870 0.178429 -0.477230 -1.011185
0.730835 0.440918 0.940430 0.133422 -0.508921 -1.207989
0.719727 0.433960 0.966309 0.113715 -0.565380 -1.385087
0.712646 0.403320 0.976318 0.128895 -0.634354 -1.541944
0.697754 0.375610 0.989990 0.178695 -0.698802 -1.707590
0.672974 0.342529 0.992310 0.241278 -0.760586 -1.887084
0.645630 0.311279 1.004150 0.310253 -0.827696 -2.062583
0.599976 0.278564 1.016235 0.383489 -0.905992 -2.235420
0.533936 0.269409 1.029541 0.471105 -1.020240 -2.406125
0.483154 0.259644 1.038208 0.572836 -1.174967 -2.556591
0.437378 0.252075 1.037231 0.674567 -1.354727 -2.692677
0.368774 0.260742 1.038452 0.772304 -1.519574 -2.820506
0.293091 0.275391 1.023682 0.880692 -1.658322 -2.917976
0.238037 0.296265 0.991089 0.986418 -1.765380 -2.961651
0.199097 0.305786 0.965576 1.060719 -1.830626 -2.967776
0.159790 0.307739 0.943237 1.090812 -1.898269 -2.961118
0.132202 0.309692 0.907593 1.079627 -1.950466 -2.974168
0.113892 0.299316 0.867676 1.010386 -1.943542 -3.019441
0.097290 0.286865 0.826660 0.873768 -1.844740 -3.082556
0.051514 0.269043 0.811523 0.671904 -1.623968 -3.140613
-0.012207 0.246948 0.811523 0.454594 -1.359787 -3.181891
-0.092041 0.221191 0.814087 0.252463 -1.103329 -3.223702
-0.175659 0.193604 0.836060 0.074035 -0.886285 -3.282024
-0.273926 0.172363 0.849365 -0.041012 -0.749667 -3.310253
-0.363770 0.138916 0.858398 -0.056458 -0.719041 -3.287084
-0.419800 0.122803 0.846558 0.047936 -0.771505 -3.211718
-0.449951 0.125244 0.794434 0.199467 -0.839947 -3.097736
-0.467285 0.132935 0.732544 0.335286 -0.859387 -2.937683
-0.472290 0.145630 0.656006 0.404261 -0.806391 -2.737150
-0.479004 0.160645 0.589966 0.373635 -0.663116 -2.515579
-0.500732 0.180786 0.539307 0.243142 -0.460453 -2.281491
-0.529541 0.193970 0.514771 0.062583 -0.253795 -2.033555
-0.542725 0.175415 0.510620 -0.113715 -0.109188 -1.778162
-0.547974 0.150269 0.507080 -0.252730 -0.059920 -1.564048
-0.548950 0.130859 0.509521 -0.345939 -0.099867 -1.415446
-0.547974 0.098267 0.514282 -0.389081 -0.210386 -1.329427
-0.548218 0.074951 0.506348 -0.385885 -0.360320 -1.303861
-0.567871 0.076172 0.502075 -0.351798 -0.520639 -1.309188
-0.587280 0.079712 0.482422 -0.292144 -0.695340 -1.275100
-0.590454 0.099731 0.435913 -0.223435 -0.864714 -1.175499
-0.579590 0.137207 0.379517 -0.205060 -0.952330 -1.036751
-0.557617 0.156494 0.348633 -0.287084 -0.931025 -0.861518
-0.528320 0.149292 0.339600 -0.454594 -0.828495 -0.668176
-0.507324 0.135864 0.367554 -0.650865 -0.731025 -0.465513
-0.482788 0.094727 0.413086 -0.821039 -0.720905 -0.272703
-0.450439 0.044922 0.477051 -0.919308 -0.851132 -0.134487
-0.413330 0.010132 0.528931 -0.914514 -1.133688 -0.097470
-0.383423 0.033936 0.535889 -0.825566 -1.508389 -0.155260
-0.345459 0.075195 0.540527 -0.723835 -1.789081 -0.230360
-0.307251 0.106079 0.519775 -0.670839 -1.879094 -0.271105
-0.303223 0.189819 0.520508 -0.745406 -1.744607 -0.252463
-0.295898 0.253906 0.544678 -0.984288 -1.462051 -0.112383
-0.280640 0.264282 0.593506 -1.294541 -1.124367 0.136352
-0.241577 0.265015 0.659546 -1.584288 -0.831425 0.403196
-0.192871 0.277710 0.746216 -1.831691 -0.617310 0.606658
-0.137207 0.291016 0.839966 -2.036751 -0.504660 0.683622
-0.083374 0.298096 0.946045 -2.198402 -0.468442 0.623169
-0.054321 0.292969 1.080933 -2.312117 -0.483622 0.454328
-0.038940 0.282593 1.203857 -2.329694 -0.564581 0.221305
-0.032227 0.290161 1.285645 -2.209587 -0.682823 -0.030892
-0.022095 0.307129 1.345947 -1.996538 -0.816511 -0.235419
-0.014771 0.328857 1.376099 -1.768575 -0.939281 -0.333955
0.007568 0.363037 1.380737 -1.579760 -1.011451 -0.338748
0.035767 0.378906 1.387329 -1.473236 -1.010919 -0.305992
0.076660 0.381714 1.394165 -1.429827 -0.943009 -0.277763
0.105103 0.379150 1.406006 -1.435153 -0.787217 -0.298269
0.121094 0.364868 1.418335 -1.491079 -0.566977 -0.358722
0.114746 0.352295 1.435547 -1.560852 -0.321704 -0.426897
0.098389 0.329346 1.479004 -1.604794 -0.095606 -0.467909
0.078613 0.296753 1.506348 -1.586152 0.040479 -0.459121
0.073975 0.285278 1.532837 -1.484154 0.082024 -0.407190
0.086670 0.275024 1.527222 -1.309720 0.049800 -0.325699
0.096802 0.277466 1.510132 -1.100666 0.012783 -0.260186
0.103149 0.284790 1.461670 -0.910519 0.006125 -0.232490
0.094238 0.290527 1.425293 -0.778429 0.049534 -0.230892
0.087036 0.280518 1.375732 -0.707057 0.140613 -0.228762
0.074219 0.273682 1.331787 -0.686818 0.264447 -0.210652
0.045166 0.256836 1.310059 -0.687883 0.395739 -0.175766
0.017456 0.239624 1.302612 -0.681225 0.487617 -0.114780
0.005005 0.212158 1.300537 -0.641278 0.500932 -0.027164
-0.002563 0.195557 1.290405 -0.549401 0.439148 0.070040
0.005737 0.189453 1.277710 -0.415446 0.319308 0.162184
0.023071 0.184326 1.247803 -0.262583 0.174168 0.242077
0.050781 0.186401 1.203247 -0.120639 0.051398 0.288682
0.072266 0.186890 1.161011 -0.020240 -0.012517 0.300133
0.083496 0.187012 1.116455 0.028762 -0.018109 0.284953
0.084106 0.175781 1.093872 0.034621 0.026365 0.259654
0.079956 0.163574 1.076904 0.019707 0.084687 0.238349
0.062256 0.156982 1.060181 0.003196 0.137417 0.227963
0.047852 0.144653 1.057251 0.002130 0.168309 0.231957
0.037842 0.136230 1.056763 0.019973 0.166178 0.239680
0.032959 0.125854 1.056152 0.056724 0.127297 0.247936
0.030762 0.119263 1.039917 0.104660 0.060985 0.255127
0.037964 0.119019 1.030884 0.152330 -0.001598 0.256991
0.041260 0.121704 1.018066 0.187483 -0.045806 0.256991
0.048706 0.120605 0.994995 0.201598 -0.054328 0.246605
0.055786 0.115112 0.984863 0.196538 -0.019441 0.225566
0.060425 0.116455 0.975952 0.179760 0.041278 0.200266
0.051147 0.114258 0.973145 0.152863 0.110786 0.184288
0.050537 0.110962 0.964355 0.133156 0.168043 0.175766
0.047729 0.105469 0.955200 0.124368 0.211185 0.162716
0.040283 0.110474 0.950562 0.116644 0.241278 0.144873
0.041626 0.109863 0.944702 0.101731 0.264181 0.121704
0.034546 0.102661 0.937744 0.083089 0.274301 0.095340
0.028076 0.105103 0.943726 0.066312 0.265779 0.071105
0.026978 0.104126 0.946411 0.055126 0.240746 0.056991
0.021606 0.091309 0.951172 0.063915 0.198136 0.049268
0.021729 0.093750 0.943481 0.097204 0.145140 0.042610
0.026978 0.104492 0.926514 0.130226 0.109454 0.043675
0.032593 0.110474 0.915161 0.146738 0.099334 0.056724
0.033081 0.120850 0.895020 0.151265 0.115313 0.072703
0.036133 0.124634 0.881592 0.145672 0.147537 0.089481
0.035645 0.134155 0.869385 0.121172 0.189880 0.101198
0.029785 0.143799 0.866943 0.066045 0.233289 0.099867
0.020020 0.140137 0.875366 -0.003196 0.258056 0.083622
0.020508 0.135864 0.893677 -0.064980 0.247936 0.055126
0.010864 0.137573 0.918945 -0.120905 0.216511 0.016511
-0.007446 0.130737 0.945679 -0.156858 0.160586 -0.020506
-0.017700 0.126221 0.966309 -0.141678 0.078029 -0.038881
-0.017700 0.119995 0.984619 -0.096671 -0.016245 -0.041278
-0.011353 0.118896 0.980469 -0.044740 -0.104128 -0.031691
0.000000 0.121704 0.975342 -0.012783 -0.152863 -0.010386
