0.936523 0.275757 0.418701 -0.322770 -0.091877 -0.145939
1.003418 0.268921 0.367310 -0.275633 -0.340346 -0.086818
1.037842 0.277710 0.359619 -0.237284 -0.521172 -0.030093
1.096069 0.312866 0.320190 -0.227430 -0.672170 -0.012250
1.153809 0.306152 0.290405 -0.249800 -0.772836 -0.025566
1.202515 0.324707 0.252075 -0.315047 -0.807989 -0.102796
1.236206 0.317993 0.234253 -0.420240 -0.769641 -0.226631
1.256470 0.314453 0.228760 -0.555792 -0.684687 -0.377630
1.252319 0.293213 0.241089 -0.701465 -0.598935 -0.546471
1.225708 0.276489 0.263550 -0.804794 -0.561385 -0.714248
1.182007 0.268921 0.274780 -0.848735 -0.574168 -0.864181
1.139038 0.257690 0.285400 -0.846072 -0.626631 -0.980027
1.107178 0.253906 0.287231 -0.808522 -0.727031 -1.055659
1.077881 0.253418 0.299072 -0.767244 -0.876698 -1.087883
1.067261 0.240723 0.307861 -0.731025 -1.069774 -1.105992
1.052368 0.236572 0.306641 -0.688415 -1.293742 -1.140346
1.036133 0.248779 0.293091 -0.663382 -1.484421 -1.199467
1.019043 0.250122 0.280640 -0.694274 -1.594940 -1.274301
0.995483 0.239258 0.293579 -0.801332 -1.623968 -1.357923
0.957886 0.234497 0.328247 -0.949933 -1.682823 -1.425566
0.909668 0.223755 0.365234 -1.078562 -1.796538 -1.467909
0.864258 0.213013 0.403809 -1.137150 -2.004794 -1.474035
0.839844 0.227173 0.402222 -1.129960 -2.277497 -1.448202
0.825562 0.236084 0.387695 -1.116645 -2.499601 -1.402397
0.823975 0.258057 0.359863 -1.148602 -2.612783 -1.350466
0.804932 0.272949 0.366089 -1.259920 -2.581625 -1.310519
0.781372 0.261475 0.398438 -1.407457 -2.485752 -1.287084
0.743774 0.264771 0.447754 -1.552863 -2.379760 -1.288948
0.705566 0.267090 0.495117 -1.679361 -2.280959 -1.301198
0.654419 0.246582 0.567505 -1.757923 -2.202929 -1.312916
0.598999 0.237061 0.626953 -1.763782 -2.205326 -1.311851
0.559692 0.237549 0.652100 -1.720905 -2.217044 -1.287084
0.523560 0.228882 0.677002 -1.671638 -2.147803 -1.246072
0.473022 0.222656 0.695068 -1.629294 -2.008256 -1.196538
0.420410 0.237549 0.717041 -1.587483 -1.818109 -1.132623
0.374512 0.234253 0.745483 -1.536085 -1.598935 -1.023435
0.350098 0.226196 0.775024 -1.456192 -1.406658 -0.855925
0.345703 0.241455 0.779663 -1.337683 -1.249534 -0.641012
0.343750 0.247559 0.772583 -1.197603 -1.075632 -0.407190
0.352905 0.248413 0.750610 -1.045539 -0.896671 -0.203462
0.357788 0.251465 0.723145 -0.884154 -0.711052 -0.046338
0.364014 0.251343 0.685669 -0.727297 -0.530759 0.091345
0.363525 0.236450 0.634888 -0.551798 -0.379494 0.225033
0.352417 0.225098 0.559082 -0.342477 -0.264181 0.352863
0.328491 0.236938 0.489014 -0.151798 -0.196804 0.471638
0.322266 0.218140 0.416626 -0.008522 -0.183489 0.599201
0.321655 0.192627 0.367188 0.073768 -0.239947 0.726498
0.325684 0.186157 0.322632 0.094541 -0.351531 0.848735
0.357910 0.189575 0.287109 0.055659 -0.478562 0.969374
0.400024 0.196167 0.240234 -0.036218 -0.533156 1.070040
0.439575 0.194702 0.233643 -0.179228 -0.460186 1.141944
0.467773 0.204956 0.259399 -0.357124 -0.288682 1.200799
0.512085 0.207397 0.293579 -0.531025 -0.094274 1.277763
0.557007 0.203369 0.335449 -0.666312 0.093742 1.370972
0.601807 0.188843 0.380249 -0.740613 0.248202 1.448469
0.643921 0.170044 0.412964 -0.736085 0.343276 1.501731
0.664551 0.177124 0.433594 -0.672437 0.380559 1.518775
0.692383 0.180908 0.447266 -0.596804 0.361917 1.516378
0.731567 0.164063 0.444702 -0.516378 0.295606 1.536352
0.777466 0.170776 0.447144 -0.436751 0.208522 1.563249
0.835327 0.184082 0.453613 -0.372570 0.120639 1.604261
0.915161 0.182861 0.449463 -0.322770 0.069241 1.677763
1.002319 0.188721 0.436890 -0.284687 0.094008 1.723569
1.108643 0.215210 0.429810 -0.270306 0.233023 1.711052
1.205200 0.217407 0.434814 -0.265779 0.489747 1.663382
1.257813 0.223022 0.414429 -0.271372 0.763249 1.527830
1.277466 0.229004 0.445801 -0.294274 1.019973 1.359521
1.289063 0.208984 0.472778 -0.315846 1.154727 1.245273
1.301758 0.185669 0.491333 -0.315313 1.124900 1.172836
1.306152 0.165527 0.500610 -0.305726 0.948069 1.127563
1.322510 0.159668 0.511108 -0.309188 0.724367 1.085220
1.338379 0.144287 0.527588 -0.311585 0.499068 1.037816
1.366943 0.145142 0.533325 -0.292410 0.286285 0.971771
1.392456 0.136230 0.521118 -0.262051 0.131025 0.892676
1.399658 0.124756 0.514404 -0.229561 0.053795 0.801864
1.399048 0.124512 0.493042 -0.220772 0.031158 0.691345
1.384399 0.116577 0.478516 -0.226365 0.061784 0.571505
1.352173 0.097656 0.483765 -0.239148 0.131824 0.455659
1.310669 0.078003 0.492065 -0.244740 0.179228 0.349667
1.268311 0.060059 0.500488 -0.229827 0.198402 0.264181
1.230469 0.041992 0.502441 -0.203462 0.185619 0.207457
1.192871 0.030762 0.510498 -0.170173 0.145140 0.172304
1.162109 0.024902 0.506226 -0.131292 0.080160 0.153129
1.139771 0.026733 0.503418 -0.088149 0.012517 0.142477
1.128174 0.025269 0.486084 -0.039148 -0.051398 0.135286
1.117920 0.025391 0.459717 0.013316 -0.083356 0.116378
1.100342 0.027710 0.445068 0.049001 -0.064181 0.085220
1.080811 0.022461 0.429321 0.056724 -0.023968 0.047403
1.058716 0.022217 0.434937 0.052197 0.012250 0.014647
1.041992 0.019653 0.430542 0.049800 0.029028 -0.008522
1.024414 0.018677 0.425049 0.054328 0.029028 -0.039148
1.008423 0.018066 0.418335 0.062317 0.025566 -0.075100
0.994995 0.014038 0.408936 0.068176 0.035952 -0.112383
0.971558 0.010620 0.391724 0.064181 0.070573 -0.148868
0.948730 0.013184 0.385254 0.046605 0.121172 -0.177364
0.925415 0.010010 0.381104 0.023435 0.166445 -0.181092
0.911255 0.007568 0.377686 0.006924 0.178429 -0.164314
0.897827 0.009521 0.385986 0.007190 0.154194 -0.139547
0.899414 0.012817 0.385254 0.021571 0.100133 -0.101731
0.898071 0.017700 0.387817 0.041278 0.031957 -0.061252
0.909790 0.026855 0.378662 0.063116 -0.034887 -0.027696
0.924561 0.036255 0.377563 0.080160 -0.086019 -0.010120
0.931274 0.045044 0.366089 0.088415 -0.112916 -0.011451
0.941895 0.050171 0.350952 0.087350 -0.106258 -0.023968
0.943481 0.050293 0.341675 0.076698 -0.068176 -0.050067
0.931763 0.053711 0.343140 0.054594 -0.013582 -0.084687
0.910522 0.052979 0.352661 0.028495 0.034621 -0.111585
0.893677 0.051147 0.354736 0.010120 0.055126 -0.125965
0.878540 0.053833 0.362549 0.005859 0.048735 -0.125965
0.874878 0.057495 0.348755 0.010652 0.026099 -0.106258
0.872314 0.060669 0.333984 0.020772 0.023968 -0.079361
0.872437 0.066772 0.327515 0.017843 0.040746 -0.056192
0.874878 0.063721 0.324829 0.002929 0.056724 -0.027696
0.872925 0.066040 0.327515 -0.013848 0.055393 -0.001598
0.875854 0.069336 0.322754 -0.027164 0.030892 0.018375
0.882813 0.072998 0.323486 -0.041012 -0.001332 0.022104
0.894409 0.068970 0.328613 -0.062850 -0.024501 0.013049
0.902466 0.071045 0.333618 -0.098269 -0.027164 0.001864
0.897949 0.071411 0.351685 -0.136352 -0.024234 -0.011984
0.893921 0.069336 0.368774 -0.154727 -0.033555 -0.021039
0.895508 0.060181 0.382202 -0.142477 -0.064980 -0.017044
0.899292 0.062256 0.385010 -0.111585 -0.105193 -0.003196
0.909302 0.061646 0.380615 -0.080160 -0.135020 0.014381
0.920654 0.058472 0.375244 -0.065513 -0.132091 0.027696
0.930054 0.062256 0.372437 -0.076165 -0.099334 0.026631
0.934326 0.064819 0.377319 -0.098269 -0.034887 0.015979
0.929199 0.063477 0.388550 -0.122770 0.044208 -0.000799
0.923706 0.058960 0.400391 -0.131025 0.105193 -0.018908
0.915894 0.057495 0.414063 -0.114248 0.128895 -0.025033
0.907593 0.052002 0.424316 -0.074834 0.101731 -0.013582
0.906738 0.057373 0.419067 -0.021571 0.026631 0.010919
0.911377 0.065918 0.407837 0.024234 -0.061518 0.037550
0.926758 0.070801 0.381592 0.043941 -0.125433 0.054328
0.944336 0.077026 0.372437 0.037284 -0.145939 0.050866
0.956421 0.078369 0.368774 0.013049 -0.120107 0.036751
0.960938 0.074341 0.372192 -0.015712 -0.067643 0.017577
0.953979 0.075928 0.376709 -0.045273 -0.005326 -0.006924
0.947266 0.069092 0.389526 -0.070573 0.041278 -0.031425
0.934082 0.063232 0.391357 -0.082557 0.045806 -0.049800
0.918457 0.062012 0.401611 -0.076698 0.016245 -0.058322
0.914063 0.055786 0.409912 -0.052730 -0.053262 -0.049001
0.914429 0.056763 0.407349 -0.015446 -0.146738 -0.024767
0.922729 0.065552 0.390991 0.017843 -0.229028 0.001598
0.932007 0.060303 0.383057 0.034621 -0.259387 0.019707
0.945923 0.063843 0.371216 0.028762 -0.240479 0.019973
0.945313 0.065308 0.367188 0.005060 -0.181358 0.008788
0.939941 0.062988 0.372314 -0.028229 -0.109987 -0.005593
0.930908 0.060059 0.384277 -0.054328 -0.051398 -0.013316
0.924561 0.054565 0.391968 -0.056991 -0.025033 -0.011984
0.921143 0.054688 0.395386 -0.035686 -0.034621 -0.005859
