-0.015625 0.591309 0.540405 0.128895 -0.085486 0.045273
-0.001831 0.568481 0.568115 -0.056192 0.114780 0.037816
0.003174 0.580078 0.606567 -0.164314 0.218908 0.009854
0.021606 0.576294 0.641235 -0.192011 0.207989 0.005326
0.029053 0.571533 0.672119 -0.147537 0.148069 0.015446
0.029541 0.576660 0.667480 -0.037816 0.087350 0.040479
0.025024 0.576050 0.662231 0.091079 0.039947 0.053262
0.025757 0.555908 0.654663 0.197870 -0.015712 0.055393
0.052979 0.536621 0.633057 0.267377 -0.088149 0.062317
0.085815 0.515015 0.611816 0.303063 -0.142477 0.066844
0.121826 0.494263 0.592407 0.305992 -0.160053 0.054061
0.161865 0.462280 0.586426 0.285486 -0.140346 0.024767
0.204224 0.430176 0.578979 0.268975 -0.103862 -0.004527
0.255737 0.399414 0.584229 0.267643 -0.072170 -0.020240
0.323486 0.342896 0.566528 0.300133 -0.054328 -0.016511
0.393433 0.283569 0.524902 0.368309 -0.025566 -0.031425
0.434692 0.248535 0.478394 0.446338 0.044208 -0.109454
0.460327 0.228027 0.433228 0.532357 0.105459 -0.239947
0.481323 0.201904 0.365967 0.615712 0.104128 -0.389348
0.498413 0.193481 0.321777 0.656458 0.074301 -0.531558
0.512695 0.192139 0.240356 0.641811 0.005593 -0.643142
0.535278 0.188477 0.187622 0.545140 -0.016778 -0.741411
0.535645 0.194580 0.142822 0.407457 0.006125 -0.834354
0.531494 0.197998 0.116821 0.256192 0.031957 -0.916644
0.529663 0.184814 0.094604 0.113449 0.043941 -0.983755
0.511719 0.171509 0.063110 -0.003462 0.038083 -1.054061
0.470947 0.154785 0.027222 -0.115846 0.016511 -1.152330
0.409302 0.148804 -0.023560 -0.246871 -0.028495 -1.297736
0.325928 0.206909 -0.055420 -0.423702 -0.099068 -1.477497
0.204956 0.334106 -0.070068 -0.670839 -0.233289 -1.607457
0.109497 0.479614 -0.044800 -0.955526 -0.438083 -1.608788
0.092651 0.517822 0.003540 -1.256991 -0.750999 -1.479627
0.116211 0.491821 0.081787 -1.505992 -1.174967 -1.308123
0.155518 0.460205 0.156006 -1.688948 -1.709720 -1.152597
0.201782 0.464966 0.205688 -1.842077 -2.272171 -1.033822
0.249268 0.515869 0.250366 -2.011984 -2.748868 -0.997869
0.252319 0.597046 0.285278 -2.283089 -3.045273 -1.106525
0.207886 0.655518 0.399780 -2.674567 -3.132357 -1.389081
0.121216 0.600830 0.586304 -3.109188 -3.114248 -1.776565
-0.005371 0.478394 0.862549 -3.423968 -3.155526 -2.205593
-0.141968 0.306152 1.204224 -3.462051 -3.396804 -2.548868
-0.255005 0.143799 1.498291 -3.224767 -3.842077 -2.636485
-0.225586 0.073486 1.666382 -2.884421 -4.298535 -2.359521
-0.121826 0.115234 1.764282 -2.611984 -4.445539 -1.889214
-0.007446 0.148193 1.818604 -2.501465 -4.049268 -1.427696
0.075562 0.141846 1.888672 -2.628762 -3.176298 -1.157124
0.062622 0.111328 2.018433 -2.892410 -2.076165 -1.115047
-0.019409 0.054810 2.164429 -3.124634 -1.086818 -1.216245
-0.141724 0.021606 2.305664 -3.204794 -0.377097 -1.376565
-0.281738 -0.020752 2.388428 -3.054061 0.057257 -1.505992
-0.420898 -0.036011 2.423340 -2.657523 0.203462 -1.562983
-0.534912 -0.008789 2.381958 -2.058589 0.059654 -1.526764
-0.585083 0.020386 2.239136 -1.375233 -0.273768 -1.405326
-0.598877 0.063110 2.051392 -0.766445 -0.583755 -1.260186
-0.591797 0.099976 1.854370 -0.332357 -0.757923 -1.139814
-0.584595 0.122314 1.688843 -0.103063 -0.774168 -1.052197
-0.597046 0.123901 1.575195 -0.059920 -0.658322 -0.987750
-0.611084 0.100342 1.500000 -0.132623 -0.488149 -0.930226
-0.629517 0.064331 1.455322 -0.242876 -0.303595 -0.851931
-0.639038 0.019775 1.422485 -0.336085 -0.122237 -0.720905
-0.637695 -0.016968 1.416016 -0.373901 0.034887 -0.540080
-0.624878 -0.040771 1.373901 -0.360320 0.139015 -0.327830
-0.610718 -0.058960 1.333374 -0.307856 0.272437 -0.089214
-0.594971 -0.079102 1.285400 -0.235952 0.427696 0.137417
-0.597046 -0.108154 1.243164 -0.144075 0.581092 0.325699
-0.616577 -0.148071 1.201050 -0.035153 0.688415 0.456724
-0.646118 -0.194336 1.162598 0.082557 0.731558 0.535286
-0.682495 -0.258179 1.119263 0.192277 0.716378 0.578695
-0.734497 -0.313965 1.088989 0.286019 0.666312 0.612517
-0.793701 -0.371948 1.075439 0.355792 0.592277 0.701997
-0.820313 -0.413208 1.041382 0.387483 0.504660 0.884687
-0.855957 -0.437378 1.031616 0.358988 0.452996 1.172570
-0.828857 -0.443481 0.994263 0.288415 0.454328 1.578429
-0.768188 -0.474243 0.990112 0.175233 0.504394 2.064447
-0.682739 -0.516235 0.994507 0.043142 0.611451 2.554194
-0.586914 -0.528564 1.004639 -0.087883 0.734221 2.983489
-0.467896 -0.555054 1.013428 -0.205593 0.886818 3.274035
-0.382568 -0.570435 1.038208 -0.290812 1.057790 3.426631
-0.322754 -0.551636 1.056641 -0.318775 1.153129 3.523036
-0.248169 -0.556030 1.091553 -0.264181 1.138482 3.658056
-0.151245 -0.542969 1.075073 -0.145672 1.007457 3.828495
-0.030396 -0.450195 1.040161 -0.005593 0.886818 4.048203
0.119141 -0.347534 1.010132 0.064714 0.851132 4.331558
0.306152 -0.267700 1.000122 0.027430 0.929161 4.616511
0.499023 -0.185547 0.996704 -0.105193 1.094274 4.825033
0.656616 -0.119263 1.025757 -0.300399 1.298535 4.872703
0.784912 -0.055664 1.020508 -0.485486 1.473236 4.708123
0.833496 0.001953 1.075317 -0.614913 1.573369 4.338482
0.832153 0.059326 1.127075 -0.641012 1.509720 3.879894
0.864502 0.148071 1.181274 -0.567510 1.260985 3.480426
0.913208 0.225952 1.205200 -0.422903 0.893475 3.234621
0.986206 0.223022 1.192383 -0.234887 0.552064 3.096405
1.059570 0.240112 1.155029 -0.056192 0.312117 2.935286
1.124634 0.232910 1.100464 0.069774 0.256724 2.718509
1.135010 0.225830 1.057495 0.113449 0.350999 2.410386
1.082275 0.219604 1.047607 0.090546 0.496671 2.059121
0.995728 0.208496 1.054565 0.047670 0.598935 1.733422
0.912354 0.198608 1.041992 0.025832 0.582690 1.475366
0.851685 0.206665 1.040771 0.024501 0.480959 1.304927
0.826050 0.202271 1.020020 0.039947 0.335286 1.210919
0.799683 0.192505 0.990723 0.060453 0.185353 1.121704
0.762573 0.202393 0.966919 0.077230 0.080160 0.988282
0.721191 0.206299 0.932251 0.080426 0.012250 0.794141
0.650391 0.189941 0.937500 0.079893 -0.010386 0.553395
0.584839 0.174194 0.915771 0.063382 -0.044474 0.299334
0.509277 0.163330 0.913208 -0.001864 -0.037284 0.055925
0.430908 0.152100 0.915405 -0.097736 0.005326 -0.155260
0.340942 0.147583 0.929810 -0.180293 0.060985 -0.305459
0.249878 0.128418 0.961670 -0.214381 0.102796 -0.388549
0.169678 0.118652 0.966431 -0.204794 0.085486 -0.414913
0.107422 0.106079 0.987427 -0.149401 0.037017 -0.397869
0.070679 0.082153 0.984131 -0.070573 -0.064181 -0.364048
0.045410 0.075317 0.972778 0.009587 -0.180027 -0.328096
0.042847 0.088501 0.960449 0.066312 -0.274035 -0.286818
0.046509 0.099854 0.936401 0.071105 -0.306258 -0.236218
0.056641 0.105835 0.926758 0.034354 -0.255393 -0.200533
0.051514 0.116943 0.923218 -0.007989 -0.155526 -0.193875
0.037964 0.125000 0.921997 -0.042610 -0.043142 -0.219441
0.023193 0.123413 0.919312 -0.065246 0.052730 -0.257257
0.005737 0.117432 0.924683 -0.084421 0.113981 -0.297736
-0.016235 0.112183 0.924194 -0.096671 0.135286 -0.334754
-0.037842 0.100708 0.932007 -0.090013 0.123835 -0.361651
-0.046997 0.093018 0.925415 -0.062583 0.084421 -0.365379
-0.056885 0.100464 0.913940 -0.023968 0.040479 -0.337949
-0.065552 0.112793 0.904785 0.010120 0.003728 -0.289481
-0.070801 0.121094 0.887085 0.030626 -0.027430 -0.233822
-0.068481 0.134644 0.887085 0.033822 -0.062051 -0.186684
-0.052979 0.137085 0.877319 0.015712 -0.094807 -0.164847
-0.047729 0.135986 0.884155 -0.020772 -0.111318 -0.178429
-0.048706 0.141602 0.890991 -0.065779 -0.112650 -0.209587
-0.048584 0.143555 0.898682 -0.116112 -0.114514 -0.238349
-0.052124 0.136108 0.912231 -0.170439 -0.088682 -0.249534
-0.060669 0.129517 0.925781 -0.211718 -0.051398 -0.233289
-0.058472 0.138062 0.943481 -0.233822 -0.034354 -0.191212
-0.054199 0.138428 0.954834 -0.234088 -0.035686 -0.139015
-0.043945 0.138672 0.963623 -0.221039 -0.043941 -0.101465
-0.038818 0.140137 0.966797 -0.206125 -0.058589 -0.084154
-0.036865 0.152832 0.971924 -0.196804 -0.084154 -0.080160
-0.038696 0.167847 0.979980 -0.192810 -0.117443 -0.087883
-0.032715 0.170410 0.986328 -0.185885 -0.144075 -0.097204
-0.035278 0.171265 0.996094 -0.171238 -0.164314 -0.105193
-0.031494 0.173096 0.995850 -0.156059 -0.171771 -0.111052
-0.030640 0.169922 0.999878 -0.143009 -0.169374 -0.118509
-0.032471 0.160278 1.006836 -0.135553 -0.158988 -0.129161
-0.030762 0.153320 1.001587 -0.146205 -0.139281 -0.145406
-0.033936 0.143188 1.009033 -0.174700 -0.087883 -0.166445
-0.038208 0.124512 1.018799 -0.204794 -0.013848 -0.177097
-0.049805 0.116455 1.029785 -0.210386 0.050067 -0.169640
-0.053955 0.111450 1.025391 -0.185885 0.092144 -0.138482
-0.055908 0.105591 1.021362 -0.141944 0.121704 -0.097204
