0.858521 0.405396 -0.092529 -0.104927 0.256458 -0.320107
0.781738 0.370117 -0.036133 -0.185885 0.341411 -0.377630
0.712891 0.358276 -0.010254 -0.181891 0.282557 -0.395206
0.665527 0.328735 0.005615 -0.100399 0.112117 -0.339281
0.655518 0.312866 -0.018311 0.036218 -0.126498 -0.241811
0.658691 0.292358 -0.057861 0.163249 -0.320373 -0.136618
0.662720 0.278931 -0.118896 0.235686 -0.422636 -0.042610
0.670532 0.253296 -0.167236 0.238083 -0.401332 0.038349
0.670776 0.212646 -0.216309 0.182423 -0.257523 0.094807
0.651001 0.175049 -0.253540 0.086019 -0.014647 0.109454
0.609619 0.139404 -0.280029 -0.033555 0.250866 0.081758
0.540649 0.103882 -0.288940 -0.169374 0.487617 0.026631
0.466309 0.076782 -0.301270 -0.300133 0.625300 -0.038349
0.395630 0.059326 -0.297852 -0.415446 0.642876 -0.082823
0.358032 0.046509 -0.320068 -0.509454 0.566977 -0.090546
0.329102 0.032715 -0.326782 -0.592277 0.460985 -0.065246
0.309692 0.026489 -0.334961 -0.679361 0.336618 -0.015979
0.294189 0.051392 -0.327637 -0.795739 0.219973 0.058322
0.291138 0.097656 -0.304565 -0.944607 0.143542 0.169108
0.331665 0.108765 -0.270386 -1.100133 0.129161 0.315846
0.403198 0.068604 -0.237427 -1.198668 0.187483 0.484421
0.495728 0.025635 -0.226440 -1.207989 0.287883 0.643941
0.578125 -0.001099 -0.241943 -1.172037 0.433822 0.771238
0.655151 -0.012817 -0.278320 -1.166711 0.632756 0.862850
0.688965 -0.011963 -0.303589 -1.250333 0.872437 0.895606
0.678101 0.036011 -0.316528 -1.429561 1.071105 0.867110
0.647705 0.064575 -0.269409 -1.673502 1.171238 0.819973
0.619385 0.075195 -0.212402 -1.915579 1.103862 0.773635
0.593140 0.091553 -0.141602 -2.110253 0.903862 0.755260
0.595093 0.070923 -0.075317 -2.216511 0.617310 0.824234
0.652466 0.028809 -0.044312 -2.228762 0.312650 0.973103
0.753784 0.013672 -0.040283 -2.191212 0.121704 1.185087
0.872437 -0.004272 -0.054688 -2.200000 0.140613 1.417577
0.974976 -0.001343 -0.053345 -2.329694 0.405060 1.592011
1.052124 0.023926 -0.027832 -2.611984 0.865513 1.655393
1.079346 0.014282 0.062988 -2.996804 1.426898 1.598136
1.098389 0.035522 0.152588 -3.378961 1.887084 1.431957
1.101318 0.015137 0.308350 -3.728628 2.222636 1.211451
1.093140 -0.031738 0.457031 -3.975766 2.300932 1.006392
1.119263 -0.065063 0.687134 -4.096671 2.079095 0.863116
1.109375 -0.017578 0.821045 -4.082557 1.615180 0.771771
1.190552 -0.051758 0.966553 -4.074035 1.073768 0.765379
1.217651 -0.048950 1.087402 -3.990413 0.637017 0.758189
1.314697 -0.085815 1.264404 -3.853795 0.421039 0.769374
1.420288 -0.047485 1.337280 -3.556858 0.411185 0.729694
1.463501 0.008057 1.406982 -3.220240 0.721971 0.637816
1.475586 0.041260 1.397705 -2.994141 1.227430 0.540080
1.453491 0.071899 1.426514 -2.909987 1.887617 0.428495
1.372559 0.098389 1.504028 -2.899068 2.517710 0.293742
1.257690 0.093384 1.597778 -2.862583 2.902530 0.148336
1.142578 0.081543 1.683594 -2.703861 2.928362 -0.010919
1.021118 0.095703 1.756958 -2.375499 2.559521 -0.177896
0.935669 0.123901 1.752686 -1.915047 1.821039 -0.300932
0.912476 0.110962 1.669678 -1.416245 0.969640 -0.370173
0.919312 0.134766 1.587891 -0.994407 0.234621 -0.431158
0.923828 0.126953 1.489014 -0.667377 -0.229827 -0.477497
0.932251 0.162964 1.386353 -0.478296 -0.365379 -0.514514
0.899414 0.159546 1.373047 -0.362716 -0.197337 -0.544075
0.885864 0.123169 1.319214 -0.270306 0.100133 -0.576032
0.842285 0.104980 1.294067 -0.190945 0.492144 -0.628229
0.780884 0.081177 1.268677 -0.111851 0.859121 -0.665779
0.724121 0.046387 1.227905 -0.049001 1.137417 -0.664714
0.675415 0.024658 1.138672 0.014647 1.358988 -0.642610
0.550049 0.020142 1.214844 0.070306 1.554461 -0.603196
0.499634 -0.009766 1.145264 0.149667 1.544075 -0.567244
0.434937 -0.032104 1.151733 0.231158 1.475366 -0.518242
0.390503 -0.045044 1.153198 0.321172 1.366711 -0.467643
0.365234 -0.061279 1.146362 0.413848 1.229827 -0.418908
0.345947 -0.071777 1.148926 0.500399 1.128362 -0.374434
0.326904 -0.092896 1.147827 0.594141 1.099334 -0.343276
0.301758 -0.122437 1.145874 0.687883 1.129427 -0.306791
0.271973 -0.145020 1.143066 0.790413 1.205593 -0.246605
0.238525 -0.159546 1.134033 0.893209 1.298535 -0.154727
0.202881 -0.193848 1.151733 0.992011 1.386684 -0.025033
0.195190 -0.206055 1.144287 1.084421 1.458855 0.125166
0.182617 -0.230591 1.140015 1.161917 1.556325 0.296405
0.184326 -0.241699 1.142944 1.225300 1.669774 0.468442
0.213501 -0.234253 1.148682 1.288149 1.785619 0.637550
0.243042 -0.240723 1.151978 1.354727 1.911584 0.805593
0.269287 -0.255615 1.140503 1.441278 2.024501 0.962450
0.284180 -0.252197 1.113892 1.537151 2.117443 1.099334
0.286499 -0.244629 1.067017 1.624501 2.231691 1.218642
0.320923 -0.212769 1.021484 1.672969 2.380826 1.332623
0.382935 -0.149292 0.973267 1.665246 2.554993 1.456991
0.415405 -0.114014 0.942383 1.648202 2.752064 1.593875
0.437378 -0.090088 0.886719 1.634621 2.917710 1.716112
0.436157 -0.067505 0.842163 1.607989 3.036751 1.814381
0.414795 -0.066650 0.791748 1.567510 3.076165 1.879361
0.389038 -0.067383 0.747559 1.516112 3.022370 1.910253
0.370850 -0.072144 0.678345 1.450067 2.883622 1.929694
0.380005 -0.068481 0.825195 1.349134 2.698535 1.967244
0.503662 0.129517 0.469849 1.419174 2.400533 2.057257
0.522217 -0.078125 0.368652 1.142743 2.325699 2.206924
0.675293 0.023193 0.479248 0.641278 2.144341 2.317177
0.544312 0.207397 0.570190 0.488948 1.980293 2.312916
0.750488 0.031860 0.549927 0.463116 1.672170 2.398669
0.780762 0.146118 0.472778 0.472703 1.414381 2.186684
0.835938 0.183228 0.532593 0.341944 1.193342 1.925699
0.841675 0.210327 0.599121 0.257790 0.866578 1.715047
0.820068 0.187378 0.689453 0.282290 0.506791 1.554461
0.843384 0.222290 0.659546 0.357923 0.107057 1.401065
0.842773 0.236328 0.631470 0.404261 -0.203196 1.230892
0.847656 0.219971 0.641479 0.349401 -0.408522 1.039414
0.821899 0.216064 0.635010 0.241012 -0.486818 0.845806
0.715576 0.174927 0.644775 0.071372 -0.421571 0.678562
0.725952 0.140625 0.670166 -0.157390 -0.275899 0.583222
0.634277 0.151245 0.812744 -0.326498 -0.123835 0.489747
0.604614 0.108887 0.872803 -0.362184 -0.090546 0.432756
0.576050 0.083252 0.937744 -0.309720 -0.140080 0.384288
0.546509 0.099487 0.966675 -0.194407 -0.271638 0.338482
0.534058 0.099976 0.982178 -0.079361 -0.428495 0.301198
0.540039 0.099487 0.971680 0.008256 -0.562983 0.251398
0.520386 0.149902 0.969482 0.058322 -0.626365 0.170972
0.495850 0.141357 0.944458 0.070573 -0.601065 0.091611
0.463135 0.155029 0.939697 0.042610 -0.516644 0.015180
0.413086 0.176147 0.935303 0.011984 -0.395739 -0.039680
0.373657 0.165649 0.930420 -0.022104 -0.270839 -0.050333
0.338867 0.172974 0.934326 -0.053529 -0.164581 -0.028229
0.321899 0.168701 0.940063 -0.083888 -0.080426 0.022370
0.317749 0.164063 0.948853 -0.109188 -0.009321 0.076964
0.304810 0.164673 0.968750 -0.109987 0.045539 0.117177
0.303711 0.169189 0.972534 -0.078296 0.066578 0.141678
0.302246 0.165039 0.978271 -0.034354 0.049534 0.145140
0.298828 0.170288 0.966919 0.009321 0.005060 0.118242
0.297852 0.179810 0.943848 0.044208 -0.042876 0.072437
0.301392 0.179810 0.932739 0.059920 -0.067643 0.029294
0.300903 0.184570 0.921143 0.064181 -0.071372 -0.005593
0.293335 0.177979 0.904541 0.060719 -0.063382 -0.031425
0.289673 0.195801 0.900513 0.054328 -0.055126 -0.046871
0.287598 0.192505 0.900024 0.040213 -0.030892 -0.046338
0.281982 0.195923 0.897583 0.028495 -0.002663 -0.053795
0.273926 0.195068 0.888062 0.025033 0.017843 -0.060186
0.278809 0.188477 0.890015 0.015979 0.018908 -0.061518
0.289063 0.180420 0.897949 -0.010652 0.015446 -0.071904
0.290527 0.172241 0.904785 -0.038083 0.024767 -0.089481
0.280029 0.168457 0.910645 -0.050333 0.040213 -0.099867
0.268555 0.167480 0.910767 -0.044474 0.044474 -0.098003
0.263062 0.174805 0.914307 -0.036218 0.046605 -0.086019
0.267578 0.171875 0.917480 -0.037816 0.048735 -0.066045
0.265625 0.170776 0.918457 -0.046871 0.063382 -0.060186
0.256470 0.169800 0.924683 -0.058589 0.080426 -0.058056
0.247192 0.167969 0.927734 -0.060985 0.083888 -0.051398
0.246216 0.166138 0.937988 -0.052996 0.063382 -0.026897
0.259521 0.164307 0.947998 -0.037284 0.017310 -0.007723
0.270630 0.165283 0.949829 -0.010120 -0.033555 -0.017310
0.275635 0.176147 0.937256 0.017310 -0.070839 -0.038881
0.276489 0.182861 0.932495 0.029294 -0.082823 -0.040213
0.284668 0.179810 0.938110 0.025832 -0.071372 -0.012783
0.293579 0.184448 0.941040 0.031425 -0.049534 0.015180
0.299194 0.195068 0.935547 0.047137 -0.027430 0.030360
