0.762939 0.610352 0.238037 -0.127563 -1.699068 1.510253
0.815796 0.552979 0.272217 -0.102796 -1.959787 1.201065
0.807129 0.607544 0.265503 0.089747 -2.356858 0.778961
0.806396 0.642090 0.211060 0.345672 -2.810652 0.436485
0.860840 0.597778 0.110352 0.602929 -3.096405 0.209854
0.903442 0.590942 0.052856 0.768842 -3.107057 0.046605
0.911987 0.595215 -0.029053 0.801598 -2.932091 -0.052730
0.913818 0.599854 -0.086670 0.731558 -2.558189 -0.103063
0.877197 0.589966 -0.094482 0.588549 -2.074301 -0.128895
0.826904 0.587158 -0.095093 0.444474 -1.639148 -0.143276
0.759644 0.558472 -0.039429 0.358455 -1.353662 -0.147270
0.707031 0.544800 -0.020508 0.398935 -1.354194 -0.143542
0.687866 0.546875 -0.060181 0.540080 -1.572037 -0.161651
0.690186 0.524048 -0.112793 0.683089 -1.850599 -0.214647
0.666870 0.503662 -0.165405 0.776831 -2.129694 -0.307324
0.641846 0.488281 -0.208374 0.818376 -2.372570 -0.408788
0.618408 0.454102 -0.253540 0.811185 -2.512383 -0.501465
0.593872 0.394653 -0.281372 0.761119 -2.491878 -0.580826
0.555786 0.337891 -0.295654 0.694274 -2.323036 -0.651931
0.505005 0.262573 -0.295166 0.635153 -2.053529 -0.693742
0.418091 0.201050 -0.298828 0.601332 -1.780027 -0.695606
0.306641 0.173706 -0.302368 0.601332 -1.612783 -0.635952
0.211670 0.156738 -0.317139 0.637816 -1.636218 -0.499334
0.159668 0.162964 -0.385132 0.709987 -1.863915 -0.303329
0.156372 0.149170 -0.476318 0.750200 -2.102796 -0.067111
0.188599 0.130859 -0.560425 0.699334 -2.206392 0.157124
0.225830 0.124268 -0.627075 0.533422 -2.087350 0.331292
0.243896 0.116211 -0.673218 0.270573 -1.719041 0.457257
0.225830 0.082397 -0.656982 -0.040746 -1.191212 0.531292
0.195679 0.045044 -0.628052 -0.328895 -0.668442 0.576565
0.126099 0.011353 -0.587158 -0.562450 -0.229561 0.616511
0.032227 -0.014160 -0.527344 -0.722503 0.033822 0.665779
-0.036987 -0.021118 -0.473511 -0.853795 0.039947 0.740613
-0.101929 0.011108 -0.448975 -0.975499 -0.131025 0.841811
-0.151001 0.066772 -0.422729 -1.091345 -0.352863 0.977896
-0.156616 0.106934 -0.424927 -1.174434 -0.531025 1.160852
-0.142578 0.111084 -0.435547 -1.189880 -0.572037 1.393875
-0.125854 0.091187 -0.449951 -1.165912 -0.484687 1.659387
-0.107422 0.061768 -0.470825 -1.161385 -0.348868 1.947537
-0.092407 0.097900 -0.493652 -1.216511 -0.250333 2.259654
-0.081665 0.204102 -0.498291 -1.359254 -0.149667 2.631691
-0.059082 0.326416 -0.445679 -1.558988 -0.025832 3.053795
0.017334 0.420410 -0.418579 -1.747803 0.051931 3.487350
0.130371 0.472168 -0.368408 -1.872170 0.113981 3.878828
0.305298 0.461304 -0.327759 -1.932889 0.111052 4.201065
0.536011 0.335327 -0.244263 -1.927297 0.012250 4.489747
0.814209 0.189941 -0.157837 -1.821838 -0.228229 4.829028
1.136597 0.135010 -0.074829 -1.617843 -0.534754 5.266578
1.523438 0.133423 -0.023438 -1.347004 -0.776298 5.743808
1.952393 0.144531 -0.012817 -1.083089 -0.822636 6.035419
2.341919 0.196533 -0.007080 -0.905459 -0.553662 5.966445
2.634399 0.292358 -0.074097 -0.846871 -0.031425 5.453528
2.703003 0.269043 0.047119 -0.917710 0.617843 4.626897
2.651855 0.221069 0.068604 -1.021305 0.911318 3.710253
2.561401 0.240601 0.120972 -1.019441 0.969108 2.947270
2.472656 0.229248 0.107666 -0.946205 0.728096 2.400533
2.398682 0.272705 0.076050 -0.856991 0.327031 1.992543
2.323486 0.321045 0.024536 -0.828762 -0.071904 1.667111
2.268433 0.342407 0.010864 -0.877497 -0.357923 1.397071
2.200195 0.382690 -0.004761 -0.949134 -0.533688 1.137683
2.151245 0.379395 -0.005737 -1.040213 -0.548602 0.871638
2.086426 0.370483 0.026733 -1.128362 -0.407989 0.576032
1.981689 0.371338 0.026855 -1.181358 -0.163782 0.278296
1.851563 0.345825 0.034790 -1.180826 0.115047 0.007457
1.681396 0.348267 0.044800 -1.126232 0.286551 -0.252197
1.534424 0.351807 0.021606 -1.071904 0.257523 -0.473236
1.408203 0.350586 0.024048 -1.033555 0.096405 -0.659121
1.308105 0.344604 0.056030 -0.997603 -0.161385 -0.802663
1.253662 0.322632 0.093506 -0.966178 -0.446338 -0.896671
1.229492 0.285400 0.135864 -0.949933 -0.658589 -0.927563
1.243042 0.308838 0.175415 -0.996804 -0.714780 -0.902796
1.249512 0.295410 0.233643 -1.068176 -0.539281 -0.859121
1.223145 0.287476 0.351318 -1.139814 -0.194141 -0.802397
1.210815 0.256714 0.447998 -1.183489 0.186951 -0.752330
1.143555 0.285889 0.610962 -1.110519 0.548336 -0.714780
1.099121 0.259277 0.767334 -0.917710 0.730226 -0.675899
1.078491 0.228394 0.870117 -0.579228 0.693475 -0.660719
1.076538 0.188232 0.927856 -0.117443 0.555260 -0.696937
1.083862 0.149414 0.939453 0.452730 0.427164 -0.750200
1.115723 0.122192 0.917603 1.040746 0.350200 -0.789614
1.149292 0.093018 0.850830 1.565912 0.407723 -0.811185
1.145630 0.065918 0.807495 1.953928 0.640213 -0.818908
1.126953 0.060181 0.787720 2.204261 0.931558 -0.778695
1.110352 0.041748 0.796387 2.367510 1.160586 -0.699068
1.112305 0.008057 0.811646 2.520905 1.244740 -0.623169
1.113037 -0.010254 0.799927 2.726498 1.201065 -0.583222
1.130249 -0.052734 0.763062 2.979760 1.088149 -0.600799
1.125366 -0.108398 0.712891 3.298535 0.973103 -0.674301
1.157959 -0.126709 0.508179 3.672437 0.923569 -0.766445
1.169800 -0.154419 0.307495 4.079094 1.157656 -0.833289
1.164307 -0.205078 0.092285 4.475633 1.648202 -0.859387
1.102905 -0.225586 -0.080444 4.806924 2.226897 -0.824767
1.053955 -0.262329 -0.226685 5.049534 2.676165 -0.691079
1.031372 -0.301270 -0.349609 5.139015 2.853262 -0.530759
1.005859 -0.304199 -0.470581 5.035952 2.709188 -0.388016
1.006592 -0.281128 -0.652100 4.743808 2.339281 -0.256991
1.021606 -0.275635 -0.780884 4.332090 1.921704 -0.153129
1.045166 -0.272217 -0.865845 3.900666 1.514780 -0.103329
1.081055 -0.260498 -0.944946 3.517976 1.148069 -0.094807
1.105835 -0.247559 -1.006592 3.227430 0.908389 -0.101465
1.124023 -0.236572 -1.041016 2.979228 0.820240 -0.123302
1.119629 -0.226807 -1.047729 2.714514 0.834621 -0.154727
1.090698 -0.214111 -1.015503 2.427696 0.891877 -0.193342
1.043945 -0.221191 -0.958618 2.162450 0.900133 -0.225300
0.994507 -0.239136 -0.886597 1.974967 0.769907 -0.251398
0.957153 -0.232300 -0.851440 1.882823 0.463116 -0.258322
0.966675 -0.251343 -0.850830 1.841545 0.062317 -0.221838
0.977783 -0.219238 -0.878662 1.792543 -0.274567 -0.185619
0.985229 -0.176514 -0.896729 1.656458 -0.471638 -0.145672
0.982178 -0.122681 -0.861206 1.416245 -0.572304 -0.102530
0.985596 -0.097656 -0.784912 1.138216 -0.634354 -0.046072
1.005127 -0.075439 -0.699219 0.872437 -0.673502 -0.009055
1.017090 -0.055786 -0.602661 0.648469 -0.689747 -0.014913
1.028931 -0.046631 -0.528198 0.486551 -0.696671 -0.052463
1.027344 -0.016968 -0.474243 0.385353 -0.677230 -0.106525
1.019531 0.010498 -0.446289 0.323036 -0.629294 -0.152597
1.004517 0.032837 -0.423462 0.270306 -0.531824 -0.192011
0.979370 0.061890 -0.404785 0.209854 -0.398935 -0.211718
0.944458 0.090332 -0.381714 0.146205 -0.247936 -0.208522
0.906494 0.115845 -0.351929 0.084421 -0.128096 -0.187483
0.890137 0.133667 -0.331299 0.040479 -0.088415 -0.147004
0.875000 0.134766 -0.302124 0.014115 -0.118509 -0.099601
0.876953 0.146118 -0.288818 -0.003462 -0.206391 -0.049001
0.889160 0.172363 -0.295410 -0.015180 -0.298535 0.006391
0.899414 0.191040 -0.299927 -0.038349 -0.337150 0.055126
0.905396 0.213013 -0.299927 -0.082024 -0.316378 0.086019
0.917114 0.224609 -0.290894 -0.145406 -0.251931 0.105726
0.921387 0.222290 -0.275024 -0.206658 -0.165113 0.126232
0.920654 0.222900 -0.251221 -0.248469 -0.066312 0.140613
0.926758 0.218750 -0.223633 -0.271372 0.020772 0.157124
0.933594 0.209595 -0.211548 -0.274035 0.074834 0.183489
0.945801 0.212646 -0.196533 -0.261252 0.114780 0.199467
0.949219 0.221924 -0.173584 -0.227164 0.140080 0.198668
0.957031 0.230469 -0.178833 -0.170173 0.126232 0.185885
0.965332 0.233032 -0.183472 -0.127830 0.088415 0.157124
0.971802 0.238037 -0.193604 -0.113182 0.050866 0.109188
0.968750 0.257935 -0.203491 -0.134487 0.029827 0.055126
0.969971 0.254517 -0.198853 -0.178162 0.028229 0.006658
0.963623 0.254517 -0.194092 -0.229827 0.026099 -0.031158
0.953247 0.264282 -0.185181 -0.268708 0.016511 -0.055659
0.957642 0.265137 -0.186890 -0.291345 -0.000533 -0.057257
0.952271 0.266968 -0.173462 -0.302530 -0.002663 -0.042344
0.952759 0.271729 -0.166748 -0.312384 -0.013316 -0.015446
0.968506 0.273315 -0.158936 -0.315047 -0.031957 0.018908
0.983643 0.276978 -0.161011 -0.308123 -0.036218 0.045007
1.004028 0.280396 -0.153809 -0.305459 -0.007723 0.048202
1.021118 0.275146 -0.154175 -0.299334 0.050333 0.026631
1.022095 0.276733 -0.150513 -0.285220 0.123569 -0.014115
1.014771 0.271851 -0.140015 -0.267111 0.182157 -0.060719
1.009155 0.267090 -0.139160 -0.243941 0.207457 -0.098535
