0.493408 0.445557 -0.092041 -0.946205 -0.051664 0.298802
0.538696 0.394775 -0.027588 -1.096405 -0.029028 0.246338
0.536743 0.396606 0.031128 -1.020240 -0.138482 0.159521
0.539917 0.431274 0.048584 -0.788282 -0.358722 0.071105
0.547119 0.445190 0.000977 -0.492410 -0.600000 -0.001864
0.548218 0.469849 -0.057495 -0.221305 -0.778695 -0.087350
0.540527 0.479248 -0.121948 -0.056724 -0.865246 -0.174168
0.517578 0.500000 -0.154541 -0.014647 -0.875366 -0.242610
0.493286 0.499512 -0.183105 -0.032490 -0.842610 -0.270306
0.475464 0.496216 -0.180420 -0.052197 -0.800533 -0.252463
0.481567 0.491821 -0.183472 -0.025566 -0.798935 -0.191744
0.507202 0.484741 -0.202759 0.047936 -0.838881 -0.110519
0.541138 0.474487 -0.233398 0.135819 -0.876431 -0.035419
0.578979 0.458740 -0.261841 0.197870 -0.879893 0.002397
0.591797 0.447998 -0.297729 0.233822 -0.847403 -0.032756
0.583984 0.444336 -0.316895 0.236751 -0.764314 -0.148336
0.533203 0.432983 -0.315674 0.214647 -0.663116 -0.297470
0.454468 0.432739 -0.308350 0.216778 -0.646072 -0.439148
0.390869 0.404297 -0.302979 0.259654 -0.752597 -0.517443
0.334106 0.352051 -0.291748 0.344075 -0.955260 -0.520373
0.291382 0.315674 -0.311157 0.471105 -1.236751 -0.471372
0.265991 0.283203 -0.358521 0.611984 -1.510253 -0.397869
0.253296 0.244019 -0.443237 0.708655 -1.660985 -0.330759
0.218628 0.205200 -0.492188 0.713182 -1.648469 -0.289747
0.178955 0.156982 -0.529419 0.594940 -1.532357 -0.272170
0.138550 0.093994 -0.549927 0.347004 -1.332889 -0.267111
0.073364 0.028809 -0.471069 0.039148 -1.124367 -0.258322
0.045288 -0.021484 -0.426636 -0.218642 -1.047137 -0.187750
0.015015 -0.040405 -0.387085 -0.413049 -1.004794 -0.044474
-0.032715 -0.025635 -0.361816 -0.534487 -0.959254 0.139547
-0.060669 -0.016479 -0.346680 -0.598935 -0.886818 0.359254
-0.082275 0.003174 -0.354614 -0.629827 -0.771505 0.599201
-0.077881 -0.019897 -0.358887 -0.631691 -0.596005 0.836485
-0.085693 -0.024536 -0.376099 -0.621039 -0.392277 1.064447
-0.093628 -0.009033 -0.372803 -0.633289 -0.196804 1.325166
-0.067505 -0.037354 -0.372925 -0.654594 -0.082823 1.678828
0.013184 -0.047852 -0.414917 -0.643675 -0.064714 2.083888
0.082397 -0.006348 -0.498657 -0.655127 0.002130 2.460985
0.144897 -0.010010 -0.512451 -0.766178 0.174434 2.799734
0.204590 -0.004761 -0.522339 -0.953928 0.323569 3.111052
0.214478 0.078369 -0.506714 -1.150732 0.413582 3.400266
0.269287 0.140747 -0.510864 -1.317976 0.412783 3.691611
0.388916 0.201904 -0.568237 -1.450599 0.428762 4.001598
0.523682 0.243896 -0.606079 -1.556059 0.643142 4.360852
0.703735 0.295410 -0.673828 -1.757124 1.075366 4.736618
0.915527 0.352295 -0.598877 -2.211185 1.727563 5.075366
1.196045 0.235352 -0.268066 -2.863648 2.269774 5.342477
1.548462 0.079346 0.070923 -3.337151 2.184288 5.470306
1.950684 0.026978 0.429932 -3.367510 1.585619 5.377630
2.367188 -0.015015 0.612427 -2.936618 0.731558 5.050599
2.741333 0.025146 0.499512 -2.238615 -0.014913 4.492676
2.958984 0.140137 0.393799 -1.716645 -0.116378 3.770706
3.032227 0.167114 0.261108 -1.559787 0.285752 2.966178
2.852661 0.291016 0.284424 -1.637550 1.004794 2.131025
2.644653 0.374268 0.340332 -1.777630 1.483888 1.435686
2.427612 0.428345 0.386719 -1.830360 1.632224 0.898535
2.239258 0.466675 0.424561 -1.822370 1.394940 0.498535
2.105347 0.485718 0.454346 -1.767776 0.940346 0.211185
2.020020 0.461792 0.463623 -1.649001 0.476698 -0.012250
1.926880 0.436157 0.461670 -1.494541 0.162983 -0.227696
1.806030 0.402832 0.463623 -1.344341 0.025566 -0.427164
1.678467 0.379150 0.451294 -1.213316 0.005859 -0.597071
1.558228 0.361572 0.443726 -1.092144 0.062051 -0.724634
1.457275 0.319458 0.436279 -0.977097 0.159254 -0.791478
1.359863 0.329834 0.399536 -0.852996 0.272703 -0.811984
1.279053 0.347168 0.342529 -0.713715 0.407723 -0.798402
1.191650 0.351929 0.296265 -0.560852 0.539281 -0.775766
1.078735 0.375610 0.247925 -0.432490 0.586684 -0.758189
0.973755 0.388062 0.226196 -0.364847 0.525699 -0.733688
0.901978 0.386108 0.219727 -0.327297 0.327297 -0.684687
0.866211 0.361572 0.218628 -0.307324 0.064447 -0.615712
0.845215 0.345703 0.234131 -0.315579 -0.155260 -0.541411
0.830200 0.329468 0.271240 -0.344873 -0.274567 -0.451132
0.834839 0.304932 0.319824 -0.368309 -0.299601 -0.332889
0.844482 0.297974 0.367554 -0.389081 -0.227164 -0.208256
0.867188 0.296387 0.447144 -0.429827 -0.064714 -0.113981
0.894897 0.294189 0.544678 -0.482290 0.139015 -0.085486
0.873779 0.279053 0.712036 -0.513449 0.347270 -0.134487
0.827881 0.261108 0.911133 -0.450866 0.383755 -0.237284
0.797852 0.246338 1.072754 -0.228495 0.158988 -0.335819
0.822632 0.198486 1.213867 0.151798 -0.213316 -0.378695
0.874512 0.173096 1.265869 0.663648 -0.587217 -0.349933
0.982910 0.135986 1.267456 1.194940 -0.759254 -0.258589
1.085938 0.107788 1.247070 1.672703 -0.646871 -0.121971
1.166016 0.111694 1.156738 2.058056 -0.280692 0.016511
1.211670 0.134155 1.089233 2.304927 0.292144 0.129161
1.241943 0.133911 1.005737 2.415180 0.919574 0.176032
1.236206 0.107666 0.963135 2.450067 1.498003 0.149134
1.222290 0.063477 0.919678 2.508389 1.905726 0.078828
1.193604 0.033569 0.833618 2.690013 2.112650 0.007457
1.162598 0.003174 0.723022 2.993342 2.121704 -0.043409
1.163940 -0.057739 0.565918 3.364048 1.960586 -0.069507
1.170410 -0.105835 0.378906 3.724634 1.717443 -0.084421
1.177246 -0.125732 0.191650 4.012783 1.475366 -0.092943
1.209351 -0.153076 -0.043335 4.172570 1.284154 -0.097736
1.236816 -0.137573 -0.249512 4.180826 1.238349 -0.101997
1.278198 -0.129150 -0.495850 4.010386 1.335553 -0.121704
1.285156 -0.118042 -0.659668 3.642876 1.586152 -0.147004
1.256470 -0.099609 -0.778687 3.170706 1.888682 -0.178429
1.194092 -0.078979 -0.789551 2.680426 2.135819 -0.196272
1.142944 -0.077637 -0.782593 2.296937 2.189348 -0.179228
1.100708 -0.079956 -0.764160 2.058589 2.044208 -0.139547
1.054688 -0.075439 -0.754150 1.978162 1.701997 -0.087084
1.050415 -0.069946 -0.771851 2.006125 1.192277 -0.035153
1.075073 -0.048828 -0.834595 2.037550 0.647936 0.005326
1.119873 -0.021362 -0.893066 1.968309 0.246871 0.017843
1.158081 -0.010498 -0.916260 1.750466 0.072969 0.013582
1.169189 0.018188 -0.893677 1.436751 0.087084 -0.014115
1.164307 0.034180 -0.817871 1.086285 0.185885 -0.055925
1.140381 0.058472 -0.724976 0.781891 0.263116 -0.108123
1.116821 0.085327 -0.646118 0.564314 0.289214 -0.150466
1.085083 0.097412 -0.547974 0.401065 0.264714 -0.179760
1.050903 0.106567 -0.458740 0.284953 0.124101 -0.204527
1.030640 0.124146 -0.379028 0.211451 -0.111318 -0.224501
1.026489 0.130981 -0.320068 0.158189 -0.377364 -0.245806
1.013306 0.161987 -0.276611 0.111052 -0.588282 -0.282024
1.012573 0.180664 -0.230103 0.052463 -0.697736 -0.317710
1.006958 0.183838 -0.198853 -0.018109 -0.707057 -0.348069
0.994141 0.196045 -0.162231 -0.092410 -0.637017 -0.370972
0.968994 0.218628 -0.134521 -0.161917 -0.525166 -0.373369
0.947998 0.233521 -0.109131 -0.227164 -0.402130 -0.356591
0.924072 0.256226 -0.074219 -0.298535 -0.298269 -0.331824
0.895142 0.277466 -0.028809 -0.377364 -0.227430 -0.305193
0.881836 0.287476 0.009155 -0.443142 -0.208788 -0.269241
0.874878 0.287598 0.059082 -0.462850 -0.234887 -0.230360
0.871948 0.286865 0.086914 -0.427430 -0.298269 -0.185885
0.882446 0.288696 0.101440 -0.363249 -0.363249 -0.131558
0.902100 0.297729 0.098877 -0.296138 -0.388282 -0.079095
0.919556 0.311646 0.088257 -0.248469 -0.344075 -0.049268
0.938110 0.307373 0.078247 -0.236218 -0.230093 -0.038349
0.938110 0.307617 0.075684 -0.241278 -0.069774 -0.039947
0.919556 0.314941 0.090942 -0.241278 0.094274 -0.048735
0.896729 0.320557 0.100464 -0.229561 0.205593 -0.049534
0.879272 0.324829 0.111694 -0.218109 0.251664 -0.038349
0.869019 0.327271 0.115356 -0.205593 0.226099 -0.023968
0.873657 0.324829 0.120239 -0.177097 0.158988 -0.008788
0.881958 0.319946 0.121826 -0.123302 0.075899 0.008522
0.898438 0.322876 0.108521 -0.066844 -0.006658 0.019707
0.912964 0.319946 0.076782 -0.038615 -0.043142 0.018908
0.913818 0.331421 0.063721 -0.048202 -0.013582 0.009321
0.907227 0.338745 0.057251 -0.086551 0.056192 -0.002397
0.886230 0.336670 0.061646 -0.137949 0.127830 -0.015979
0.859985 0.331543 0.088135 -0.170972 0.163249 -0.024234
0.845459 0.317749 0.099609 -0.170972 0.140080 -0.010652
0.834229 0.318970 0.093994 -0.144341 0.067643 0.021571
0.843750 0.328735 0.089600 -0.110786 -0.009854 0.067909
0.865479 0.332642 0.070435 -0.095872 -0.066844 0.118242
0.884277 0.339844 0.067261 -0.113182 -0.088415 0.151265
0.909302 0.342041 0.056274 -0.143808 -0.072437 0.164847
0.933472 0.351440 0.063965 -0.181891 -0.025832 0.167510
