-0.066162 0.595825 0.786133 -0.292943 -0.097736 0.294274
0.053345 0.538086 0.693848 -0.247137 -0.243941 0.364048
0.043091 0.542114 0.728516 -0.152597 -0.229827 0.381891
0.054932 0.556152 0.718872 -0.015979 -0.237017 0.352064
0.067749 0.545654 0.708496 0.104927 -0.225566 0.328362
0.082275 0.530762 0.690430 0.198402 -0.211451 0.305193
0.089478 0.516846 0.673706 0.260719 -0.197603 0.284154
0.095581 0.504883 0.643433 0.287883 -0.178162 0.272437
0.115112 0.479126 0.621338 0.287617 -0.142210 0.266045
0.134766 0.451050 0.597290 0.275100 -0.099334 0.259121
0.158691 0.416260 0.573975 0.267111 -0.047403 0.241545
0.187866 0.369751 0.545898 0.276698 -0.002130 0.214381
0.216431 0.321289 0.504395 0.304128 0.017044 0.183222
0.245605 0.278442 0.450195 0.350466 0.013049 0.152597
0.275757 0.239624 0.388428 0.407723 0.018375 0.115313
0.282959 0.203491 0.310059 0.460453 0.030093 0.046871
0.245850 0.181030 0.251099 0.522503 0.025566 -0.038349
0.192749 0.173828 0.178467 0.608788 -0.056192 -0.108921
0.163330 0.173462 0.113281 0.720373 -0.250067 -0.134221
0.181152 0.193604 0.029175 0.822636 -0.549401 -0.073768
0.224731 0.217773 -0.061279 0.837017 -0.843675 0.053262
0.301147 0.243652 -0.140869 0.711052 -1.034088 0.169108
0.389404 0.241211 -0.201782 0.448202 -1.067111 0.241012
0.475586 0.222656 -0.230591 0.070839 -0.919574 0.239148
0.530518 0.199585 -0.240112 -0.384021 -0.630626 0.135553
0.539429 0.175293 -0.210449 -0.888415 -0.238349 -0.066578
0.491333 0.170532 -0.140625 -1.407723 0.148336 -0.334487
0.429077 0.159668 -0.029907 -1.879361 0.406658 -0.566711
0.390747 0.130249 0.082397 -2.223435 0.455659 -0.706525
0.354370 0.119995 0.210205 -2.420240 0.294008 -0.754993
0.324463 0.108154 0.312988 -2.475366 -0.053795 -0.735553
0.332520 0.101074 0.398560 -2.381358 -0.538216 -0.691877
0.344849 0.100708 0.464233 -2.220506 -1.089481 -0.667909
0.359131 0.130249 0.491211 -2.088682 -1.625033 -0.680692
0.389526 0.175415 0.499268 -2.059654 -2.024767 -0.713981
0.403076 0.274292 0.518677 -2.212783 -2.222370 -0.740080
0.431152 0.352661 0.569214 -2.552064 -2.176831 -0.737683
0.468140 0.359375 0.672974 -2.996538 -1.942743 -0.738748
0.455200 0.356567 0.826294 -3.473236 -1.642876 -0.787483
0.404785 0.329102 1.024048 -3.886818 -1.423702 -0.900666
0.376831 0.266724 1.224976 -4.132357 -1.349667 -1.062317
0.364502 0.202881 1.423462 -4.227696 -1.386951 -1.254328
0.325317 0.128052 1.607422 -4.217843 -1.475899 -1.474567
0.260742 0.059692 1.812622 -4.121705 -1.599201 -1.700932
0.182007 0.006836 1.994629 -3.981358 -1.772304 -1.912650
0.088013 -0.006714 2.139648 -3.769907 -1.981358 -2.039947
0.024292 0.020264 2.222412 -3.424234 -2.208256 -2.028495
0.012573 0.041748 2.260254 -3.002397 -2.305726 -1.888948
0.041504 0.040894 2.245117 -2.646338 -2.153129 -1.677497
0.066895 0.063110 2.212280 -2.420772 -1.682823 -1.425033
0.047241 0.077515 2.203369 -2.321172 -0.948602 -1.162450
0.013672 0.065430 2.203979 -2.284421 -0.131824 -0.916911
-0.048218 0.062012 2.188232 -2.221039 0.598402 -0.717177
-0.128174 0.063477 2.187378 -2.093475 1.146738 -0.568842
-0.191406 0.044678 2.168945 -1.856724 1.421039 -0.461252
-0.250122 0.041016 2.122192 -1.474301 1.422370 -0.385619
-0.288208 0.051880 2.033447 -0.988282 1.194141 -0.326764
-0.301392 0.082642 1.901245 -0.504660 0.859387 -0.296138
-0.286865 0.095703 1.771240 -0.137683 0.557923 -0.286818
-0.270996 0.101563 1.645874 0.064181 0.362983 -0.284687
-0.254517 0.086304 1.558228 0.107590 0.323036 -0.272437
-0.251099 0.047241 1.510986 0.045007 0.424501 -0.248735
-0.269287 0.006470 1.490479 -0.020240 0.621305 -0.210386
-0.301270 -0.038574 1.461426 -0.015180 0.847670 -0.146205
-0.354126 -0.076782 1.400269 0.059121 1.054061 -0.079361
-0.445923 -0.108276 1.351440 0.149401 1.220240 -0.033555
-0.534424 -0.139648 1.292358 0.250599 1.280959 -0.006658
-0.628052 -0.190674 1.271973 0.370972 1.240746 0.047936
-0.673462 -0.226318 1.249878 0.477230 1.070573 0.140346
-0.692139 -0.265015 1.234619 0.558722 0.843941 0.309720
-0.692017 -0.296265 1.227539 0.587750 0.634354 0.549667
-0.666748 -0.318848 1.232056 0.588549 0.517710 0.839148
-0.601929 -0.362183 1.254883 0.564314 0.532889 1.124367
-0.532227 -0.435547 1.297485 0.504927 0.645007 1.345672
-0.474854 -0.482056 1.336304 0.450599 0.796804 1.475366
-0.424683 -0.492310 1.369873 0.458855 0.940612 1.584820
-0.384766 -0.467285 1.393799 0.555526 1.029294 1.768842
-0.322510 -0.411743 1.373169 0.768575 1.022903 2.071904
-0.210327 -0.375366 1.309448 1.076698 0.951531 2.460985
-0.063721 -0.320435 1.203247 1.447137 0.918509 2.838881
0.078369 -0.249390 1.044922 1.732890 0.998935 3.128628
0.192261 -0.177368 0.886963 1.827430 1.272437 3.321172
0.256592 -0.151123 0.768677 1.732357 1.699867 3.444474
0.270630 -0.141846 0.700806 1.522237 2.107856 3.509454
0.265381 -0.133423 0.653076 1.299867 2.322503 3.548602
0.287476 -0.097656 0.640503 1.118775 2.252996 3.606125
0.342407 -0.070679 0.619385 0.966977 1.898802 3.699334
0.422852 -0.042969 0.585693 0.830093 1.390146 3.747270
0.527466 0.019531 0.560181 0.700399 0.887084 3.700133
0.619263 0.086792 0.548096 0.543009 0.496671 3.576032
0.697144 0.136353 0.550781 0.376565 0.239947 3.373369
0.740479 0.176636 0.558838 0.231957 0.104660 3.076698
0.738647 0.195190 0.580811 0.096671 0.041545 2.711318
0.724731 0.213257 0.590820 -0.029827 -0.007190 2.325965
0.703247 0.249146 0.626953 -0.127031 -0.068975 1.974700
0.688965 0.256836 0.664673 -0.193875 -0.164581 1.702796
0.676147 0.258911 0.681030 -0.213848 -0.268975 1.470040
0.650513 0.283569 0.702148 -0.201332 -0.330759 1.243941
0.620361 0.289185 0.723877 -0.190679 -0.343808 1.031691
0.575562 0.267456 0.741943 -0.179760 -0.327830 0.837550
0.527588 0.255127 0.776733 -0.177630 -0.317443 0.664714
0.475220 0.242065 0.809082 -0.185353 -0.338482 0.530493
0.436157 0.218384 0.820190 -0.210652 -0.393342 0.431158
0.390747 0.225952 0.875122 -0.221838 -0.438881 0.358722
0.380005 0.222168 0.902344 -0.223435 -0.528096 0.330493
0.370239 0.215210 0.930298 -0.221305 -0.594674 0.299601
0.355225 0.217285 0.942627 -0.207190 -0.629561 0.237284
0.334961 0.219727 0.954102 -0.186418 -0.624234 0.159254
0.305420 0.219971 0.961548 -0.178162 -0.581625 0.069241
0.268433 0.225952 0.964478 -0.180027 -0.499334 -0.008788
0.234009 0.232544 0.970459 -0.193076 -0.403196 -0.059920
0.203369 0.238892 0.969238 -0.219441 -0.283356 -0.087883
0.176514 0.233276 0.978516 -0.254061 -0.140879 -0.108921
0.151245 0.226929 0.999878 -0.281225 -0.017044 -0.112916
0.131958 0.214355 1.015503 -0.285486 0.058589 -0.099601
0.115723 0.207153 1.023315 -0.255659 0.080959 -0.083356
0.100098 0.206177 1.024780 -0.191744 0.048469 -0.063116
0.096558 0.207520 1.016724 -0.110786 -0.017310 -0.049001
0.093506 0.217651 0.996216 -0.036751 -0.076165 -0.051664
0.092285 0.231934 0.970093 0.012783 -0.101465 -0.065779
0.088867 0.242676 0.951538 0.019441 -0.090546 -0.088149
0.078369 0.244751 0.946533 -0.013848 -0.064980 -0.112383
0.072632 0.250488 0.948975 -0.060985 -0.039414 -0.137150
0.063599 0.249146 0.950684 -0.113182 -0.007457 -0.164847
0.055054 0.242920 0.958496 -0.160053 0.027696 -0.191478
0.041992 0.232910 0.963989 -0.180293 0.052197 -0.207989
0.030151 0.231934 0.983521 -0.172037 0.061784 -0.202929
0.025879 0.229736 0.981567 -0.138748 0.049534 -0.179494
0.021118 0.232544 0.976807 -0.099334 0.022636 -0.156325
0.025391 0.235718 0.970825 -0.068442 -0.003462 -0.144341
0.027222 0.231201 0.968140 -0.057257 -0.026897 -0.151265
0.025757 0.228516 0.970703 -0.058589 -0.044474 -0.161651
0.028931 0.220215 0.970093 -0.065513 -0.056458 -0.158455
0.036255 0.219604 0.977905 -0.074834 -0.050866 -0.146471
0.034912 0.214111 0.977905 -0.085752 -0.023169 -0.135819
0.029053 0.213257 0.981201 -0.094274 0.014913 -0.125433
0.026611 0.209717 0.990723 -0.094008 0.049001 -0.105193
0.029419 0.199463 0.992188 -0.084953 0.060985 -0.083622
0.029419 0.192505 0.992920 -0.071904 0.056458 -0.074567
0.027710 0.191772 0.996460 -0.045273 0.036751 -0.072703
0.032959 0.195190 0.980347 -0.011718 0.013582 -0.061252
0.034546 0.196289 0.962891 0.020240 0.003462 -0.046072
0.044922 0.197754 0.948364 0.037816 0.008256 -0.030892
0.044189 0.200928 0.935059 0.038349 0.023968 -0.014913
0.049805 0.198730 0.925171 0.020772 0.038881 -0.002929
0.047607 0.198730 0.919922 -0.000533 0.049534 0.004261
0.053345 0.198975 0.914429 -0.020240 0.046605 0.007457
0.053833 0.200439 0.903809 -0.037017 0.033289 0.008788
0.057373 0.203735 0.910034 -0.053529 0.018642 0.004794
0.063843 0.198608 0.910889 -0.067377 0.001598 0.001065
