0.381714 0.661499 0.513428 -0.174967 -0.383489 -0.027696
0.453979 0.600586 0.467651 -0.109720 -0.438349 0.041278
0.457275 0.605225 0.442749 -0.051398 -0.386951 0.052197
0.490356 0.566162 0.419800 -0.030360 -0.329427 0.066844
0.512573 0.527344 0.390015 -0.026365 -0.249534 0.049534
0.528442 0.480713 0.364502 -0.033023 -0.163515 -0.001332
0.532593 0.429077 0.338379 -0.046605 -0.092144 -0.077763
0.528198 0.382690 0.303101 -0.052463 -0.051931 -0.163515
0.507813 0.368286 0.259521 -0.056991 -0.030360 -0.251398
0.457764 0.387329 0.216187 -0.094807 0.021039 -0.336352
0.400269 0.403442 0.181152 -0.161385 0.100932 -0.381891
0.350586 0.426758 0.155273 -0.211451 0.155526 -0.355526
0.309692 0.454224 0.136841 -0.226631 0.131025 -0.255127
0.316772 0.435669 0.115723 -0.215446 -0.007190 -0.108389
0.335815 0.413940 0.101196 -0.182423 -0.272170 0.017843
0.373413 0.391724 0.088013 -0.139281 -0.653795 0.092676
0.432373 0.359253 0.063232 -0.120639 -1.102796 0.099601
0.498291 0.334717 0.034180 -0.165113 -1.497470 0.021039
0.542847 0.305908 0.009766 -0.305992 -1.722770 -0.132357
0.525635 0.334473 0.003906 -0.543808 -1.734754 -0.333688
0.476563 0.368164 0.026611 -0.847137 -1.576032 -0.499867
0.432739 0.364258 0.059814 -1.134487 -1.331558 -0.556591
0.398071 0.390625 0.074829 -1.347270 -1.066578 -0.516644
0.386475 0.412842 0.103271 -1.485752 -0.799467 -0.378429
0.400757 0.402954 0.122681 -1.576298 -0.579228 -0.166445
0.448608 0.384766 0.127197 -1.677230 -0.403462 0.037284
0.502563 0.351563 0.134399 -1.827164 -0.253795 0.164847
0.552002 0.309814 0.167847 -2.037017 -0.113449 0.183755
0.572144 0.301025 0.203125 -2.287883 0.005593 0.102796
0.560425 0.339111 0.271118 -2.549667 0.101465 0.004261
0.566772 0.342529 0.339966 -2.760852 0.123036 -0.040746
0.582520 0.337158 0.403564 -2.889481 0.070306 -0.037816
0.605469 0.354614 0.444824 -2.960320 -0.036751 -0.029827
0.630127 0.356567 0.463501 -3.027696 -0.141145 -0.059121
0.648315 0.321411 0.485107 -3.135553 -0.210919 -0.157656
0.633301 0.323975 0.525513 -3.301198 -0.245273 -0.352330
0.597900 0.301147 0.584106 -3.511585 -0.263382 -0.590413
0.537842 0.286987 0.676147 -3.736884 -0.318775 -0.811984
0.484741 0.259888 0.820679 -3.914248 -0.452463 -0.970972
0.444092 0.210083 0.986328 -3.983222 -0.703862 -1.017577
0.534302 0.120239 1.118652 -3.875633 -1.084421 -0.914248
0.544678 0.188599 1.203125 -3.574700 -1.476698 -0.561118
0.609131 0.245239 1.270508 -3.300400 -1.781092 -0.264181
0.696411 0.330444 1.330566 -3.137151 -1.885486 -0.131025
0.773315 0.353271 1.356323 -3.152330 -1.675899 -0.196005
0.779175 0.329224 1.447754 -3.331292 -1.119308 -0.409055
0.707764 0.271362 1.598999 -3.507324 -0.395206 -0.638615
0.584473 0.179321 1.781860 -3.518509 0.221571 -0.744874
0.462158 0.147217 1.938354 -3.237816 0.567510 -0.680426
0.362427 0.122070 1.990601 -2.703063 0.564581 -0.478296
0.367310 0.118286 2.000732 -2.079894 0.221305 -0.215446
0.385986 0.213135 1.933105 -1.460985 -0.227164 -0.013582
0.441650 0.248291 1.790039 -0.986684 -0.560053 0.103063
0.468750 0.277954 1.699097 -0.730759 -0.707856 0.120639
0.458130 0.324463 1.610107 -0.594141 -0.702796 0.069507
0.440186 0.334351 1.542603 -0.527563 -0.614647 0.002929
0.407959 0.335571 1.490234 -0.472437 -0.487084 -0.056991
0.360474 0.344360 1.445435 -0.405859 -0.353129 -0.102530
0.322021 0.339722 1.402710 -0.340613 -0.241811 -0.114248
0.288696 0.332153 1.375854 -0.282024 -0.162184 -0.101997
0.267090 0.323975 1.362549 -0.225033 -0.120107 -0.074035
0.260864 0.304565 1.357788 -0.155792 -0.123835 -0.027696
0.257446 0.287842 1.359985 -0.059121 -0.116378 0.019174
0.263672 0.259155 1.352539 0.050866 -0.082823 0.049800
0.262817 0.232788 1.344482 0.188016 -0.045806 0.052730
0.256714 0.211304 1.333130 0.325965 -0.010120 0.047936
0.245850 0.182129 1.302856 0.456991 0.049001 0.051132
0.237061 0.153320 1.284668 0.573901 0.128628 0.074834
0.225464 0.132324 1.267456 0.669507 0.225033 0.120639
0.214233 0.104736 1.251465 0.736884 0.323302 0.182157
0.189453 0.093140 1.236572 0.787217 0.443409 0.253529
0.169434 0.080811 1.257813 0.828762 0.565113 0.337150
0.150513 0.053223 1.257568 0.887883 0.626897 0.433023
0.147217 0.036621 1.237915 0.992543 0.661252 0.527297
0.152710 0.017578 1.225464 1.128628 0.692943 0.631957
0.167236 -0.007690 1.188721 1.256724 0.715579 0.751265
0.184204 -0.027466 1.153198 1.355526 0.750999 0.869507
0.195801 -0.042236 1.127563 1.424501 0.806125 0.991478
0.213745 -0.053955 1.095215 1.463382 0.882557 1.117976
0.223145 -0.065308 1.061890 1.487350 0.991212 1.246338
0.236694 -0.060425 1.024170 1.508921 1.121438 1.378163
0.274048 -0.062622 1.002686 1.524367 1.264181 1.527563
0.319946 -0.066650 0.979736 1.521704 1.402130 1.679361
0.351563 -0.062012 0.960938 1.525433 1.529960 1.791212
0.381348 -0.062500 0.946289 1.552330 1.625566 1.870040
0.397217 -0.065674 0.924683 1.594407 1.677497 1.941411
0.391602 -0.057373 0.892578 1.640479 1.683888 2.002397
0.376465 -0.051514 0.855591 1.693209 1.651132 2.056458
0.392822 -0.039185 0.807495 1.742743 1.563782 2.104128
0.448730 0.006592 0.755615 1.781358 1.444740 2.188549
0.526123 0.062134 0.695557 1.832756 1.337683 2.400533
0.634766 0.106201 0.621582 1.873502 1.274567 2.655659
0.755005 0.153320 0.555054 1.843143 1.307324 2.823169
0.843628 0.209595 0.506958 1.699867 1.453262 2.855126
0.892090 0.225952 0.496460 1.489481 1.637816 2.740346
0.897827 0.256226 0.464355 1.262317 1.725166 2.485486
0.849121 0.301025 0.485474 1.014381 1.758722 2.176565
0.788940 0.274292 0.526611 0.804261 1.624767 1.914248
0.766968 0.289185 0.547852 0.673236 1.298802 1.719840
0.775879 0.294067 0.574707 0.647137 0.873502 1.612517
0.805664 0.302246 0.576416 0.722237 0.395206 1.612783
0.865723 0.327515 0.536987 0.827430 -0.049800 1.616511
0.926880 0.346191 0.490479 0.867377 -0.329960 1.544075
0.949219 0.366577 0.452271 0.785353 -0.387483 1.383489
0.931519 0.392212 0.443604 0.590945 -0.266844 1.165113
0.875488 0.396362 0.462524 0.342210 -0.058056 0.936884
0.796631 0.388062 0.517822 0.106525 0.136884 0.729427
0.728149 0.353638 0.574341 -0.066045 0.235419 0.566977
0.685303 0.318359 0.633545 -0.167510 0.227164 0.462317
0.658203 0.291504 0.695068 -0.193609 0.123302 0.426897
0.647705 0.275635 0.741333 -0.139015 -0.067909 0.453262
0.667236 0.277222 0.755249 -0.025033 -0.305726 0.489481
0.687866 0.291260 0.739014 0.090812 -0.495073 0.474567
0.692383 0.314087 0.717407 0.147537 -0.590146 0.388016
0.689331 0.334595 0.689331 0.116911 -0.576831 0.251398
0.661011 0.336548 0.696045 0.002130 -0.457523 0.100399
0.629883 0.331177 0.723511 -0.147803 -0.290546 -0.033822
0.580200 0.315552 0.763306 -0.278562 -0.133688 -0.130493
0.529541 0.293457 0.814087 -0.344607 -0.031158 -0.184021
0.485229 0.276733 0.851440 -0.317710 -0.017310 -0.196005
0.460815 0.270996 0.863647 -0.216778 -0.083089 -0.172037
0.446655 0.280273 0.848267 -0.092144 -0.177896 -0.124900
0.449219 0.296875 0.821167 -0.005060 -0.248469 -0.081491
0.459229 0.319458 0.811768 0.008256 -0.269774 -0.058322
0.462158 0.332642 0.804565 -0.034621 -0.241545 -0.064980
0.460938 0.337891 0.816650 -0.096405 -0.173901 -0.100399
0.455444 0.334717 0.827271 -0.153395 -0.084953 -0.150200
0.439331 0.324219 0.843018 -0.201332 0.007457 -0.201332
0.415161 0.315796 0.862915 -0.229294 0.075899 -0.234088
0.388916 0.302612 0.876343 -0.238881 0.109987 -0.232756
0.372070 0.295288 0.884399 -0.207989 0.108921 -0.199734
0.363525 0.297974 0.887695 -0.137417 0.074301 -0.135286
0.373535 0.306274 0.865601 -0.054061 0.025033 -0.051398
0.387451 0.310181 0.848511 0.010386 -0.007989 0.025832
0.404785 0.321167 0.824951 0.031425 -0.011185 0.075632
0.411255 0.330688 0.816284 0.017843 0.019441 0.086551
0.411133 0.334229 0.806396 -0.007723 0.061252 0.072170
0.403320 0.338745 0.814209 -0.031691 0.087084 0.056724
0.402222 0.337402 0.813477 -0.050599 0.090013 0.047936
0.396606 0.336304 0.817383 -0.053795 0.076698 0.041545
0.394897 0.334106 0.813354 -0.039148 0.049534 0.040213
0.396484 0.340454 0.812378 -0.024234 0.023968 0.047403
0.409912 0.343628 0.807739 -0.037017 0.014115 0.060186
0.413696 0.343994 0.809326 -0.067909 0.028495 0.072703
0.411499 0.342285 0.823608 -0.087084 0.062317 0.084687
0.417969 0.342407 0.829468 -0.081225 0.086019 0.102796
0.427490 0.336914 0.831665 -0.073768 0.092410 0.121704
0.435425 0.337524 0.828125 -0.073502 0.088948 0.116112
0.438354 0.337524 0.829956 -0.068708 0.084421 0.087350
0.424561 0.340210 0.825073 -0.057257 0.067377 0.055659
