0.232788 0.461670 0.719238 -0.362983 -0.199467 0.041545
0.225952 0.440674 0.761353 -0.367244 -0.116112 -0.115579
0.193604 0.476807 0.761719 -0.301465 -0.097470 -0.244740
0.158691 0.484863 0.753784 -0.198402 -0.118775 -0.284953
0.142334 0.480957 0.724487 -0.059654 -0.156591 -0.254328
0.155273 0.503540 0.673218 0.074834 -0.177097 -0.178695
0.178589 0.518677 0.630249 0.154993 -0.148868 -0.089481
0.203125 0.511841 0.581055 0.166711 -0.079893 -0.010919
0.228149 0.510132 0.550903 0.093209 0.038083 0.025033
0.248413 0.488892 0.543091 -0.025566 0.182423 0.026631
0.257324 0.457275 0.537109 -0.137150 0.316644 0.007457
0.249634 0.421265 0.536377 -0.204794 0.404794 -0.031425
0.250122 0.382324 0.530518 -0.209055 0.421571 -0.080426
0.251221 0.351929 0.511597 -0.173635 0.368309 -0.124368
0.259155 0.336792 0.497803 -0.111585 0.257523 -0.142477
0.278198 0.296265 0.477051 -0.016778 0.101198 -0.120905
0.321777 0.242554 0.446655 0.101465 -0.108123 -0.079893
0.372925 0.201904 0.406860 0.229294 -0.335020 -0.049001
0.425903 0.174316 0.346313 0.359521 -0.537417 -0.054061
0.478394 0.156616 0.263184 0.451931 -0.658056 -0.108921
0.508545 0.134521 0.190308 0.460719 -0.652463 -0.212250
0.506226 0.118286 0.121704 0.377364 -0.527031 -0.352597
0.458740 0.098511 0.073730 0.238083 -0.343808 -0.499334
0.404785 0.084473 0.040649 0.063915 -0.131558 -0.630892
0.319214 0.105225 0.021729 -0.112383 0.053795 -0.704660
0.228882 0.171387 0.007690 -0.252197 0.151265 -0.661252
0.166016 0.233643 -0.011230 -0.366711 0.133688 -0.500932
0.143433 0.306885 -0.012573 -0.466045 0.007989 -0.268442
0.187744 0.309082 -0.019531 -0.576032 -0.206658 -0.000799
0.265869 0.266113 -0.006592 -0.728096 -0.456724 0.214115
0.354736 0.231201 -0.004761 -0.921704 -0.696937 0.303595
0.418701 0.175415 0.010010 -1.168575 -0.862051 0.253262
0.453491 0.168335 0.033203 -1.487883 -0.897470 0.083888
0.430664 0.217163 0.078369 -1.888948 -0.787217 -0.153395
0.342773 0.332031 0.167358 -2.313182 -0.554194 -0.390945
0.248535 0.414185 0.274902 -2.714780 -0.300133 -0.538216
0.178345 0.404053 0.428223 -3.042077 -0.135819 -0.556591
0.125854 0.368530 0.594238 -3.238349 -0.152330 -0.517443
0.113892 0.334229 0.720337 -3.276431 -0.352863 -0.441012
0.154297 0.274658 0.853149 -3.224767 -0.639414 -0.348336
0.209351 0.290527 0.968018 -3.182690 -0.875899 -0.321971
0.260132 0.314453 1.092773 -3.243409 -0.937683 -0.369640
0.311523 0.295410 1.288940 -3.438881 -0.855393 -0.434620
0.326904 0.227295 1.558105 -3.672703 -0.730493 -0.519574
0.305420 0.163086 1.858887 -3.770706 -0.693742 -0.609321
0.276978 0.128418 2.133667 -3.592810 -0.825832 -0.670573
0.278809 0.121460 2.302734 -3.096937 -1.042077 -0.659654
0.289795 0.157104 2.345215 -2.400266 -1.222903 -0.558988
0.339966 0.213867 2.303589 -1.729427 -1.247137 -0.429827
0.388306 0.259033 2.207031 -1.280426 -1.030892 -0.346471
0.398682 0.278320 2.125977 -1.090280 -0.640479 -0.301198
0.379395 0.307373 2.087158 -1.053262 -0.219707 -0.279361
0.361938 0.301758 2.046021 -1.026098 0.132091 -0.259387
0.333130 0.295166 1.994019 -0.914514 0.353928 -0.268176
0.282837 0.309326 1.909546 -0.699601 0.456458 -0.324634
0.227051 0.322510 1.798218 -0.438083 0.453795 -0.407723
0.181152 0.309570 1.676025 -0.220506 0.386152 -0.496671
0.136475 0.289063 1.573486 -0.113981 0.284154 -0.594407
0.082886 0.261108 1.490234 -0.104128 0.163249 -0.683356
0.030640 0.223755 1.434082 -0.140080 0.033289 -0.741145
-0.011475 0.179810 1.395752 -0.146471 -0.105193 -0.748602
-0.033325 0.140015 1.344727 -0.075632 -0.245806 -0.702796
-0.049683 0.115967 1.273682 0.045007 -0.361917 -0.611451
-0.054565 0.131470 1.185425 0.166711 -0.414115 -0.486818
-0.049561 0.142090 1.091919 0.225566 -0.369907 -0.350999
-0.057129 0.138062 1.031250 0.188282 -0.215979 -0.242876
-0.087891 0.127808 1.006714 0.087350 0.014913 -0.179494
-0.129883 0.091187 1.013306 -0.029294 0.242610 -0.156059
-0.197876 0.045654 1.052856 -0.115846 0.398402 -0.178429
-0.265137 -0.008667 1.098389 -0.146205 0.448202 -0.219174
-0.338135 -0.059692 1.136597 -0.102530 0.397869 -0.259121
-0.410156 -0.102783 1.175293 0.021039 0.289481 -0.272703
-0.473022 -0.133667 1.178711 0.197870 0.148336 -0.208256
-0.507935 -0.153320 1.152588 0.393342 0.028495 -0.063915
-0.511353 -0.182983 1.121460 0.535553 -0.010120 0.132889
-0.517700 -0.206177 1.097656 0.579494 0.083356 0.352064
-0.533447 -0.229126 1.087402 0.533955 0.286019 0.571238
-0.560181 -0.264893 1.099854 0.432490 0.523036 0.772037
-0.570923 -0.311890 1.131714 0.319308 0.713981 0.932091
-0.564331 -0.351685 1.162720 0.235153 0.818908 1.063382
-0.536987 -0.370728 1.167236 0.191478 0.845007 1.195739
-0.490479 -0.382813 1.165894 0.181092 0.849800 1.354727
-0.444580 -0.380737 1.150635 0.210120 0.864181 1.550732
-0.406250 -0.360596 1.132568 0.268176 0.890280 1.803196
-0.330078 -0.312134 1.098511 0.362983 0.916911 2.118242
-0.205200 -0.243286 1.043457 0.452996 0.959254 2.487617
-0.047974 -0.177734 0.997681 0.492144 1.078828 2.871904
0.145996 -0.091797 0.954834 0.453795 1.281758 3.227696
0.331421 -0.022705 0.937500 0.321971 1.547537 3.532357
0.506104 0.014404 0.951416 0.133688 1.811451 3.713981
0.684326 0.049072 0.930786 -0.054860 2.019174 3.711318
0.780273 0.090820 0.952759 -0.234887 2.175233 3.516378
0.816406 0.114014 0.984619 -0.338482 2.210919 3.185885
0.812012 0.131470 1.009277 -0.323302 2.076432 2.800266
0.812622 0.169678 1.028320 -0.237284 1.782157 2.460985
0.821655 0.154541 1.032349 -0.100932 1.400799 2.231957
0.848267 0.156738 1.007080 0.050866 0.992543 2.086818
0.869019 0.163574 0.977661 0.197071 0.646605 1.974700
0.896484 0.160400 0.944092 0.324634 0.368842 1.858855
0.903564 0.150879 0.925659 0.415180 0.169640 1.726764
0.894653 0.141602 0.890747 0.470306 0.029827 1.578961
0.877319 0.151855 0.845703 0.469241 -0.062051 1.430093
0.862671 0.154175 0.831787 0.388282 -0.086818 1.309188
0.844360 0.150635 0.825439 0.245273 -0.077230 1.222104
0.784058 0.161255 0.834595 0.104128 -0.056458 1.136352
0.731079 0.163208 0.856201 0.015180 -0.047670 1.051132
0.683960 0.136353 0.880859 -0.015979 -0.072969 0.956325
0.638184 0.107910 0.895386 -0.015446 -0.125433 0.829028
0.581665 0.084961 0.913330 -0.000799 -0.200799 0.680959
0.508911 0.062134 0.917847 0.028229 -0.277497 0.535819
0.441284 0.054321 0.910767 0.083622 -0.348868 0.413848
0.375000 0.070801 0.888916 0.148868 -0.414115 0.347004
0.335938 0.110962 0.866943 0.203462 -0.451398 0.353662
0.319702 0.131470 0.845093 0.211718 -0.434088 0.402397
0.314941 0.142090 0.837524 0.156858 -0.358189 0.427164
0.307251 0.155396 0.842407 0.057790 -0.246871 0.406391
0.292725 0.156250 0.859253 -0.058589 -0.120905 0.344341
0.270508 0.148926 0.879639 -0.153928 -0.007723 0.260719
0.234009 0.141724 0.905884 -0.201332 0.050599 0.181625
0.209717 0.152954 0.932861 -0.183489 0.035419 0.131025
0.202637 0.149292 0.931763 -0.119574 -0.049534 0.111585
0.213013 0.152466 0.917969 -0.031425 -0.154194 0.095606
0.224487 0.163696 0.901367 0.038615 -0.233822 0.074301
0.246216 0.176025 0.872314 0.054860 -0.259920 0.045273
0.251709 0.182373 0.854370 0.005593 -0.196804 0.004794
0.238892 0.185059 0.862061 -0.090013 -0.052996 -0.039414
0.213257 0.179932 0.878784 -0.195206 0.105992 -0.065513
0.181885 0.177246 0.907349 -0.273236 0.218908 -0.066844
0.167236 0.166870 0.929321 -0.304394 0.249268 -0.054061
0.150635 0.154541 0.945068 -0.284953 0.212783 -0.034621
0.142700 0.161133 0.957153 -0.237017 0.124634 -0.019707
0.152710 0.161865 0.957153 -0.186418 0.009321 -0.005593
0.166870 0.152588 0.959473 -0.159787 -0.095073 -0.004527
0.164429 0.159790 0.959961 -0.150732 -0.161385 -0.022636
0.167969 0.159424 0.964966 -0.152064 -0.182690 -0.046072
0.173340 0.150879 0.968750 -0.165379 -0.165646 -0.072969
0.174561 0.148926 0.979126 -0.196804 -0.118509 -0.106525
0.170166 0.136719 0.991089 -0.229294 -0.052463 -0.144873
0.151855 0.124756 1.006714 -0.242610 -0.003196 -0.166445
0.135864 0.126587 1.021606 -0.227696 0.016245 -0.161917
0.136230 0.130127 1.024780 -0.194940 0.017577 -0.124634
0.140137 0.122559 1.014648 -0.160320 0.034088 -0.087883
0.133301 0.123657 1.009033 -0.137417 0.082024 -0.079095
0.119873 0.124512 1.005127 -0.127031 0.135819 -0.085220
0.111206 0.125488 1.000610 -0.122503 0.169640 -0.088149
0.112549 0.128052 1.004028 -0.125433 0.178961 -0.087350
0.109131 0.125244 1.009888 -0.128362 0.177630 -0.096405
0.098267 0.125122 1.015747 -0.109454 0.158988 -0.101198
0.095703 0.119995 1.010132 -0.063915 0.118242 -0.091877
0.087402 0.127075 0.989014 -0.003196 0.065246 -0.068442
