0.199219 0.636108 0.741211 -0.185619 0.465246 0.145672
0.197876 0.598877 0.772583 -0.252463 0.544607 0.052463
0.139893 0.599365 0.802368 -0.218109 0.558722 -0.007457
0.140747 0.576782 0.794434 -0.117443 0.484421 -0.018642
0.149048 0.550659 0.764160 0.027430 0.374700 -0.005060
0.159302 0.549561 0.721802 0.181891 0.270573 0.003462
0.172852 0.546021 0.670654 0.284953 0.190413 0.014647
0.191528 0.536621 0.634155 0.322503 0.134487 0.013582
0.220093 0.523315 0.603638 0.316911 0.082823 0.006658
0.249023 0.511108 0.576660 0.293209 0.033555 -0.003728
0.275024 0.488159 0.547119 0.260453 0.003462 -0.028762
0.297729 0.470459 0.523071 0.232224 -0.009854 -0.066312
0.309814 0.453613 0.492676 0.206924 -0.012783 -0.111851
0.323242 0.431763 0.463379 0.186684 -0.007457 -0.150999
0.331177 0.416992 0.428955 0.177097 -0.004527 -0.182157
0.330688 0.421753 0.397217 0.168309 -0.009854 -0.203995
0.343140 0.416260 0.364746 0.153129 -0.035952 -0.206658
0.360229 0.403809 0.331055 0.136884 -0.087350 -0.196005
0.391479 0.408081 0.309204 0.118242 -0.160320 -0.179760
0.445557 0.411255 0.285156 0.099867 -0.262051 -0.145140
0.536255 0.408447 0.249146 0.071105 -0.368842 -0.097736
0.630249 0.406372 0.206421 -0.000799 -0.419441 -0.075632
0.713257 0.413574 0.178345 -0.133156 -0.384021 -0.129161
0.788818 0.390137 0.144531 -0.319840 -0.287617 -0.280692
0.844849 0.330933 0.161987 -0.567244 -0.199467 -0.532889
0.857788 0.278198 0.197266 -0.848469 -0.144873 -0.836751
0.819946 0.254272 0.264160 -1.128362 -0.140613 -1.147004
0.781250 0.235352 0.347290 -1.346738 -0.210919 -1.391478
0.741821 0.210938 0.407471 -1.449001 -0.348336 -1.534221
0.700562 0.203369 0.441406 -1.432224 -0.524368 -1.602131
0.659668 0.217651 0.444336 -1.335286 -0.723569 -1.650067
0.623291 0.253174 0.412476 -1.254328 -0.923835 -1.688415
0.590088 0.316162 0.396484 -1.273236 -1.114248 -1.696139
0.598022 0.342041 0.400635 -1.403728 -1.315047 -1.654594
0.634766 0.372192 0.447266 -1.623435 -1.526764 -1.596272
0.694458 0.378052 0.514526 -1.883888 -1.730493 -1.549667
0.778931 0.349243 0.602783 -2.130493 -1.914780 -1.573635
0.847656 0.347046 0.661499 -2.351798 -2.036218 -1.738482
0.853394 0.372314 0.753174 -2.593875 -2.035952 -2.039947
0.779053 0.367554 0.864014 -2.867909 -1.919840 -2.442876
0.657471 0.367798 0.998657 -3.096937 -1.758189 -2.896937
0.504883 0.310303 1.200928 -3.239681 -1.616245 -3.332890
0.368652 0.132080 1.435913 -3.304394 -1.559254 -3.756858
0.221924 -0.079956 1.641235 -3.287350 -1.657523 -4.183489
0.024902 -0.263550 1.837769 -3.134487 -1.832756 -4.536884
-0.224976 -0.363647 2.013062 -2.779760 -2.081225 -4.719574
-0.430176 -0.421021 2.095459 -2.235686 -2.386951 -4.574700
-0.533691 -0.427124 2.065552 -1.695073 -2.652197 -4.151531
-0.586060 -0.390259 1.988037 -1.334221 -2.647403 -3.615979
-0.606445 -0.380981 1.904907 -1.214647 -2.230360 -3.099867
-0.643921 -0.375488 1.864136 -1.312384 -1.482823 -2.670040
-0.731689 -0.357178 1.865601 -1.511585 -0.607457 -2.318242
-0.842896 -0.342529 1.907593 -1.633822 0.144075 -1.961917
-0.923096 -0.322510 1.909912 -1.525965 0.581891 -1.579760
-0.963501 -0.276489 1.853271 -1.174700 0.698535 -1.198402
-0.965088 -0.206787 1.733643 -0.697736 0.580826 -0.860186
-0.927734 -0.138916 1.581055 -0.251398 0.353395 -0.620240
-0.884033 -0.093994 1.419922 0.048735 0.123835 -0.498269
-0.856812 -0.065186 1.301147 0.178695 -0.046871 -0.460453
-0.826172 -0.051392 1.234009 0.186152 -0.204527 -0.437816
-0.790527 -0.045532 1.183594 0.134754 -0.365646 -0.374700
-0.728149 -0.057739 1.156250 0.090280 -0.479095 -0.254594
-0.649902 -0.076782 1.103394 0.068442 -0.495872 -0.119308
-0.603271 -0.110107 1.071777 0.022636 -0.346738 0.007723
-0.591797 -0.110718 1.035400 -0.066312 -0.056991 0.154194
-0.598999 -0.132324 1.009277 -0.159521 0.275633 0.299867
-0.639038 -0.178101 1.006836 -0.229561 0.563515 0.425566
-0.693970 -0.216064 1.017822 -0.258322 0.764581 0.544341
-0.737061 -0.265869 1.023193 -0.234621 0.852996 0.678029
-0.741577 -0.334595 1.028442 -0.171505 0.822370 0.839148
-0.753052 -0.375488 1.036255 -0.073768 0.706525 1.026897
-0.741211 -0.395508 1.033813 0.020240 0.549134 1.255659
-0.701416 -0.425537 1.010986 0.065513 0.402397 1.525699
-0.656616 -0.441650 0.994507 0.052463 0.339547 1.804261
-0.603149 -0.466553 1.008545 -0.021305 0.379228 2.073236
-0.554077 -0.485474 1.028564 -0.124368 0.487084 2.312650
-0.508545 -0.497070 1.063965 -0.213582 0.611984 2.515579
-0.466064 -0.506104 1.105835 -0.246871 0.714248 2.703329
-0.413208 -0.506348 1.124390 -0.211185 0.739814 2.923568
-0.326660 -0.476074 1.140625 -0.132623 0.701731 3.212783
-0.203247 -0.398438 1.137329 -0.054594 0.617310 3.576565
-0.040283 -0.321289 1.135132 -0.019707 0.569374 3.966178
0.126831 -0.261230 1.150024 -0.025566 0.619174 4.293742
0.284424 -0.223145 1.151733 -0.069507 0.742210 4.469507
0.399048 -0.177612 1.177856 -0.113182 0.939547 4.464181
0.487427 -0.127197 1.209351 -0.105992 1.106258 4.347004
0.587280 -0.056152 1.217285 -0.062051 1.162716 4.219441
0.709961 0.030762 1.235352 -0.021571 1.110519 4.168575
0.842529 0.107544 1.223267 0.021571 0.988282 4.133955
0.960083 0.154175 1.174316 0.086285 0.885486 3.978695
1.034058 0.180176 1.127441 0.154194 0.866045 3.660719
1.046387 0.186157 1.088501 0.199201 0.905992 3.227963
1.031006 0.218262 1.061035 0.208522 0.936085 2.758455
0.967163 0.219360 1.047729 0.209854 0.935819 2.331292
0.912598 0.212891 1.025146 0.219973 0.862850 2.002131
0.894287 0.220093 1.005371 0.238881 0.724900 1.818908
0.894165 0.218140 0.973511 0.229561 0.555792 1.776831
0.907349 0.204102 0.931885 0.172836 0.412783 1.736618
0.912231 0.192627 0.893921 0.067377 0.323569 1.626099
0.872803 0.195313 0.895020 -0.075899 0.311052 1.433822
0.786987 0.189697 0.910522 -0.192277 0.329161 1.209321
0.698608 0.177246 0.926880 -0.245539 0.312384 1.013848
0.613892 0.158325 0.929932 -0.231425 0.214115 0.869241
0.538818 0.157227 0.956787 -0.169374 0.083089 0.757923
0.476074 0.148315 0.949829 -0.066312 -0.079893 0.682024
0.430542 0.152222 0.941650 0.048469 -0.241278 0.627963
0.406494 0.159424 0.929443 0.138216 -0.356858 0.592011
0.400635 0.168335 0.909546 0.175499 -0.397869 0.564048
0.397217 0.163086 0.910767 0.150732 -0.368043 0.525965
0.384399 0.164185 0.900513 0.090280 -0.281758 0.461784
0.355957 0.165894 0.909058 0.008788 -0.155526 0.368309
0.320190 0.166016 0.917480 -0.075899 -0.024234 0.258855
0.275024 0.158203 0.938110 -0.147270 0.084687 0.152064
0.236206 0.160400 0.946777 -0.190146 0.146738 0.051664
0.192383 0.157471 0.976440 -0.192810 0.178695 -0.023169
0.174805 0.156006 0.952271 -0.168043 0.147803 -0.068708
0.145996 0.150879 0.971313 -0.145140 0.120639 -0.099068
0.127075 0.152832 0.957520 -0.109987 0.076964 -0.128096
0.116211 0.159424 0.949097 -0.087084 0.038349 -0.153129
0.111328 0.161011 0.928223 -0.086019 0.027164 -0.178695
0.093628 0.162354 0.925415 -0.103862 0.056991 -0.209854
0.068848 0.164185 0.929565 -0.130759 0.093742 -0.242610
0.041016 0.171021 0.926147 -0.148868 0.119041 -0.262583
0.025146 0.178345 0.929810 -0.151798 0.127297 -0.267111
0.010742 0.170044 0.931030 -0.143009 0.125965 -0.266045
0.002808 0.152710 0.933716 -0.125699 0.101465 -0.278029
-0.004395 0.153931 0.936035 -0.114514 0.058056 -0.299334
-0.001587 0.149292 0.943481 -0.118242 0.018109 -0.316378
-0.000610 0.147705 0.943481 -0.128628 0.002929 -0.318242
-0.003784 0.151367 0.945435 -0.135020 0.002397 -0.301465
-0.004028 0.157227 0.947144 -0.129161 0.007190 -0.275899
-0.000366 0.162842 0.934692 -0.121438 0.033822 -0.260719
0.005493 0.162354 0.925171 -0.144075 0.089747 -0.262583
-0.007568 0.166016 0.930542 -0.200533 0.158988 -0.277497
-0.023071 0.161987 0.948730 -0.264181 0.209587 -0.290280
-0.031738 0.153564 0.973633 -0.306258 0.221571 -0.284154
-0.033813 0.142822 0.990112 -0.301997 0.200000 -0.264714
-0.032227 0.141235 1.002930 -0.251398 0.153928 -0.240746
-0.024902 0.135010 0.998291 -0.169907 0.097470 -0.210386
-0.012817 0.139771 0.979248 -0.093209 0.057523 -0.184288
-0.002075 0.146606 0.960205 -0.056458 0.049001 -0.172836
0.008179 0.146118 0.956299 -0.077763 0.074301 -0.179760
0.005249 0.140625 0.961426 -0.128628 0.120905 -0.198935
0.001343 0.140991 0.969360 -0.176298 0.165379 -0.218109
-0.002441 0.132080 0.989990 -0.216245 0.192011 -0.227963
-0.006226 0.118896 0.998413 -0.242077 0.209854 -0.234887
-0.010498 0.113281 1.006226 -0.246072 0.238083 -0.243409
-0.023804 0.116089 1.012817 -0.230093 0.262850 -0.247670
-0.026611 0.112305 1.016846 -0.201864 0.267909 -0.235686
-0.021973 0.104126 1.014404 -0.164314 0.275899 -0.219973
