0.899048 0.520996 -0.267578 -0.175766 -0.168842 -0.067111
0.925659 0.517944 -0.291870 -0.147270 -0.186684 -0.095606
0.896240 0.484009 -0.267456 -0.117443 -0.140080 -0.129960
0.872559 0.505005 -0.256836 -0.065246 -0.098802 -0.189081
0.858521 0.478027 -0.262451 -0.015180 -0.088415 -0.210386
0.841797 0.469727 -0.272827 0.031158 -0.077763 -0.228495
0.823242 0.460938 -0.286011 0.071904 -0.060453 -0.230093
0.805054 0.443604 -0.304565 0.107590 -0.044740 -0.214647
0.788696 0.424805 -0.326538 0.128362 -0.016778 -0.189348
0.771729 0.391724 -0.332031 0.123835 0.024767 -0.153928
0.744995 0.352173 -0.328735 0.112383 0.066844 -0.107590
0.719849 0.298828 -0.315796 0.106258 0.100133 -0.054328
0.708496 0.254517 -0.324097 0.116378 0.113981 -0.004527
0.688843 0.226440 -0.328369 0.140080 0.147537 0.000799
0.666138 0.226318 -0.338745 0.166977 0.204527 -0.041811
0.637817 0.225342 -0.370483 0.185353 0.278562 -0.128895
0.611084 0.203003 -0.396240 0.190945 0.343276 -0.247936
0.579468 0.166992 -0.421143 0.176298 0.392011 -0.374700
0.536255 0.143921 -0.447998 0.131025 0.414647 -0.483089
0.488159 0.131348 -0.455322 0.051132 0.412783 -0.560586
0.434692 0.131348 -0.463135 -0.067909 0.385885 -0.591744
0.376343 0.135620 -0.454468 -0.205859 0.338748 -0.559521
0.339111 0.123291 -0.452515 -0.333156 0.268442 -0.458589
0.303955 0.129517 -0.441040 -0.395739 0.187750 -0.304927
0.291138 0.120605 -0.422607 -0.376032 0.100133 -0.118775
0.305176 0.108276 -0.422363 -0.309987 0.006391 0.055393
0.328003 0.132446 -0.437500 -0.237550 -0.067111 0.181891
0.359131 0.164673 -0.448242 -0.199467 -0.088149 0.271372
0.403931 0.164673 -0.462524 -0.209055 -0.049001 0.336352
0.435791 0.143921 -0.473755 -0.270573 0.058589 0.395473
0.440918 0.145386 -0.466553 -0.385087 0.186951 0.471904
0.436279 0.151367 -0.445923 -0.536085 0.266578 0.594940
0.429932 0.193970 -0.425903 -0.655393 0.275899 0.772836
0.458252 0.230835 -0.395020 -0.710519 0.230093 0.984820
0.520996 0.256714 -0.371948 -0.689214 0.166711 1.183489
0.611694 0.294067 -0.387329 -0.623702 0.143009 1.347803
0.712158 0.286865 -0.407349 -0.631425 0.209587 1.449001
0.804199 0.277222 -0.423096 -0.745939 0.371771 1.488415
0.860840 0.301880 -0.427612 -0.937683 0.598935 1.506525
0.917480 0.339600 -0.411987 -1.176032 0.859121 1.534487
0.985107 0.351563 -0.354736 -1.428762 1.106791 1.553928
1.025391 0.394165 -0.287842 -1.658589 1.282557 1.512383
1.051147 0.422974 -0.179688 -1.859920 1.346471 1.421039
1.087769 0.402100 -0.081177 -2.013582 1.246605 1.307324
1.117920 0.393799 0.009399 -2.092943 1.032756 1.181625
1.140137 0.423706 0.081299 -2.101731 0.766977 1.094541
1.160889 0.462891 0.133667 -2.045007 0.517976 1.081491
1.198608 0.497070 0.145020 -1.935020 0.298003 1.133688
1.254639 0.539795 0.121704 -1.793342 0.159521 1.213848
1.312012 0.571533 0.096436 -1.660453 0.166711 1.274834
1.346802 0.584961 0.079224 -1.592011 0.291878 1.283622
1.352783 0.600220 0.100586 -1.607457 0.463915 1.240479
1.336182 0.606323 0.191895 -1.668708 0.587750 1.171771
1.317749 0.624146 0.272095 -1.682290 0.557656 1.087084
1.305664 0.614258 0.335571 -1.616245 0.433289 0.999467
1.311768 0.598633 0.371216 -1.488682 0.215979 0.918509
1.323120 0.595093 0.369751 -1.288149 -0.009321 0.851931
1.341553 0.571533 0.330322 -1.073502 -0.171238 0.812783
1.351685 0.557495 0.280396 -0.909987 -0.229827 0.792011
1.345825 0.561523 0.229736 -0.810120 -0.181358 0.769907
1.325684 0.575928 0.202515 -0.776298 -0.047670 0.747270
1.291748 0.592896 0.211548 -0.795473 0.115047 0.719574
1.259766 0.590820 0.250977 -0.813049 0.235419 0.668176
1.226318 0.595581 0.294067 -0.807190 0.280426 0.585353
1.190674 0.581055 0.345337 -0.771771 0.246072 0.491877
1.175903 0.547974 0.367920 -0.686818 0.142743 0.404527
1.161743 0.523071 0.385742 -0.575766 0.012783 0.321438
1.147095 0.504517 0.386230 -0.461784 -0.107057 0.257257
1.147095 0.481445 0.393921 -0.357923 -0.207457 0.202929
1.138062 0.474854 0.397949 -0.270573 -0.255393 0.144607
1.126709 0.475952 0.404419 -0.214115 -0.239148 0.088415
1.130981 0.452026 0.438110 -0.172570 -0.176032 0.041811
1.132568 0.450317 0.452148 -0.112916 -0.100932 -0.002130
1.135254 0.444458 0.464233 -0.022903 0.007723 -0.041278
1.151733 0.422607 0.469849 0.093475 0.152863 -0.074035
1.158325 0.401611 0.485840 0.207989 0.316378 -0.128096
1.140869 0.383545 0.519409 0.309188 0.441012 -0.203196
1.115845 0.359619 0.567871 0.409055 0.442344 -0.275100
1.095703 0.324707 0.626709 0.530226 0.286551 -0.319840
1.082397 0.319702 0.657959 0.689481 0.008788 -0.343542
1.070190 0.329224 0.676636 0.881225 -0.291345 -0.363782
1.077026 0.342163 0.651245 1.083356 -0.516644 -0.393875
1.097900 0.357788 0.579590 1.275899 -0.570439 -0.424501
1.131226 0.336914 0.482788 1.468176 -0.397071 -0.444474
1.105225 0.345093 0.431519 1.623435 -0.041811 -0.465246
1.097656 0.333984 0.359009 1.720373 0.349134 -0.471372
1.063843 0.310425 0.318359 1.798402 0.737949 -0.458855
1.018921 0.310181 0.275879 1.835419 1.039414 -0.450333
0.976318 0.311646 0.267456 1.827164 1.242344 -0.443675
0.941772 0.297241 0.274170 1.789348 1.334487 -0.452463
0.909912 0.273071 0.269775 1.774168 1.318775 -0.473236
0.890015 0.250854 0.247437 1.856991 1.221305 -0.461784
0.891357 0.222412 0.188843 2.028762 1.080426 -0.411185
0.914429 0.216797 0.091431 2.211451 0.958455 -0.347537
0.935547 0.202148 0.006714 2.343542 0.924900 -0.276698
0.945435 0.185059 -0.073608 2.394408 0.953928 -0.222104
0.947876 0.173584 -0.144531 2.380293 1.003196 -0.197870
0.937988 0.159180 -0.198364 2.337151 1.045806 -0.185885
0.916382 0.141113 -0.238159 2.300666 1.034621 -0.172570
0.911499 0.125366 -0.289063 2.268975 0.919840 -0.145406
0.924072 0.117432 -0.368896 2.228762 0.757124 -0.097736
0.947998 0.114136 -0.434814 2.159521 0.634887 -0.048469
0.966797 0.117432 -0.478760 2.028229 0.585353 -0.015446
0.985840 0.110840 -0.497925 1.835153 0.580027 -0.005060
0.996338 0.096680 -0.485962 1.623169 0.600799 -0.023702
1.001343 0.077759 -0.463135 1.426631 0.615180 -0.066312
0.994263 0.075317 -0.448486 1.282024 0.605859 -0.123835
0.978760 0.074585 -0.420044 1.181891 0.572037 -0.171238
0.964478 0.094116 -0.407227 1.098802 0.509720 -0.181891
0.964355 0.094727 -0.397705 1.019973 0.447936 -0.138748
0.964111 0.098511 -0.378052 0.964314 0.382423 -0.057257
0.972412 0.106445 -0.373169 0.916378 0.292410 0.051398
0.996216 0.125977 -0.371094 0.871904 0.187217 0.169374
1.017456 0.139038 -0.361450 0.826099 0.084953 0.272969
1.035767 0.163818 -0.350952 0.753928 0.001065 0.339547
1.055420 0.192749 -0.341431 0.636218 -0.066312 0.349933
1.062012 0.212036 -0.310669 0.480959 -0.111052 0.311585
1.056885 0.225342 -0.256470 0.327830 -0.139015 0.238881
1.051147 0.222778 -0.216309 0.209587 -0.166711 0.157124
1.041260 0.235107 -0.185669 0.137949 -0.195473 0.087617
1.030151 0.244629 -0.156982 0.097470 -0.213848 0.043409
1.026855 0.241455 -0.151611 0.067111 -0.221571 0.023702
1.026489 0.243408 -0.142456 0.038881 -0.209854 0.017843
1.025879 0.245972 -0.136353 0.013582 -0.180826 0.022636
1.020996 0.253784 -0.126343 -0.013582 -0.152064 0.021571
1.010742 0.265137 -0.111450 -0.049800 -0.117710 0.009854
0.997314 0.277222 -0.097900 -0.087084 -0.097470 -0.016778
0.985596 0.289917 -0.091309 -0.115846 -0.092410 -0.047403
0.967529 0.295532 -0.076660 -0.130759 -0.095606 -0.071638
0.956299 0.297974 -0.076660 -0.139281 -0.097736 -0.084421
0.945190 0.301270 -0.072144 -0.143009 -0.076431 -0.082290
0.938965 0.308594 -0.070313 -0.142743 -0.045539 -0.059920
0.937378 0.316528 -0.057861 -0.143542 -0.014647 -0.020772
0.939453 0.314087 -0.046387 -0.151265 0.009321 0.017577
0.939697 0.317017 -0.044434 -0.154993 0.033289 0.036751
0.942261 0.317261 -0.037598 -0.160053 0.060985 0.034887
0.940552 0.323975 -0.036621 -0.167776 0.081491 0.028762
0.938965 0.324707 -0.027100 -0.168842 0.096405 0.029827
0.937012 0.322021 -0.029907 -0.164048 0.109188 0.030626
0.931763 0.320435 -0.034058 -0.157124 0.133688 0.030892
0.926880 0.324951 -0.030884 -0.155260 0.155792 0.025033
0.925537 0.336548 -0.022827 -0.160852 0.156858 0.018375
0.926025 0.336426 -0.014648 -0.160852 0.134487 0.025566
0.926758 0.337158 -0.020996 -0.152597 0.108655 0.036218
0.929565 0.334839 -0.021606 -0.143808 0.093742 0.047137
0.940186 0.332153 -0.030762 -0.152330 0.097470 0.054061
0.952881 0.333130 -0.019409 -0.177896 0.116378 0.055126
0.963989 0.330200 -0.016846 -0.199467 0.133688 0.054594
0.972534 0.329956 -0.011963 -0.208788 0.156325 0.044740
0.973999 0.323730 -0.018188 -0.208522 0.191478 0.022370
