0.390869 0.162720 -0.284302 -0.176298 -0.505193 0.369108
0.439087 0.138428 -0.394775 0.067909 -0.656458 0.590679
0.416138 0.189209 -0.476074 0.182956 -0.553395 0.773635
0.398071 0.237793 -0.498047 0.130759 -0.287084 0.940612
0.393433 0.246948 -0.521484 -0.031957 0.030892 1.093742
0.370728 0.259155 -0.522217 -0.203196 0.323835 1.205060
0.357666 0.251099 -0.510620 -0.308123 0.511851 1.325166
0.376831 0.249146 -0.501709 -0.338482 0.553662 1.451664
0.419434 0.262451 -0.537109 -0.324101 0.467643 1.531025
0.485229 0.255127 -0.547363 -0.330226 0.322503 1.530226
0.507813 0.194580 -0.543823 -0.393342 0.159521 1.477497
0.544434 0.195313 -0.531006 -0.533156 0.003196 1.452197
0.568359 0.215698 -0.485596 -0.719041 -0.111318 1.450866
0.589233 0.217407 -0.434326 -0.868176 -0.192277 1.466578
0.605835 0.203491 -0.390259 -0.937150 -0.253795 1.507856
0.641357 0.206787 -0.356079 -0.914780 -0.297204 1.576565
0.709717 0.161865 -0.342529 -0.841811 -0.311585 1.668708
0.790771 0.135376 -0.357544 -0.756858 -0.279095 1.758722
0.860474 0.127197 -0.387085 -0.720107 -0.175766 1.824767
0.932617 0.139526 -0.433472 -0.762184 0.014381 1.855127
0.984009 0.175781 -0.454468 -0.895606 0.289214 1.827164
0.993774 0.228394 -0.429688 -1.108921 0.585619 1.739015
0.976929 0.239014 -0.355103 -1.330759 0.807457 1.642077
0.979370 0.216187 -0.286377 -1.480959 0.867909 1.595473
0.997925 0.190430 -0.220947 -1.520639 0.788549 1.600533
1.059448 0.141968 -0.216187 -1.476165 0.633289 1.655393
1.120972 0.114258 -0.194946 -1.421305 0.521438 1.723835
1.190552 0.109985 -0.199463 -1.420240 0.492676 1.784021
1.234253 0.155762 -0.185181 -1.482290 0.605060 1.810919
1.257935 0.193115 -0.132080 -1.608788 0.830892 1.806391
1.266602 0.227661 -0.067139 -1.750999 1.043142 1.748868
1.229492 0.233398 0.017578 -1.863116 1.160053 1.646072
1.213989 0.216797 0.116333 -1.920107 1.100932 1.534487
1.214600 0.202759 0.206177 -1.865779 0.856192 1.437017
1.231445 0.198364 0.241333 -1.697204 0.502530 1.385087
1.272095 0.192261 0.252075 -1.468176 0.153662 1.404794
1.332153 0.200439 0.195435 -1.220240 -0.120905 1.465779
1.390015 0.227051 0.125488 -1.013316 -0.209055 1.526498
1.439575 0.250854 0.072998 -0.915047 -0.095606 1.552064
1.435303 0.268188 0.085938 -0.936085 0.159254 1.515047
1.429565 0.290283 0.089355 -1.033023 0.374700 1.402397
1.372559 0.293823 0.156738 -1.124367 0.521704 1.246072
1.327759 0.269653 0.197510 -1.143542 0.522237 1.116378
1.312866 0.259277 0.240112 -1.062317 0.397071 1.029294
1.316040 0.238525 0.242798 -0.898003 0.205326 0.992011
1.334106 0.223389 0.215210 -0.707057 0.023968 1.000799
1.372803 0.229858 0.174194 -0.552863 -0.094008 1.016778
1.398560 0.261108 0.140869 -0.469241 -0.107057 1.003196
1.416748 0.265869 0.143555 -0.445806 -0.030892 0.932357
1.411133 0.268066 0.152100 -0.441811 0.066045 0.804261
1.401001 0.255859 0.170776 -0.427963 0.180293 0.669774
1.392944 0.233887 0.185669 -0.394940 0.272437 0.550466
1.372559 0.227051 0.200806 -0.334487 0.323569 0.442610
1.352661 0.220703 0.208130 -0.262583 0.298802 0.355792
1.357056 0.219360 0.224976 -0.186684 0.207457 0.284953
1.367065 0.207886 0.237061 -0.109720 0.092410 0.223435
1.384399 0.196289 0.256958 -0.024501 -0.003196 0.158189
1.394897 0.177856 0.270386 0.064980 -0.057257 0.076964
1.392700 0.165039 0.290405 0.154727 -0.074834 -0.023435
1.386108 0.156738 0.299316 0.232224 -0.083089 -0.136884
1.359863 0.148682 0.309326 0.290280 -0.065779 -0.258322
1.310669 0.137451 0.348999 0.347004 -0.036485 -0.379494
1.282227 0.121582 0.352661 0.405326 -0.056458 -0.491079
1.247559 0.110229 0.378174 0.455126 -0.081758 -0.595739
1.220581 0.097046 0.410889 0.507324 -0.077763 -0.686818
1.214233 0.087158 0.439087 0.593608 -0.052996 -0.754727
1.160645 0.109253 0.436523 0.721438 -0.018109 -0.796272
1.170044 0.097046 0.401245 0.886285 0.083622 -0.773103
1.156128 0.108398 0.398193 1.051132 0.250866 -0.739547
1.150635 0.118286 0.369385 1.173901 0.411718 -0.729161
1.144775 0.118774 0.348022 1.246605 0.590413 -0.728629
1.131104 0.119873 0.345093 1.287616 0.744874 -0.744341
1.118164 0.111694 0.339722 1.330493 0.858855 -0.765646
1.107178 0.096924 0.343506 1.392810 0.930493 -0.791744
1.095459 0.085449 0.330444 1.480959 0.930493 -0.829561
1.075195 0.082520 0.314087 1.580293 0.878296 -0.884154
1.057983 0.067627 0.293091 1.666578 0.804261 -0.938216
1.037964 0.056519 0.261841 1.747270 0.738748 -0.984554
1.006958 0.052856 0.225342 1.817044 0.694807 -1.023169
0.968628 0.043335 0.192871 1.871904 0.673236 -1.033555
0.937134 0.026245 0.166016 1.912383 0.661518 -1.012250
0.911987 0.005615 0.139771 1.943808 0.653262 -0.966977
0.897461 -0.008789 0.101929 1.982157 0.664181 -0.898003
0.892090 -0.020264 0.057007 2.029028 0.715846 -0.805060
0.891602 -0.014771 -0.004150 2.068975 0.810120 -0.702796
0.891602 -0.007813 -0.067017 2.088682 0.968309 -0.589880
0.875366 -0.009644 -0.099365 2.067643 1.139814 -0.491877
0.843262 -0.010254 -0.132080 2.027696 1.230626 -0.409321
0.801270 -0.016602 -0.139160 1.997071 1.220240 -0.322503
0.779907 -0.034424 -0.162109 2.024501 1.090812 -0.211451
0.791138 -0.064819 -0.234375 2.131025 0.875632 -0.061252
0.828735 -0.080322 -0.337036 2.282024 0.658589 0.122503
0.877319 -0.058472 -0.453003 2.383755 0.498269 0.304128
0.927124 -0.052979 -0.552490 2.366179 0.438083 0.434354
0.968872 -0.051147 -0.625244 2.196272 0.474567 0.518242
1.000244 -0.042847 -0.633423 1.879893 0.554727 0.533688
1.022461 -0.034424 -0.616333 1.504394 0.606658 0.484421
1.031006 -0.030518 -0.549072 1.148069 0.615446 0.390679
1.029785 -0.023804 -0.481445 0.861784 0.565912 0.274035
1.039185 -0.030029 -0.397827 0.671638 0.483089 0.167244
1.040405 -0.014526 -0.322388 0.558988 0.368575 0.078029
1.048218 -0.002075 -0.273193 0.482024 0.257257 0.011718
1.058472 0.010010 -0.241089 0.434620 0.182956 -0.033289
1.063965 0.014893 -0.207275 0.402130 0.164048 -0.058855
1.058350 0.016479 -0.189087 0.368309 0.176831 -0.060186
1.045532 0.022217 -0.177490 0.326498 0.189880 -0.045539
1.031006 0.025146 -0.150146 0.271105 0.187750 -0.015180
1.016724 0.038452 -0.138062 0.217843 0.139281 0.018642
0.995850 0.058105 -0.116211 0.172037 0.059387 0.048202
0.984741 0.078491 -0.091187 0.135020 -0.045007 0.068442
0.983521 0.084351 -0.071533 0.113449 -0.159254 0.088149
0.980591 0.103271 -0.058472 0.108655 -0.256192 0.105992
0.988525 0.108398 -0.052490 0.109720 -0.319308 0.125699
0.994873 0.110229 -0.056519 0.111585 -0.328096 0.144075
1.013428 0.111572 -0.060669 0.104128 -0.287883 0.160586
1.021729 0.120605 -0.058960 0.093475 -0.210120 0.170439
1.022339 0.130737 -0.064697 0.073768 -0.108123 0.168309
1.019531 0.145264 -0.059570 0.045007 0.002397 0.153395
1.017334 0.160156 -0.044312 0.013848 0.096405 0.134221
1.011841 0.165039 -0.020996 -0.015979 0.143808 0.114780
1.007202 0.168701 -0.003296 -0.027963 0.146471 0.093742
0.998413 0.173828 -0.000366 -0.025033 0.120639 0.075632
0.995483 0.184082 0.001709 -0.010386 0.069774 0.070839
0.995850 0.185425 0.000122 0.001332 0.000000 0.076165
1.000000 0.187988 -0.009521 0.001598 -0.068176 0.085486
1.009521 0.191528 -0.010132 -0.011185 -0.112383 0.090280
1.026978 0.178711 0.007935 -0.029561 -0.123835 0.092943
1.040283 0.171631 0.015503 -0.052730 -0.122503 0.087350
1.041382 0.171753 0.025879 -0.072969 -0.104128 0.067377
1.038208 0.166138 0.028809 -0.085752 -0.070573 0.040479
1.022827 0.181641 0.030518 -0.091079 -0.020506 0.006924
1.011230 0.177490 0.043457 -0.089747 0.031691 -0.007989
1.011353 0.172607 0.037354 -0.080426 0.047403 -0.005859
1.013916 0.168335 0.038818 -0.075899 0.035419 -0.001332
1.018433 0.162964 0.035522 -0.073502 0.009321 -0.001864
1.014160 0.158447 0.027954 -0.069241 -0.004527 -0.020240
1.008179 0.170654 0.016846 -0.069241 -0.005593 -0.055126
1.017456 0.171631 0.018433 -0.079893 0.005060 -0.072170
1.025879 0.163086 0.019897 -0.092410 0.005859 -0.087617
1.026489 0.162598 0.021362 -0.104927 0.002130 -0.112117
1.018066 0.172241 0.013550 -0.113981 0.005326 -0.140080
1.012695 0.176514 0.016602 -0.118775 0.015446 -0.161917
1.004883 0.168823 0.020874 -0.128362 0.013848 -0.166977
0.999146 0.171265 0.021606 -0.139814 0.009587 -0.160586
0.999268 0.174072 0.027466 -0.148868 0.012783 -0.146471
1.003906 0.174927 0.032593 -0.148602 0.022636 -0.125699
1.007324 0.178955 0.026733 -0.143808 0.022636 -0.105992
1.009888 0.181641 0.024536 -0.144341 0.015979 -0.095073
1.008545 0.187988 0.023071 -0.144873 0.015712 -0.098535
1.005371 0.188843 0.032837 -0.140346 0.008522 -0.104394
