0.334839 0.600464 0.678711 -0.050866 0.146471 0.118775
0.325439 0.574341 0.717529 -0.127031 0.210120 0.157124
0.340942 0.585938 0.728271 -0.157124 0.226365 0.168043
0.338379 0.573975 0.750854 -0.113449 0.198668 0.153129
0.330688 0.573486 0.754395 0.020240 0.132889 0.160586
0.339844 0.584961 0.746704 0.218109 0.016245 0.214913
0.373779 0.591675 0.706177 0.429294 -0.115846 0.292144
0.427734 0.596924 0.653687 0.585087 -0.223968 0.342477
0.494995 0.594727 0.594849 0.651132 -0.297470 0.335020
0.551758 0.600098 0.551270 0.618642 -0.297470 0.261784
0.599976 0.588623 0.534790 0.523569 -0.206658 0.157124
0.638306 0.553955 0.525024 0.411718 -0.080426 0.042610
0.664795 0.515747 0.511475 0.337417 0.048202 -0.061252
0.698364 0.458252 0.490845 0.305193 0.179494 -0.184021
0.711670 0.388062 0.451416 0.332091 0.263648 -0.312384
0.719604 0.346802 0.402222 0.393609 0.343009 -0.455126
0.708740 0.306152 0.331299 0.445806 0.411451 -0.594674
0.674072 0.277588 0.282104 0.476431 0.501997 -0.731558
0.641357 0.260620 0.213867 0.484421 0.525433 -0.827164
0.612915 0.258057 0.153687 0.455925 0.481225 -0.878296
0.590576 0.265625 0.096802 0.382690 0.360320 -0.895606
0.589844 0.272339 0.052368 0.279095 0.193875 -0.887883
0.595581 0.276855 0.025757 0.178162 0.024234 -0.893209
0.608276 0.268066 0.000854 0.109720 -0.129694 -0.934221
0.617310 0.266846 -0.031372 0.071372 -0.245539 -1.006924
0.625732 0.269043 -0.078613 0.034088 -0.305726 -1.094541
0.614746 0.273560 -0.137573 -0.041811 -0.293742 -1.164314
0.587769 0.280396 -0.179688 -0.185619 -0.207723 -1.232490
0.520386 0.325195 -0.207397 -0.401598 -0.089214 -1.299334
0.454712 0.383179 -0.210449 -0.662850 0.014381 -1.313715
0.426025 0.404053 -0.195557 -0.945406 0.056991 -1.248469
0.403198 0.437134 -0.161377 -1.232490 0.046338 -1.136884
0.390137 0.440430 -0.100464 -1.521172 -0.012517 -1.014647
0.378418 0.446289 -0.023926 -1.788549 -0.152863 -0.911585
0.332764 0.490234 0.077271 -2.027164 -0.366445 -0.848735
0.282104 0.541870 0.197632 -2.223702 -0.689481 -0.818908
0.263672 0.624756 0.292603 -2.348868 -1.145140 -0.811984
0.299438 0.707275 0.356323 -2.458322 -1.629028 -0.840479
0.380859 0.740723 0.435547 -2.683356 -1.934221 -0.990679
0.424194 0.706909 0.576172 -3.069774 -1.953395 -1.307324
0.426636 0.593018 0.828735 -3.505992 -1.774967 -1.773103
0.225830 0.544312 1.094238 -3.834088 -1.558455 -2.312117
0.076050 0.408325 1.414063 -3.926498 -1.368575 -2.658855
-0.083618 0.247925 1.790894 -3.746205 -1.409321 -2.798668
-0.217041 0.183838 2.043213 -3.324900 -1.748336 -2.739015
-0.264526 0.167725 2.145630 -2.759254 -2.157390 -2.446338
-0.263062 0.171631 2.156616 -2.182423 -2.393342 -2.043409
-0.229980 0.188110 2.114746 -1.730226 -2.338482 -1.657523
-0.199829 0.211670 2.058960 -1.484687 -1.959787 -1.352863
-0.216797 0.224854 2.025269 -1.456192 -1.306258 -1.152330
-0.288574 0.216064 2.010254 -1.535286 -0.512383 -1.053262
-0.413086 0.199341 1.996216 -1.552064 0.228495 -0.991744
-0.535400 0.202637 1.946045 -1.415979 0.757124 -0.904394
-0.615845 0.202881 1.859253 -1.164314 1.045806 -0.761119
-0.668213 0.206177 1.750488 -0.861784 1.129427 -0.581625
-0.720703 0.224609 1.632080 -0.564314 1.022637 -0.406391
-0.723145 0.237061 1.498413 -0.306525 0.783755 -0.260719
-0.718140 0.222168 1.384033 -0.117976 0.495872 -0.150999
-0.710693 0.218018 1.292358 0.020506 0.220506 -0.077497
-0.710449 0.205078 1.212036 0.120107 0.006391 -0.021838
-0.697632 0.185669 1.139526 0.168043 -0.098269 0.010652
-0.679565 0.130615 1.097412 0.139547 -0.041545 0.027696
-0.700439 0.093262 1.058472 0.037017 0.151265 0.041811
-0.752808 0.049927 1.064331 -0.077230 0.400266 0.089747
-0.791626 -0.021240 1.075317 -0.143009 0.609854 0.195739
-0.824951 -0.085815 1.089600 -0.157390 0.759521 0.364581
-0.839355 -0.148438 1.094238 -0.149134 0.867643 0.568575
-0.843140 -0.205322 1.106812 -0.124368 0.920107 0.815712
-0.814697 -0.248535 1.102295 -0.096671 0.933156 1.110786
-0.757935 -0.269287 1.078369 -0.085752 0.960320 1.442344
-0.686279 -0.289307 1.059570 -0.112650 1.043409 1.774168
-0.609253 -0.297119 1.047485 -0.189081 1.172836 2.112650
-0.510620 -0.292236 1.052124 -0.283888 1.316112 2.436218
-0.409790 -0.238525 1.063110 -0.360852 1.464447 2.750466
-0.312622 -0.217773 1.094360 -0.411718 1.599467 3.101997
-0.195679 -0.228638 1.118896 -0.388016 1.658589 3.488682
-0.055420 -0.228638 1.108887 -0.297204 1.631691 3.878828
0.088623 -0.230347 1.123901 -0.182690 1.568842 4.222903
0.287964 -0.197388 1.099854 -0.089747 1.453795 4.477497
0.475342 -0.118652 1.090576 -0.056192 1.403995 4.680692
0.666382 -0.034790 1.090454 -0.072437 1.400533 4.836218
0.847900 0.058228 1.115723 -0.121172 1.422370 4.907057
0.989868 0.133179 1.098633 -0.154461 1.452730 4.835952
1.098145 0.178711 1.076660 -0.165113 1.471904 4.568043
1.143311 0.232544 1.066772 -0.156591 1.498269 4.105992
1.137573 0.246948 1.066406 -0.158455 1.445539 3.544075
1.136108 0.330078 1.076782 -0.187483 1.324900 2.994141
1.132324 0.357422 1.093994 -0.214381 1.181358 2.598935
1.135132 0.374512 1.100342 -0.219441 1.005326 2.349667
1.147339 0.378296 1.092041 -0.188282 0.830892 2.156591
1.157959 0.367432 1.070313 -0.139814 0.680160 1.943808
1.147217 0.350708 1.054199 -0.088682 0.554993 1.677497
1.099976 0.343994 1.025024 -0.048735 0.455393 1.378961
1.030396 0.324463 1.006958 -0.045273 0.384288 1.093742
0.943237 0.313599 0.993286 -0.065246 0.322770 0.846871
0.838013 0.291870 1.006226 -0.081491 0.247670 0.650865
0.734131 0.270630 0.998657 -0.060186 0.145140 0.499867
0.643799 0.252686 1.001587 -0.008256 0.027164 0.381624
0.574585 0.231689 0.993164 0.049534 -0.093209 0.298535
0.513672 0.232056 0.992554 0.100133 -0.196804 0.246871
0.464844 0.221680 0.983276 0.134221 -0.284687 0.223435
0.435425 0.220337 0.973877 0.144341 -0.352597 0.210386
0.401855 0.224976 0.960449 0.150466 -0.374967 0.202130
0.379883 0.228516 0.954712 0.159254 -0.373369 0.189081
0.359253 0.233276 0.938721 0.172570 -0.366445 0.162450
0.320313 0.257202 0.913696 0.190146 -0.348602 0.115579
0.290771 0.268188 0.888550 0.192543 -0.332357 0.061252
0.266602 0.269775 0.870117 0.175233 -0.310253 0.001864
0.239380 0.273071 0.846680 0.133955 -0.287883 -0.056458
0.227539 0.279541 0.840942 0.081758 -0.264181 -0.105992
0.221069 0.289429 0.833496 0.022903 -0.228495 -0.133688
0.222778 0.294312 0.828003 -0.036218 -0.180027 -0.140879
0.215942 0.300659 0.825684 -0.087617 -0.114780 -0.155526
0.206177 0.303589 0.832031 -0.118242 -0.037284 -0.179494
0.182007 0.302124 0.842773 -0.127563 0.011451 -0.218642
0.164795 0.301147 0.843506 -0.129161 0.007457 -0.264714
0.143677 0.296875 0.847046 -0.121704 -0.021039 -0.297736
0.130127 0.287842 0.852295 -0.124368 -0.067643 -0.315846
0.119141 0.287964 0.852295 -0.131558 -0.118509 -0.323835
0.116333 0.290649 0.856445 -0.154461 -0.152330 -0.324634
0.109741 0.288818 0.864868 -0.198402 -0.140613 -0.318242
0.103394 0.291016 0.868774 -0.253795 -0.089747 -0.298003
0.101196 0.294678 0.887939 -0.303862 -0.012783 -0.269241
0.101196 0.293091 0.901733 -0.351531 0.063648 -0.231425
0.091553 0.290039 0.930298 -0.396538 0.122237 -0.198935
0.093506 0.276489 0.942261 -0.418908 0.147803 -0.172570
0.094116 0.272461 0.958374 -0.413049 0.155260 -0.161651
0.087158 0.267456 0.974487 -0.382423 0.137417 -0.161385
0.087524 0.267822 0.976807 -0.328629 0.087084 -0.165912
0.084839 0.275879 0.981445 -0.263648 0.026631 -0.168575
0.088867 0.279419 0.970581 -0.201065 -0.028495 -0.172304
0.093018 0.284790 0.958740 -0.161651 -0.060985 -0.174700
0.098267 0.286133 0.953369 -0.161651 -0.062583 -0.177630
0.099243 0.278076 0.955566 -0.196538 -0.028762 -0.185619
0.093628 0.272095 0.969727 -0.231957 0.014913 -0.190679
0.088745 0.266479 0.981079 -0.250333 0.049534 -0.182690
0.083252 0.267212 0.991333 -0.246605 0.071638 -0.171505
0.079712 0.261108 0.990601 -0.218642 0.075366 -0.165379
0.074585 0.262085 0.986084 -0.181891 0.066578 -0.164048
0.072998 0.262207 0.983276 -0.149134 0.049800 -0.169640
0.069946 0.257202 0.985596 -0.122770 0.029827 -0.177630
0.070679 0.255005 0.980103 -0.100666 0.007457 -0.187217
0.066895 0.253296 0.979492 -0.093209 -0.005060 -0.190413
0.061279 0.247803 0.973145 -0.096138 0.001864 -0.179494
0.056396 0.249023 0.978638 -0.099068 0.017577 -0.151265
0.059448 0.249634 0.975586 -0.098003 0.042344 -0.114514
0.061279 0.244507 0.976196 -0.100399 0.072703 -0.074834
0.065918 0.239990 0.984985 -0.099334 0.096138 -0.035153
0.072388 0.236938 0.989746 -0.088682 0.105726 0.004527
0.085938 0.237183 0.990112 -0.068708 0.105193 0.040213
