0.509766 0.608032 0.253906 0.235952 -0.581358 0.117443
0.566895 0.559082 0.213135 0.153928 -0.467909 0.120639
0.550415 0.584961 0.214355 0.101731 -0.303063 0.058056
0.531372 0.580566 0.216064 0.056458 -0.192277 0.027164
0.511841 0.585327 0.208130 0.034887 -0.130759 0.020240
0.491089 0.584595 0.193726 0.038083 -0.109720 0.031158
0.479858 0.562744 0.180664 0.058855 -0.119840 0.060453
0.476685 0.552368 0.156738 0.084687 -0.174700 0.097204
0.490234 0.530273 0.139160 0.088149 -0.253795 0.144873
0.500488 0.508301 0.122070 0.074567 -0.349667 0.181358
0.505737 0.487549 0.106079 0.058056 -0.454594 0.197337
0.505005 0.464111 0.092285 0.044740 -0.551531 0.198402
0.500366 0.429321 0.075073 0.042344 -0.641811 0.199734
0.498657 0.393555 0.041260 0.056192 -0.727297 0.220240
0.496704 0.364624 0.001343 0.076165 -0.796005 0.260719
0.510132 0.331177 -0.047974 0.080426 -0.844740 0.315047
0.520142 0.310181 -0.102173 0.051664 -0.858056 0.360320
0.536865 0.282593 -0.143066 -0.016511 -0.830093 0.385619
0.545288 0.257446 -0.174316 -0.127297 -0.759254 0.369907
0.530518 0.256592 -0.196533 -0.286019 -0.650599 0.304128
0.508301 0.259033 -0.201172 -0.488149 -0.501198 0.203196
0.466309 0.246216 -0.175659 -0.715313 -0.328629 0.101465
0.417358 0.245483 -0.155029 -0.927563 -0.185619 0.023968
0.377075 0.251221 -0.108276 -1.099068 -0.104394 -0.007457
0.351440 0.237305 -0.076660 -1.216511 -0.112650 0.019441
0.344849 0.205566 -0.042236 -1.270573 -0.196272 0.102796
0.367310 0.176270 -0.016479 -1.276165 -0.352597 0.225832
0.405029 0.172241 -0.005981 -1.261784 -0.555260 0.366977
0.452148 0.172729 -0.020630 -1.251664 -0.749401 0.512650
0.511841 0.180176 -0.050415 -1.290013 -0.858056 0.635952
0.541016 0.236938 -0.068359 -1.435952 -0.823702 0.715846
0.552490 0.303223 -0.049805 -1.682024 -0.656458 0.760586
0.562988 0.350586 -0.016357 -1.958722 -0.424767 0.802397
0.575439 0.369995 0.055298 -2.212783 -0.190945 0.874567
0.606079 0.358765 0.117432 -2.411185 -0.048202 0.976565
0.664795 0.332153 0.177002 -2.532091 0.004261 1.074301
0.735474 0.307129 0.218140 -2.594141 -0.017843 1.145140
0.803467 0.296631 0.243286 -2.649800 -0.056458 1.167776
0.839722 0.349976 0.257446 -2.736085 -0.039148 1.134221
0.856079 0.447632 0.283325 -2.892676 0.064447 1.054594
0.887451 0.473755 0.334473 -3.149401 0.268708 0.930493
0.906860 0.454102 0.404419 -3.478296 0.543542 0.735819
0.903198 0.410278 0.546265 -3.836751 0.854328 0.483888
0.881836 0.317993 0.756226 -4.140879 1.084154 0.236751
0.848999 0.214966 0.982300 -4.283888 1.074035 0.064181
0.795532 0.176514 1.213013 -4.200799 0.785087 -0.000266
0.764038 0.227905 1.292114 -3.866312 0.211718 0.075632
0.826172 0.219116 1.330444 -3.366977 -0.411451 0.272437
0.905029 0.274658 1.302612 -2.872703 -0.888149 0.415712
0.986694 0.324219 1.255737 -2.552330 -1.111052 0.425566
1.052734 0.350098 1.224976 -2.466045 -1.029827 0.302264
1.062012 0.356812 1.252319 -2.538216 -0.688149 0.099068
1.018433 0.352295 1.313599 -2.654061 -0.208256 -0.090280
0.968750 0.313721 1.412109 -2.704128 0.248735 -0.186684
0.875854 0.291992 1.488159 -2.588815 0.609055 -0.177630
0.837036 0.237183 1.528931 -2.370173 0.800533 -0.066312
0.807861 0.229736 1.570557 -2.051931 0.849268 0.076964
0.800781 0.228394 1.560791 -1.685486 0.766445 0.203728
0.805054 0.224121 1.524780 -1.353129 0.584021 0.264714
0.796753 0.244751 1.483398 -1.080160 0.359254 0.242344
0.797119 0.265259 1.447998 -0.876964 0.141944 0.169374
0.791992 0.259644 1.411133 -0.735020 -0.005593 0.073768
0.755981 0.258057 1.392090 -0.628229 -0.058589 -0.023169
0.718994 0.259277 1.370728 -0.511052 -0.042610 -0.088948
0.678589 0.246704 1.347046 -0.362983 0.012517 -0.120373
0.649292 0.228027 1.317993 -0.187217 0.071904 -0.120107
0.629272 0.218384 1.287720 -0.034354 0.150732 -0.091611
0.601929 0.200439 1.282715 0.058322 0.260985 -0.054594
0.588623 0.183228 1.285522 0.113182 0.387750 -0.029561
0.556152 0.168579 1.330566 0.160586 0.529960 -0.016778
0.509644 0.155762 1.352417 0.250333 0.646072 -0.015446
0.466675 0.146118 1.374268 0.400533 0.723036 -0.021305
0.417603 0.146362 1.373291 0.594141 0.750466 -0.020240
0.382446 0.149414 1.346558 0.803995 0.745672 0.011984
0.322998 0.148560 1.367310 1.003728 0.773635 0.091079
0.347778 0.127197 1.285400 1.163515 0.741411 0.179760
0.347168 0.112183 1.276489 1.266844 0.797870 0.256724
0.336914 0.087280 1.262695 1.331824 0.906525 0.304927
0.317139 0.068115 1.251831 1.401332 1.037284 0.348868
0.300171 0.027832 1.248657 1.477763 1.156059 0.414115
0.273315 -0.006958 1.211548 1.588016 1.231158 0.500399
0.244141 -0.026855 1.165527 1.731025 1.260719 0.611185
0.229736 -0.026611 1.101318 1.876698 1.252463 0.737949
0.246338 -0.012573 1.030640 1.989081 1.244474 0.877497
0.292114 0.006958 0.952515 2.079095 1.252197 1.074834
0.367798 0.026733 0.874268 2.166445 1.283622 1.328362
0.465454 0.041992 0.808960 2.247936 1.347537 1.599201
0.568970 0.053955 0.750854 2.310519 1.430359 1.822636
0.656250 0.058472 0.687256 2.333955 1.521172 1.941145
0.713745 0.063965 0.624023 2.315047 1.600533 1.950999
0.741455 0.068604 0.577393 2.245539 1.658322 1.886285
0.752441 0.083008 0.522095 2.139547 1.656458 1.787750
0.759033 0.104614 0.484985 2.011718 1.598935 1.715047
0.772827 0.124146 0.446045 1.878828 1.474301 1.690546
0.799805 0.133545 0.421021 1.749933 1.316644 1.691345
0.822998 0.143188 0.392334 1.651398 1.138216 1.707590
0.855347 0.169189 0.363403 1.557390 0.959254 1.710253
0.877319 0.183472 0.328613 1.452197 0.818376 1.672437
0.899658 0.193481 0.318237 1.309720 0.707856 1.596804
0.921265 0.201538 0.315186 1.151531 0.610919 1.508921
0.940063 0.203735 0.319214 1.007190 0.527031 1.442876
0.957153 0.214966 0.322876 0.892676 0.441811 1.396272
0.975220 0.217773 0.338867 0.799734 0.352064 1.349933
0.984375 0.218628 0.338135 0.720639 0.260186 1.265513
0.981689 0.229126 0.346069 0.627963 0.188016 1.135286
0.968872 0.242188 0.362061 0.513182 0.128895 0.975766
0.947876 0.254395 0.381104 0.388549 0.075632 0.812517
0.916260 0.259888 0.410034 0.274567 0.023968 0.664181
0.893066 0.260376 0.450195 0.177896 -0.034088 0.538482
0.875122 0.266724 0.475708 0.086818 -0.098535 0.433822
0.853149 0.269897 0.509399 -0.003995 -0.145939 0.339814
0.836792 0.266357 0.540405 -0.086818 -0.180826 0.250599
0.817139 0.268799 0.567383 -0.161917 -0.187750 0.161651
0.787720 0.259033 0.618652 -0.231691 -0.168043 0.087883
0.764893 0.244019 0.650635 -0.275100 -0.154461 0.034621
0.726929 0.237305 0.698242 -0.278296 -0.148336 -0.001598
0.713623 0.232422 0.719482 -0.258855 -0.174967 -0.015180
0.700195 0.239868 0.733887 -0.229028 -0.191212 -0.019707
0.683350 0.247559 0.739136 -0.207723 -0.181358 -0.027430
0.659424 0.253540 0.735596 -0.185619 -0.150200 -0.038881
0.637207 0.276489 0.739868 -0.170439 -0.105992 -0.045539
0.632080 0.284180 0.744751 -0.170173 -0.055126 -0.039680
0.625366 0.280273 0.762207 -0.194674 0.014647 -0.032756
0.613892 0.287354 0.768921 -0.217310 0.091079 -0.036751
0.591919 0.289307 0.777344 -0.218376 0.163249 -0.050067
0.568237 0.294067 0.778320 -0.199201 0.208788 -0.063116
0.546875 0.294922 0.776367 -0.169907 0.218109 -0.070573
0.526489 0.296509 0.775513 -0.138216 0.186684 -0.072969
0.513062 0.310059 0.759888 -0.107856 0.126764 -0.066844
0.506714 0.319580 0.747314 -0.082290 0.056724 -0.051398
0.512085 0.324097 0.735107 -0.066578 -0.014913 -0.030626
0.516113 0.325928 0.731934 -0.064980 -0.068708 -0.019973
0.524902 0.327637 0.724365 -0.071105 -0.099867 -0.020240
0.524536 0.327271 0.717529 -0.077763 -0.105726 -0.026631
0.523926 0.330933 0.717285 -0.089481 -0.104128 -0.030626
0.533569 0.320679 0.721924 -0.113182 -0.093742 -0.040479
0.528809 0.317139 0.723145 -0.138748 -0.068442 -0.061252
0.524902 0.319702 0.732666 -0.153928 -0.042077 -0.074035
0.525879 0.314331 0.741821 -0.161119 -0.029294 -0.066844
0.534424 0.304321 0.746582 -0.169374 -0.028495 -0.055126
0.536743 0.306885 0.754639 -0.170706 -0.023435 -0.053529
0.538940 0.311157 0.751587 -0.167776 -0.015180 -0.054061
0.542114 0.307007 0.762207 -0.172304 0.004794 -0.054328
0.543457 0.303955 0.774658 -0.189880 0.022636 -0.061518
0.538574 0.300293 0.780273 -0.193875 0.034621 -0.076165
0.528076 0.306152 0.783081 -0.176298 0.031957 -0.085486
0.524536 0.322388 0.777710 -0.149401 0.020772 -0.075366
0.526123 0.323608 0.777344 -0.144873 0.011451 -0.043409
0.530518 0.318848 0.780518 -0.147004 0.000266 -0.010120
0.540771 0.317017 0.789063 -0.136884 -0.008788 0.011718
