0.254150 0.614380 0.522095 0.121971 0.145672 0.068708
0.221191 0.636230 0.570801 -0.092676 0.462850 0.052996
0.223267 0.663086 0.610229 -0.231691 0.663382 0.022104
0.229492 0.615479 0.674561 -0.299601 0.702264 0.013582
0.232544 0.581543 0.717041 -0.264447 0.591744 0.022636
0.254272 0.544189 0.743408 -0.145406 0.418642 0.029827
0.264526 0.542603 0.726196 0.012250 0.238349 0.000799
0.272583 0.537476 0.688232 0.173103 0.134221 -0.043941
0.287231 0.516602 0.656860 0.282290 0.119041 -0.081491
0.301270 0.499756 0.649414 0.349134 0.153395 -0.119840
0.311401 0.476563 0.627686 0.393609 0.199467 -0.146205
0.334961 0.464355 0.596313 0.399734 0.267909 -0.158988
0.362915 0.428833 0.571899 0.374967 0.382157 -0.168043
0.374878 0.386719 0.539429 0.358455 0.529960 -0.199734
0.366333 0.361816 0.506836 0.354993 0.683888 -0.266578
0.349731 0.335327 0.485352 0.356858 0.819973 -0.346471
0.347168 0.293823 0.444092 0.347004 0.912650 -0.413316
0.347900 0.239990 0.425293 0.326232 0.969907 -0.488415
0.344238 0.201538 0.390747 0.326232 0.982157 -0.575766
0.323486 0.188843 0.374390 0.355260 0.956591 -0.654328
0.283813 0.197388 0.351563 0.429294 0.842077 -0.695606
0.268555 0.225098 0.314331 0.541411 0.616778 -0.688948
0.293701 0.265991 0.245728 0.645007 0.362983 -0.646871
0.310425 0.346558 0.159546 0.664181 0.205859 -0.601864
0.322754 0.406494 0.110840 0.549933 0.204794 -0.599734
0.352295 0.407471 0.084473 0.324634 0.333688 -0.645007
0.373657 0.357788 0.082031 0.050067 0.543542 -0.739814
0.369019 0.287231 0.110474 -0.241278 0.765113 -0.871904
0.351440 0.196045 0.161499 -0.499867 0.919574 -1.030360
0.308960 0.113892 0.208618 -0.661252 0.937683 -1.188016
0.221558 0.132080 0.253174 -0.719840 0.793076 -1.301198
0.117676 0.249512 0.282104 -0.700133 0.485752 -1.285486
0.053345 0.377686 0.275024 -0.626365 0.073502 -1.135286
0.051147 0.441772 0.256714 -0.566178 -0.317710 -0.954993
0.097534 0.465332 0.206665 -0.592277 -0.601598 -0.833023
0.174927 0.465454 0.158813 -0.759787 -0.692144 -0.818642
0.247559 0.409180 0.151123 -1.074035 -0.556591 -0.942477
0.274292 0.343628 0.173706 -1.495606 -0.276964 -1.197071
0.184937 0.382324 0.292480 -1.931292 -0.011185 -1.467643
0.099854 0.443237 0.491943 -2.267643 0.018642 -1.576831
0.051147 0.440308 0.662964 -2.429294 -0.275366 -1.557923
-0.011108 0.483887 0.786377 -2.407457 -0.731558 -1.586951
-0.025513 0.545776 0.903320 -2.307856 -1.151798 -1.696937
-0.039673 0.596802 1.021118 -2.250599 -1.460453 -1.899334
-0.081909 0.648804 1.153564 -2.284154 -1.592277 -2.183489
-0.156616 0.610840 1.333984 -2.389880 -1.555792 -2.454860
-0.273071 0.510864 1.516724 -2.442343 -1.537949 -2.645539
-0.400757 0.469238 1.695557 -2.374168 -1.621305 -2.718509
-0.507935 0.462769 1.801514 -2.215979 -1.780027 -2.611718
-0.531616 0.446899 1.886841 -2.011984 -1.854860 -2.288682
-0.505371 0.405151 1.961548 -1.872170 -1.794407 -1.834620
-0.460571 0.368164 2.037842 -1.838349 -1.570706 -1.416245
-0.421265 0.326172 2.115356 -1.850599 -1.194407 -1.164581
-0.429077 0.291138 2.190796 -1.822104 -0.779494 -1.083888
-0.473511 0.258911 2.218872 -1.645273 -0.437550 -1.095073
-0.521729 0.252563 2.175537 -1.282823 -0.241278 -1.074035
-0.564941 0.270630 2.046631 -0.812517 -0.166711 -0.962450
-0.575806 0.300415 1.882935 -0.361651 -0.157656 -0.785087
-0.559448 0.313110 1.689697 -0.017577 -0.172570 -0.595473
-0.546509 0.324951 1.518066 0.194141 -0.178429 -0.445539
-0.533081 0.332153 1.365356 0.296138 -0.164847 -0.347803
-0.520264 0.319458 1.241333 0.315579 -0.146471 -0.315579
-0.512817 0.283691 1.131226 0.288682 -0.133422 -0.342743
-0.524292 0.252319 1.062500 0.242610 -0.138216 -0.413316
-0.541016 0.220337 0.995972 0.201332 -0.173635 -0.490812
-0.576782 0.177734 0.955811 0.179494 -0.236751 -0.535020
-0.602295 0.135376 0.901123 0.198668 -0.332357 -0.512650
-0.617676 0.113647 0.850952 0.237816 -0.438083 -0.418642
-0.632324 0.109253 0.790771 0.277497 -0.513981 -0.266045
-0.629272 0.103149 0.733032 0.279361 -0.514248 -0.079095
-0.612183 0.108765 0.665527 0.204527 -0.443675 0.085752
-0.616211 0.090210 0.641479 0.066045 -0.255659 0.221571
-0.630737 0.075806 0.625244 -0.111318 -0.009854 0.342743
-0.665283 0.054077 0.650146 -0.311585 0.239148 0.454860
-0.712036 0.011597 0.698242 -0.503862 0.426897 0.556591
-0.766357 -0.043701 0.775879 -0.651664 0.491611 0.634887
-0.799683 -0.101196 0.842529 -0.716911 0.409321 0.690013
-0.826782 -0.166748 0.915161 -0.712384 0.251664 0.721971
-0.838745 -0.225098 0.971313 -0.675632 0.073768 0.757923
-0.830566 -0.277222 0.997681 -0.619441 -0.059920 0.855393
-0.810303 -0.299194 0.998779 -0.553662 -0.080692 1.048735
-0.774414 -0.317993 0.994995 -0.515846 0.063915 1.326498
-0.747681 -0.312378 0.995728 -0.554194 0.352064 1.630093
-0.708740 -0.315430 1.023682 -0.664447 0.726764 1.909720
-0.652466 -0.341431 1.046265 -0.822104 1.086551 2.154461
-0.588745 -0.362427 1.080322 -0.982690 1.369640 2.376298
-0.515015 -0.341187 1.122803 -1.090280 1.535020 2.606391
-0.420044 -0.323120 1.168701 -1.132357 1.564581 2.907590
-0.301270 -0.292480 1.201782 -1.079095 1.471372 3.264181
-0.167969 -0.266357 1.182495 -0.945140 1.315845 3.613316
-0.037720 -0.241333 1.153809 -0.828495 1.173635 3.874035
0.089478 -0.202637 1.131714 -0.781624 1.096405 4.005326
0.223877 -0.155029 1.133179 -0.818908 1.075366 4.039414
0.366699 -0.087280 1.150879 -0.923835 1.060453 4.017577
0.514282 -0.027466 1.201416 -1.046871 1.032756 3.961385
0.656738 0.028687 1.224365 -1.122237 1.005859 3.832756
0.760498 0.096069 1.249268 -1.132890 1.012517 3.613848
0.826416 0.127075 1.296509 -1.091877 1.034887 3.380826
0.874512 0.155640 1.322754 -0.992277 1.015180 3.147004
0.866211 0.137695 1.395142 -0.830093 0.943542 2.927830
0.871704 0.167725 1.437988 -0.559521 0.698535 2.721438
0.921631 0.204956 1.425049 -0.162184 0.344075 2.548336
1.002808 0.236084 1.333618 0.250067 0.034621 2.369374
1.071045 0.270386 1.206909 0.563249 -0.080160 2.124900
1.082520 0.316406 1.095215 0.699068 0.005326 1.797603
1.046875 0.348877 1.008789 0.657257 0.206391 1.431158
0.969849 0.353271 0.964844 0.484421 0.411451 1.081225
0.885376 0.338135 0.932495 0.252730 0.548868 0.782423
0.776367 0.316162 0.937744 0.026099 0.619174 0.529694
0.657593 0.283203 0.972290 -0.129161 0.600266 0.305726
0.546509 0.226929 0.990723 -0.177630 0.459387 0.104927
0.440308 0.188599 1.015137 -0.136352 0.225300 -0.073236
0.346924 0.145020 1.020996 -0.036218 -0.062583 -0.209587
0.276733 0.102539 1.001099 0.084953 -0.349401 -0.309987
0.205688 0.077637 0.963867 0.185087 -0.557656 -0.382423
0.148560 0.069092 0.937500 0.227963 -0.643675 -0.420240
0.096680 0.058838 0.901855 0.215180 -0.621039 -0.432224
0.030029 0.076050 0.894653 0.168575 -0.525699 -0.450067
-0.020874 0.094116 0.905518 0.094008 -0.430626 -0.465513
-0.047485 0.103027 0.910278 0.002929 -0.369640 -0.443675
-0.071533 0.112671 0.912109 -0.065779 -0.327830 -0.391478
-0.083984 0.121094 0.927490 -0.117177 -0.313715 -0.348868
-0.092896 0.127808 0.924316 -0.125699 -0.312117 -0.325699
-0.098022 0.140991 0.921997 -0.107324 -0.298535 -0.324101
-0.098145 0.151611 0.919189 -0.098535 -0.259654 -0.341145
-0.110840 0.152832 0.913574 -0.104394 -0.196538 -0.366977
-0.127930 0.149658 0.917358 -0.135020 -0.133422 -0.379760
-0.147461 0.150269 0.931763 -0.186684 -0.077230 -0.374967
-0.157471 0.141724 0.939819 -0.229294 -0.037816 -0.345140
-0.161743 0.140137 0.949463 -0.233555 -0.001598 -0.299601
-0.163086 0.149414 0.937744 -0.214115 0.032490 -0.247936
-0.169556 0.156128 0.936768 -0.202397 0.092144 -0.204261
-0.171143 0.145142 0.945557 -0.206924 0.141411 -0.166977
-0.173828 0.143921 0.952026 -0.208522 0.148069 -0.135020
-0.167480 0.143555 0.972656 -0.205593 0.114248 -0.110253
-0.155518 0.135376 0.984375 -0.204261 0.064447 -0.109987
-0.160156 0.132935 0.995361 -0.181891 0.015979 -0.129960
-0.156006 0.141602 0.994873 -0.133688 -0.032490 -0.140613
-0.146606 0.152588 0.992798 -0.078828 -0.063116 -0.129960
-0.134644 0.146606 0.982666 -0.033023 -0.066312 -0.112383
-0.135132 0.154297 0.969238 -0.006125 -0.031691 -0.107324
-0.138184 0.160156 0.958496 0.000266 0.020506 -0.100399
-0.143555 0.162720 0.947998 -0.009055 0.066844 -0.089214
-0.143066 0.160767 0.941284 -0.037550 0.100932 -0.089481
-0.153687 0.152954 0.945313 -0.076165 0.141145 -0.102796
-0.170654 0.147705 0.953125 -0.099068 0.164048 -0.099601
-0.176636 0.141968 0.962769 -0.097204 0.148336 -0.066844
-0.168945 0.137207 0.961670 -0.076165 0.106258 -0.019707
-0.148438 0.135986 0.956665 -0.045273 0.067909 0.017310
-0.144043 0.143555 0.950073 -0.012517 0.056991 0.041012
