0.435791 0.742798 0.360718 -0.205060 0.576032 -0.133156
0.401855 0.703979 0.385376 -0.330226 0.521971 -0.243409
0.368896 0.684082 0.400146 -0.368575 0.395206 -0.363515
0.370117 0.598389 0.416504 -0.354993 0.189081 -0.436485
0.368530 0.571777 0.384521 -0.263915 -0.041278 -0.487617
0.379395 0.496582 0.363159 -0.140080 -0.201065 -0.520639
0.405762 0.430542 0.312744 -0.006125 -0.309188 -0.535819
0.421631 0.399902 0.240967 0.102796 -0.345140 -0.546205
0.436279 0.358887 0.180542 0.150200 -0.285486 -0.541145
0.434692 0.321289 0.098389 0.138216 -0.173369 -0.535286
0.424194 0.284302 0.051758 0.066045 -0.008256 -0.548336
0.399780 0.254883 0.008301 -0.042610 0.160053 -0.566445
0.371582 0.223389 -0.026611 -0.156059 0.284154 -0.577630
0.340820 0.197998 -0.058350 -0.266045 0.343542 -0.587750
0.306030 0.170898 -0.088135 -0.363249 0.314780 -0.596538
0.280640 0.147827 -0.110352 -0.458056 0.195206 -0.607723
0.248413 0.135254 -0.139893 -0.557923 0.013049 -0.625033
0.207397 0.134399 -0.157349 -0.680692 -0.189081 -0.635153
0.180420 0.134521 -0.166138 -0.828229 -0.399467 -0.640746
0.159546 0.134277 -0.170288 -0.992810 -0.570173 -0.635686
0.137451 0.153076 -0.175781 -1.149401 -0.694807 -0.597870
0.130737 0.159180 -0.177246 -1.297736 -0.788016 -0.506525
0.138306 0.164917 -0.201172 -1.450333 -0.870839 -0.373635
0.137695 0.195557 -0.218262 -1.627164 -0.926764 -0.215979
0.140869 0.235718 -0.231567 -1.838349 -0.987750 -0.021305
0.155884 0.257935 -0.234741 -2.070839 -1.085486 0.200000
0.188232 0.271240 -0.215088 -2.324101 -1.229028 0.398402
0.235840 0.296265 -0.200684 -2.628762 -1.423968 0.537949
0.301392 0.285156 -0.174805 -3.024767 -1.567510 0.595206
0.390381 0.269165 -0.138306 -3.513182 -1.625033 0.529161
0.444580 0.262573 -0.051636 -4.066045 -1.606391 0.377896
0.463867 0.269653 0.112549 -4.642876 -1.540879 0.224234
0.462280 0.288452 0.328125 -5.186951 -1.533955 0.074567
0.471436 0.225464 0.654053 -5.655659 -1.618109 -0.076698
0.473511 0.142944 1.102051 -5.958722 -1.855925 -0.232756
0.486938 0.043457 1.577271 -5.954195 -2.323569 -0.327297
0.583252 -0.025269 1.912720 -5.534754 -2.965379 -0.289481
0.774414 -0.056519 2.141602 -4.798935 -3.475899 -0.111851
1.006348 -0.019043 2.262329 -4.037017 -3.530226 0.071638
1.197144 0.036011 2.321655 -3.490812 -2.972570 0.133955
1.286133 0.106201 2.374634 -3.279094 -1.940879 0.028762
1.253906 0.129761 2.438843 -3.369374 -0.670839 -0.186684
1.067261 0.084961 2.608276 -3.563782 0.527297 -0.399467
0.831177 0.065796 2.803345 -3.585087 1.173901 -0.568309
0.573975 0.121460 2.905029 -3.147270 1.155526 -0.641012
0.456055 0.165649 2.832275 -2.303063 0.586418 -0.600266
0.401978 0.288208 2.654175 -1.280692 -0.110253 -0.513715
0.404541 0.382813 2.368042 -0.402397 -0.548602 -0.498802
0.418213 0.428955 2.113525 0.093209 -0.625300 -0.541411
0.386597 0.441895 1.923218 0.263648 -0.406924 -0.600799
0.340088 0.406494 1.810181 0.250866 -0.060453 -0.626365
0.292725 0.365479 1.734497 0.237550 0.225033 -0.584288
0.278564 0.342041 1.665894 0.323302 0.363782 -0.468975
0.284058 0.327759 1.573730 0.513449 0.379760 -0.302264
0.304077 0.308228 1.443237 0.746471 0.356059 -0.145406
0.340210 0.296875 1.287231 0.928096 0.372037 -0.057257
0.336670 0.297607 1.144287 1.005593 0.473768 -0.059121
0.320801 0.282227 1.015869 0.978162 0.661784 -0.121971
0.260376 0.268188 0.939575 0.864714 0.879893 -0.209321
0.191406 0.243530 0.880127 0.703595 1.058056 -0.324368
0.105469 0.208618 0.829468 0.542743 1.187483 -0.445539
0.027466 0.167725 0.789185 0.384554 1.252463 -0.563782
-0.046387 0.130127 0.740845 0.231158 1.260453 -0.661784
-0.117188 0.095459 0.725708 0.075899 1.251132 -0.717177
-0.198242 0.035522 0.685547 -0.064980 1.218642 -0.713182
-0.295410 -0.005493 0.705688 -0.174168 1.194407 -0.649534
-0.375488 -0.059082 0.704956 -0.256458 1.092144 -0.528362
-0.432129 -0.119263 0.728882 -0.326764 0.965912 -0.381092
-0.463257 -0.180664 0.743652 -0.426631 0.859387 -0.202397
-0.475342 -0.232178 0.767212 -0.574168 0.862850 -0.001065
-0.491821 -0.293335 0.844482 -0.719574 0.962983 0.251398
-0.506592 -0.363403 0.931396 -0.782157 1.055127 0.600799
-0.519653 -0.432617 1.022827 -0.731558 1.075632 1.047936
-0.490967 -0.493408 1.088867 -0.571771 0.994674 1.546738
-0.441650 -0.549805 1.133301 -0.343542 0.854594 2.042344
-0.364624 -0.589844 1.161987 -0.109454 0.703329 2.491611
-0.250000 -0.623779 1.162476 0.059920 0.601598 2.879095
-0.149048 -0.633545 1.160034 0.152064 0.614913 3.190945
-0.046143 -0.578369 1.144531 0.192277 0.723569 3.469507
0.090698 -0.467407 1.103760 0.197603 0.898802 3.811984
0.255005 -0.362793 1.096802 0.185885 1.184021 4.231425
0.448364 -0.285400 1.057129 0.158988 1.518242 4.639680
0.627686 -0.237061 1.036865 0.092410 1.898269 4.924900
0.807739 -0.156494 0.996948 -0.008256 2.228762 4.995206
0.932739 -0.083374 0.957764 -0.147803 2.472703 4.817310
0.976807 -0.019897 0.946533 -0.295340 2.588549 4.433289
1.008057 0.067871 0.985474 -0.421039 2.502796 4.003728
1.022827 0.140747 1.000000 -0.475632 2.154194 3.577097
1.013428 0.149536 1.012451 -0.415712 1.669774 3.165912
1.021240 0.189209 1.022339 -0.271638 1.100932 2.807457
1.042969 0.214844 1.021484 -0.040479 0.538482 2.517443
1.088257 0.224243 0.983887 0.238349 0.050333 2.281758
1.129028 0.233643 0.937134 0.486285 -0.319840 2.084421
1.146973 0.259521 0.874390 0.647670 -0.560852 1.888948
1.142700 0.268311 0.832031 0.699334 -0.670839 1.680959
1.104004 0.259521 0.792236 0.652463 -0.700399 1.437017
1.041748 0.259521 0.774292 0.529161 -0.653262 1.147004
0.940796 0.232056 0.800293 0.381092 -0.560053 0.839947
0.831787 0.185791 0.827881 0.241811 -0.478296 0.553395
0.712769 0.166016 0.875854 0.122770 -0.418908 0.311585
0.608521 0.128174 0.925171 0.041811 -0.389880 0.153662
0.539063 0.083862 0.959595 0.018109 -0.419973 0.086818
0.499756 0.062256 0.985107 0.037284 -0.466578 0.073768
0.479614 0.068726 0.985962 0.070839 -0.491611 0.095073
0.454346 0.085938 0.983398 0.097470 -0.446871 0.145140
0.434814 0.090454 0.966187 0.104927 -0.338216 0.174168
0.395142 0.094727 0.953125 0.088149 -0.185885 0.149401
0.344360 0.102539 0.949707 0.057523 -0.034887 0.092144
0.282349 0.101440 0.947998 0.028229 0.071638 0.036485
0.240112 0.083618 0.956909 0.016511 0.103063 0.004794
0.205933 0.070313 0.961914 0.034088 0.066045 -0.003196
0.174072 0.061768 0.951416 0.080959 -0.016245 0.001864
0.152222 0.072144 0.935913 0.152330 -0.119840 0.018375
0.138794 0.084106 0.903809 0.218109 -0.213848 0.042610
0.143555 0.104370 0.890259 0.254594 -0.275366 0.070573
0.153564 0.125244 0.880249 0.243941 -0.298269 0.098269
0.173828 0.141113 0.868042 0.192543 -0.285752 0.119574
0.195801 0.153320 0.870728 0.119574 -0.232756 0.129161
0.209106 0.159180 0.880005 0.040746 -0.154993 0.125699
0.216309 0.155762 0.892212 -0.028229 -0.068708 0.102530
0.211060 0.151001 0.899902 -0.063648 -0.004261 0.067111
0.210815 0.151367 0.907593 -0.078562 0.030093 0.025033
0.208130 0.140991 0.901733 -0.088682 0.045007 -0.024501
0.193237 0.141235 0.909180 -0.106258 0.045806 -0.067909
0.188599 0.138062 0.923462 -0.133955 0.027963 -0.084953
0.190430 0.123779 0.939087 -0.170972 -0.001332 -0.077763
0.192627 0.110474 0.956787 -0.196272 -0.009321 -0.063915
0.194580 0.108154 0.978149 -0.194407 0.001864 -0.041278
0.202637 0.096924 0.991821 -0.172037 0.016245 -0.016511
0.210327 0.092041 0.995850 -0.144607 0.030626 -0.008788
0.203491 0.095581 0.992676 -0.114780 0.042344 -0.015180
0.194214 0.102905 0.994507 -0.084953 0.038083 -0.017044
0.195068 0.105835 0.990967 -0.050067 0.015979 -0.001864
0.197021 0.105103 0.980469 -0.014913 -0.006924 0.014115
0.202759 0.111084 0.971924 0.013582 -0.017843 0.024501
0.202271 0.118164 0.963135 0.032224 -0.019973 0.034621
0.207153 0.119629 0.956055 0.033023 -0.013848 0.045539
0.213623 0.121948 0.951904 0.019707 0.001065 0.055659
0.222534 0.120239 0.953857 -0.006391 0.029294 0.063915
0.224854 0.122925 0.957275 -0.034887 0.071372 0.073768
0.228760 0.122192 0.962769 -0.055393 0.115313 0.080959
0.225708 0.119507 0.958130 -0.060186 0.145406 0.085486
0.225830 0.115967 0.955933 -0.048735 0.154461 0.075899
0.230225 0.113525 0.950684 -0.029028 0.147803 0.053529
0.229126 0.116333 0.939453 -0.016245 0.135553 0.018109
0.216919 0.122681 0.936523 -0.010386 0.117976 -0.011984
0.206787 0.124878 0.924805 -0.007723 0.084687 -0.029028
0.201416 0.129761 0.922852 -0.005593 0.050333 -0.034088
0.202026 0.132813 0.915283 -0.003462 0.013582 -0.032490
0.205811 0.130737 0.911255 -0.005593 -0.017577 -0.029028
