0.113892 0.795532 0.503662 -0.356059 -0.022370 -0.152330
0.142578 0.719849 0.506104 -0.385353 0.002397 -0.122770
0.129517 0.723999 0.515259 -0.344607 0.027696 -0.120905
0.136963 0.689575 0.509888 -0.283356 0.013582 -0.106258
0.142456 0.667236 0.484741 -0.203462 -0.004261 -0.092410
0.144043 0.660522 0.460815 -0.137683 -0.006658 -0.071904
0.148315 0.632935 0.425415 -0.097470 -0.010386 -0.046871
0.149414 0.607910 0.384766 -0.074567 -0.020506 -0.033289
0.151367 0.582275 0.351318 -0.065779 -0.046871 -0.030093
0.150024 0.550659 0.303711 -0.071372 -0.092943 -0.035419
0.141235 0.517090 0.261597 -0.095872 -0.167244 -0.044208
0.131714 0.492065 0.225708 -0.128362 -0.274035 -0.051398
0.123047 0.483154 0.186768 -0.162983 -0.411185 -0.038349
0.135010 0.446655 0.160522 -0.200533 -0.570972 -0.005593
0.158691 0.421265 0.122437 -0.227696 -0.748336 0.027696
0.178467 0.412231 0.082031 -0.268975 -0.891079 0.046338
0.199951 0.402100 0.035034 -0.339547 -0.972304 0.045806
0.202026 0.432861 -0.015381 -0.459920 -0.972836 0.025033
0.199829 0.482544 -0.045532 -0.667643 -0.860453 0.007723
0.200928 0.478027 -0.034546 -0.952597 -0.667909 0.021039
0.194214 0.487427 -0.015015 -1.234088 -0.463116 0.056458
0.194214 0.495728 0.040405 -1.470306 -0.313981 0.126232
0.233643 0.451416 0.098755 -1.633023 -0.267643 0.212517
0.277710 0.391357 0.149658 -1.735819 -0.317976 0.251132
0.309570 0.345703 0.199829 -1.810652 -0.457257 0.221838
0.339355 0.289185 0.235107 -1.850865 -0.669241 0.137949
0.335083 0.295044 0.248291 -1.872969 -0.903329 0.010919
0.295410 0.344604 0.274048 -1.921704 -1.109454 -0.108389
0.260132 0.399780 0.295288 -2.008522 -1.305992 -0.171505
0.263916 0.431763 0.330200 -2.108922 -1.485486 -0.145406
0.308594 0.412964 0.366211 -2.204261 -1.618642 -0.051931
0.380005 0.372925 0.413330 -2.298003 -1.701997 0.049268
0.461792 0.311035 0.451782 -2.390679 -1.742477 0.103329
0.529419 0.256226 0.509155 -2.500932 -1.724634 0.086019
0.579224 0.227783 0.547729 -2.633289 -1.652730 0.003196
0.572144 0.282471 0.622803 -2.810919 -1.541678 -0.115313
0.560425 0.270020 0.717896 -3.028229 -1.410120 -0.201598
0.520386 0.276489 0.820068 -3.211718 -1.301997 -0.263648
0.471680 0.298584 0.948975 -3.332357 -1.233289 -0.293209
0.470581 0.274658 1.059326 -3.384288 -1.230093 -0.262583
0.484863 0.241699 1.145142 -3.356325 -1.258322 -0.189081
0.514526 0.215820 1.226807 -3.252197 -1.292410 -0.110519
0.553467 0.206299 1.272583 -3.108389 -1.336352 -0.053262
0.584961 0.246094 1.296875 -2.978961 -1.348868 -0.027963
0.628418 0.280273 1.331665 -2.914780 -1.280426 -0.036485
0.645752 0.285522 1.379272 -2.940613 -1.092144 -0.094541
0.629761 0.275757 1.450806 -3.003462 -0.809055 -0.184021
0.586792 0.245483 1.556274 -3.008522 -0.541411 -0.258056
0.538086 0.226563 1.646973 -2.884421 -0.403462 -0.286019
0.494385 0.213257 1.707642 -2.621571 -0.455925 -0.261518
0.468262 0.230591 1.753662 -2.265513 -0.639680 -0.204794
0.468262 0.276978 1.737915 -1.903595 -0.862317 -0.155260
0.485474 0.312988 1.705688 -1.625832 -1.015446 -0.143009
0.493042 0.334839 1.696777 -1.474567 -1.006392 -0.174700
0.479980 0.346191 1.673706 -1.398668 -0.837017 -0.223435
0.464111 0.353271 1.712891 -1.328096 -0.557390 -0.238615
0.437744 0.310425 1.704102 -1.205593 -0.266045 -0.210919
0.421265 0.290405 1.715820 -1.057257 -0.043142 -0.147270
0.403442 0.289429 1.657471 -0.820506 0.124634 -0.074567
0.400146 0.271362 1.601440 -0.588815 0.259654 -0.014647
0.370483 0.276001 1.527222 -0.382423 0.356591 0.002663
0.335083 0.282471 1.454712 -0.215712 0.406125 -0.022370
0.294800 0.263306 1.393677 -0.091611 0.411718 -0.071904
0.261108 0.251953 1.332153 -0.001598 0.384021 -0.128362
0.216919 0.233154 1.298340 0.048735 0.355792 -0.163782
0.195679 0.194946 1.264648 0.068442 0.317177 -0.170972
0.166382 0.166626 1.240479 0.068708 0.317177 -0.160586
0.127319 0.126343 1.257202 0.065779 0.381891 -0.136352
0.087402 0.083130 1.268311 0.089481 0.451132 -0.105459
0.032593 0.058716 1.293457 0.138482 0.516644 -0.066312
-0.019531 0.030396 1.303101 0.221305 0.580559 -0.008522
-0.073242 0.010010 1.287231 0.328096 0.629827 0.074035
-0.128662 -0.003906 1.323242 0.434088 0.702796 0.177896
-0.159180 -0.024536 1.301514 0.524900 0.754993 0.289747
-0.198730 -0.047974 1.318848 0.597071 0.844740 0.415446
-0.229736 -0.070190 1.322998 0.637284 0.922503 0.540613
-0.258667 -0.104004 1.339111 0.678029 0.967776 0.676431
-0.277344 -0.138428 1.345947 0.774434 0.961651 0.835153
-0.267212 -0.167969 1.333618 0.950466 0.904394 1.033289
-0.232910 -0.191650 1.284912 1.170173 0.835686 1.261784
-0.196045 -0.197388 1.215332 1.358722 0.810120 1.491611
-0.148560 -0.202148 1.146484 1.476698 0.855127 1.710786
-0.068848 -0.191772 1.079102 1.514780 0.961651 1.915579
-0.000122 -0.167480 1.042969 1.466844 1.120639 2.094541
0.046265 -0.153320 1.012085 1.390146 1.302264 2.241278
0.079712 -0.152100 0.981201 1.347004 1.441278 2.371238
0.114624 -0.144653 0.956299 1.348069 1.501465 2.489214
0.151611 -0.145996 0.918091 1.380559 1.471904 2.587750
0.234375 -0.104248 0.851440 1.421571 1.373901 2.674834
0.338013 -0.026367 0.774170 1.431957 1.285486 2.810120
0.448120 0.019043 0.766968 1.420772 1.254860 3.010120
0.577881 0.055786 0.694580 1.410919 1.182157 3.144874
0.688599 0.117188 0.653564 1.370173 1.189880 3.133955
0.761841 0.152588 0.619141 1.271904 1.208256 3.000533
0.801636 0.174194 0.606812 1.136085 1.212250 2.775499
0.812500 0.197876 0.606201 0.980027 1.168309 2.523835
0.806763 0.218018 0.612549 0.816245 1.087350 2.295073
0.817261 0.233276 0.624390 0.672170 0.974434 2.103329
0.841919 0.255615 0.654907 0.584554 0.831957 1.982690
0.873169 0.273193 0.663452 0.558988 0.661252 1.929960
0.909912 0.286133 0.655884 0.563249 0.513449 1.852463
0.938599 0.284424 0.639771 0.562450 0.411451 1.693742
0.940918 0.287109 0.615234 0.529161 0.360586 1.451132
0.900024 0.292969 0.613281 0.432490 0.349933 1.170706
0.832886 0.282104 0.629395 0.286285 0.340080 0.913182
0.761719 0.275757 0.648315 0.143276 0.305726 0.701997
0.677124 0.261719 0.694336 0.050333 0.237017 0.544075
0.618774 0.256348 0.711792 0.038615 0.088948 0.453795
0.567993 0.251465 0.738647 0.069241 -0.094274 0.425832
0.550659 0.247070 0.767456 0.116644 -0.284953 0.442876
0.557007 0.248291 0.763428 0.166445 -0.459654 0.462317
0.565918 0.255371 0.775635 0.175233 -0.554194 0.452197
0.567383 0.256836 0.778320 0.154727 -0.579228 0.409321
0.555054 0.264526 0.790771 0.109720 -0.524900 0.329694
0.528076 0.263306 0.802490 0.062317 -0.437017 0.230360
0.495117 0.257690 0.810669 0.020506 -0.353395 0.134487
0.453613 0.261475 0.818237 -0.010120 -0.296937 0.059920
0.424561 0.267700 0.831177 -0.031425 -0.271372 0.013049
0.404663 0.264038 0.836182 -0.041012 -0.268708 -0.009587
0.393433 0.265503 0.841309 -0.042344 -0.279893 -0.027963
0.385986 0.267456 0.843872 -0.047936 -0.279627 -0.057790
0.363892 0.273804 0.846313 -0.058589 -0.254860 -0.095872
0.351563 0.281128 0.847412 -0.067643 -0.215979 -0.127297
0.333618 0.288696 0.838989 -0.078029 -0.166445 -0.141944
0.321655 0.291992 0.837769 -0.096138 -0.108655 -0.139547
0.314697 0.287354 0.838623 -0.122503 -0.042344 -0.129161
0.305298 0.285034 0.847412 -0.150200 0.018375 -0.115047
0.294678 0.282349 0.858032 -0.170706 0.058056 -0.094807
0.298828 0.285767 0.870361 -0.182423 0.074301 -0.066844
0.302002 0.292847 0.877563 -0.183222 0.080959 -0.050067
0.292603 0.293823 0.876221 -0.172570 0.082290 -0.054860
0.288574 0.302490 0.880615 -0.160586 0.071105 -0.068442
0.285156 0.306030 0.882568 -0.158722 0.031691 -0.086019
0.276855 0.304443 0.883423 -0.156325 -0.028762 -0.105193
0.275757 0.305786 0.879883 -0.144341 -0.103063 -0.111851
0.286377 0.300659 0.885376 -0.130493 -0.173369 -0.104660
0.301514 0.293213 0.891235 -0.128628 -0.228495 -0.090812
0.311523 0.286011 0.894531 -0.133156 -0.249800 -0.082290
0.315796 0.283936 0.905029 -0.129427 -0.233822 -0.080160
0.315308 0.294312 0.907349 -0.117177 -0.197870 -0.075100
0.326782 0.290649 0.911743 -0.126764 -0.139814 -0.064181
0.326904 0.281128 0.918945 -0.160586 -0.056724 -0.069241
0.314819 0.283691 0.932251 -0.184021 0.030892 -0.075100
0.308228 0.283081 0.941650 -0.178695 0.091345 -0.066045
0.303101 0.282593 0.941406 -0.146471 0.110253 -0.042876
0.306030 0.282715 0.937988 -0.106258 0.087617 -0.016245
0.312622 0.281006 0.922607 -0.062051 0.046338 -0.002130
0.311890 0.293823 0.910400 -0.027696 0.011718 0.000266
0.316284 0.304077 0.895142 -0.013049 -0.008256 0.000533
0.324951 0.305176 0.885376 -0.028762 0.009055 -0.006924
