0.105469 0.632202 0.632690 0.009587 -0.245007 0.211984
0.162354 0.593262 0.591675 -0.030093 -0.245273 0.111318
0.129395 0.625977 0.603394 -0.010120 -0.163515 -0.019973
0.128906 0.617798 0.616211 0.011185 -0.105726 -0.087883
0.118042 0.614746 0.628296 0.054061 -0.059920 -0.099068
0.117310 0.610474 0.630005 0.100133 -0.036485 -0.066045
0.127930 0.601318 0.624756 0.156858 -0.017577 -0.019707
0.144409 0.585938 0.620605 0.214913 0.004527 0.017843
0.156494 0.577881 0.600952 0.256458 0.019973 0.043675
0.155273 0.583984 0.582764 0.276165 0.043675 0.049268
0.162109 0.566650 0.561768 0.264980 0.070839 0.043142
0.157104 0.570190 0.536377 0.232224 0.094807 0.026365
0.156738 0.550049 0.523804 0.192011 0.123835 0.004261
0.154785 0.532715 0.495117 0.156325 0.142477 -0.021838
0.151001 0.520508 0.481079 0.120107 0.147004 -0.040746
0.158447 0.507080 0.470703 0.095340 0.130493 -0.048735
0.188354 0.477417 0.452393 0.085220 0.090546 -0.040213
0.226074 0.436646 0.438721 0.096671 0.050333 -0.041811
0.267578 0.389526 0.399414 0.135286 0.014115 -0.073502
0.310669 0.330933 0.340576 0.188282 0.000533 -0.141411
0.334473 0.273560 0.272095 0.217843 0.028495 -0.253529
0.334473 0.239868 0.206055 0.197071 0.082290 -0.392810
0.310425 0.208252 0.145630 0.118509 0.141944 -0.517443
0.252197 0.215210 0.098267 0.004794 0.190679 -0.611185
0.176514 0.249634 0.086548 -0.125166 0.210652 -0.650865
0.124512 0.272461 0.070068 -0.238083 0.149401 -0.617577
0.104614 0.282959 0.077881 -0.310253 -0.000266 -0.521971
0.119385 0.281982 0.076660 -0.346471 -0.222370 -0.387750
0.164429 0.251221 0.075928 -0.360586 -0.483888 -0.263915
0.230591 0.211426 0.064941 -0.387750 -0.742210 -0.193342
0.289551 0.180664 0.055542 -0.449001 -0.928362 -0.208256
0.326660 0.178955 0.042847 -0.578162 -1.011984 -0.291345
0.338623 0.178589 0.046387 -0.798935 -0.978961 -0.401598
0.296387 0.256470 0.062134 -1.087084 -0.848469 -0.498269
0.231201 0.345337 0.133911 -1.400266 -0.692410 -0.505193
0.215698 0.333740 0.214844 -1.680692 -0.613582 -0.437550
0.202026 0.341064 0.271240 -1.894807 -0.620240 -0.394940
0.217529 0.316528 0.325562 -2.051398 -0.671638 -0.389880
0.265137 0.233643 0.368408 -2.193875 -0.744874 -0.444474
0.335815 0.147339 0.427856 -2.393076 -0.790146 -0.562184
0.318115 0.148438 0.541626 -2.664181 -0.797071 -0.699867
0.292603 0.221313 0.635010 -3.005593 -0.822903 -0.775233
0.236084 0.312988 0.827271 -3.356325 -0.851664 -0.758455
0.189941 0.336670 1.011353 -3.541944 -0.990679 -0.742743
0.134521 0.326782 1.211060 -3.466578 -1.327830 -0.811984
0.057129 0.343994 1.363281 -3.135286 -1.939547 -0.991478
0.072021 0.371582 1.408447 -2.683622 -2.735020 -1.181092
0.157959 0.425537 1.392212 -2.321172 -3.328096 -1.321704
0.255005 0.468262 1.410278 -2.243941 -3.459388 -1.385353
0.343262 0.508423 1.451050 -2.425033 -3.158455 -1.303595
0.397705 0.504150 1.578247 -2.743276 -2.538748 -1.094541
0.427734 0.429688 1.764038 -3.074567 -1.835153 -0.864447
0.426270 0.373291 1.930908 -3.282823 -1.227696 -0.716378
0.386963 0.353760 2.067139 -3.284154 -0.776831 -0.678029
0.322144 0.342285 2.176636 -3.055659 -0.495606 -0.741145
0.244263 0.354004 2.208008 -2.623702 -0.405859 -0.834887
0.189941 0.365234 2.197632 -2.089481 -0.463116 -0.895073
0.160034 0.362061 2.138062 -1.550732 -0.639148 -0.890546
0.160767 0.379272 2.022217 -1.069507 -0.845806 -0.840213
0.185425 0.357666 1.902344 -0.715313 -0.924367 -0.780293
0.197510 0.356812 1.797974 -0.518242 -0.821039 -0.746205
0.180664 0.341431 1.702881 -0.453262 -0.552064 -0.703595
0.132935 0.326294 1.630615 -0.468176 -0.195206 -0.656991
0.056152 0.305054 1.590942 -0.488149 0.154727 -0.593875
-0.008423 0.270630 1.555542 -0.443409 0.380559 -0.514514
-0.053345 0.242065 1.518677 -0.313715 0.422903 -0.444740
-0.086670 0.219971 1.459473 -0.124634 0.319308 -0.393875
-0.087280 0.194824 1.382080 0.081758 0.141678 -0.357124
-0.074829 0.183716 1.299438 0.256724 -0.011185 -0.330759
-0.067627 0.183472 1.211426 0.380027 -0.079893 -0.300666
-0.059570 0.179810 1.139526 0.439414 -0.045007 -0.246605
-0.049316 0.164063 1.076172 0.437284 0.081225 -0.179494
-0.047607 0.149048 1.024780 0.375499 0.276431 -0.113449
-0.056152 0.122314 1.002441 0.265779 0.494008 -0.059654
-0.076782 0.099976 0.985962 0.147537 0.682557 -0.019973
-0.117065 0.078003 0.998779 0.051132 0.821039 0.014381
-0.151611 0.048950 1.010376 0.007457 0.875366 0.053529
-0.184814 0.022095 1.018188 0.030093 0.843675 0.093475
-0.211914 -0.001953 1.028564 0.099068 0.765113 0.135553
-0.234253 -0.014526 1.011719 0.172304 0.656458 0.162716
-0.267822 -0.027954 0.994751 0.219174 0.590413 0.181358
-0.307251 -0.048828 1.004883 0.227963 0.578695 0.215180
-0.327759 -0.077759 1.001587 0.193076 0.592277 0.265246
-0.364136 -0.102905 1.017456 0.122237 0.647670 0.340879
-0.402832 -0.124023 1.033081 0.058855 0.723835 0.462583
-0.431152 -0.140869 1.040894 0.034088 0.781624 0.636751
-0.461914 -0.147461 1.045166 0.058056 0.806658 0.855393
-0.462646 -0.161743 1.043945 0.115846 0.748602 1.118242
-0.431885 -0.192993 1.059326 0.157124 0.612250 1.390945
-0.362061 -0.234497 1.065186 0.154461 0.465779 1.605592
-0.302734 -0.261597 1.073486 0.124900 0.382423 1.735020
-0.243896 -0.273438 1.072510 0.096405 0.406125 1.786684
-0.223145 -0.276001 1.075562 0.088415 0.541145 1.801065
-0.213745 -0.255127 1.081909 0.094008 0.711585 1.856192
-0.190796 -0.231567 1.075684 0.124101 0.836218 2.027430
-0.142090 -0.181519 1.058960 0.196272 0.899601 2.348069
-0.030762 -0.127319 1.026001 0.298535 0.926764 2.814647
0.138062 -0.068481 0.977539 0.388282 0.994674 3.338216
0.332764 -0.020508 0.911865 0.417310 1.160586 3.779760
0.528564 0.041260 0.859009 0.367244 1.424234 4.040479
0.714478 0.100342 0.829834 0.200266 1.694541 4.108122
0.845947 0.161499 0.833008 -0.028762 1.904128 3.973369
0.908447 0.187134 0.867065 -0.229294 1.950999 3.666844
0.939331 0.202515 0.913818 -0.344607 1.766711 3.274301
0.949707 0.223633 0.935303 -0.321438 1.397603 2.802663
0.925781 0.193726 0.935181 -0.181092 0.982690 2.311318
0.900024 0.245361 0.898560 -0.006658 0.577363 1.874567
0.866333 0.272705 0.871216 0.165113 0.279095 1.554993
0.846069 0.292480 0.858398 0.288948 0.055126 1.359787
0.834839 0.297974 0.845337 0.364048 -0.100666 1.237816
0.817017 0.299316 0.842163 0.412783 -0.197337 1.128096
0.806274 0.295288 0.831665 0.426631 -0.259654 0.990146
0.777588 0.271240 0.831177 0.395206 -0.292676 0.817577
0.731079 0.267090 0.837891 0.310253 -0.308921 0.613316
0.653809 0.250732 0.851563 0.201332 -0.306791 0.414115
0.572876 0.246948 0.865845 0.089747 -0.300399 0.235419
0.483276 0.239502 0.903564 0.010652 -0.301198 0.094274
0.406982 0.223022 0.922119 -0.011984 -0.312117 0.003728
0.356567 0.206177 0.937988 -0.004261 -0.333156 -0.019707
0.328247 0.194092 0.951904 0.023968 -0.329960 0.005326
0.307739 0.188965 0.958008 0.045806 -0.293742 0.039148
0.295898 0.182007 0.958862 0.043409 -0.226365 0.049268
0.271973 0.168579 0.960327 0.020240 -0.140080 0.019973
0.230469 0.169800 0.967407 -0.015712 -0.063648 -0.034088
0.180786 0.173950 0.964722 -0.044740 -0.008788 -0.089214
0.139160 0.176880 0.970337 -0.063116 0.015446 -0.130759
0.105225 0.178589 0.976196 -0.059654 0.003196 -0.152863
0.082275 0.180420 0.971802 -0.042077 -0.033555 -0.150732
0.078125 0.185425 0.960205 -0.016778 -0.074567 -0.124634
0.087646 0.190186 0.950684 0.002130 -0.087883 -0.090546
0.098389 0.192139 0.939819 0.003728 -0.064447 -0.062850
0.101685 0.189575 0.925293 -0.007457 -0.008788 -0.055925
0.094482 0.197510 0.919189 -0.030626 0.055126 -0.061252
0.091309 0.197021 0.926514 -0.064181 0.095340 -0.064181
0.084473 0.189209 0.933105 -0.096937 0.109188 -0.062583
0.075073 0.186523 0.942993 -0.105459 0.092676 -0.054860
0.074951 0.197998 0.938232 -0.085752 0.052996 -0.035952
0.084839 0.207397 0.931152 -0.056724 0.012517 -0.013049
0.097168 0.204712 0.926636 -0.038083 -0.011718 -0.002929
0.099731 0.207153 0.918457 -0.029561 -0.022104 -0.006924
0.107178 0.204102 0.921631 -0.039414 -0.023968 -0.017310
0.116699 0.193726 0.921143 -0.083888 -0.011984 -0.043409
0.109619 0.184692 0.936035 -0.135286 0.017310 -0.080692
0.097046 0.178711 0.947388 -0.160586 0.040479 -0.100932
0.088257 0.172729 0.960327 -0.150200 0.038083 -0.096138
0.097534 0.166138 0.965454 -0.129161 0.024234 -0.074567
0.102661 0.164063 0.963989 -0.114514 0.020772 -0.049268
0.102295 0.162476 0.963501 -0.099601 0.024501 -0.026099
0.101440 0.174316 0.954590 -0.079893 0.022104 -0.001065
0.108887 0.181152 0.946411 -0.068975 0.020240 0.022104
