0.351318 0.342041 0.776489 -0.058322 0.515579 0.140879
0.399048 0.290283 0.772949 -0.191744 0.545672 0.213582
0.395264 0.323364 0.819458 -0.263382 0.564048 0.191478
0.392700 0.329468 0.826294 -0.260453 0.523036 0.144607
0.399658 0.324707 0.833496 -0.204794 0.445273 0.092410
0.417969 0.311279 0.825195 -0.111851 0.356858 0.054594
0.436646 0.313354 0.794800 -0.037284 0.280692 0.027430
0.470215 0.307007 0.773804 -0.016245 0.248735 -0.003995
0.508789 0.299683 0.743286 -0.041278 0.277763 -0.054061
0.540649 0.285889 0.731567 -0.096671 0.372037 -0.116911
0.572021 0.231812 0.742310 -0.145140 0.478296 -0.172570
0.577637 0.226196 0.755249 -0.146205 0.499334 -0.196272
0.579346 0.282593 0.773926 -0.113981 0.398935 -0.148602
0.638550 0.316162 0.805542 -0.077763 0.184554 -0.003196
0.754028 0.346558 0.824951 -0.059387 -0.115313 0.177630
0.875732 0.360474 0.824463 -0.055925 -0.389348 0.299867
0.989136 0.370361 0.788696 -0.046338 -0.551265 0.291079
1.061157 0.360474 0.762939 -0.039680 -0.550999 0.150999
1.093384 0.351074 0.729614 -0.041545 -0.451132 -0.083888
1.072876 0.352417 0.692749 -0.035419 -0.308389 -0.373901
1.018066 0.356567 0.630249 -0.019174 -0.164581 -0.676698
0.949097 0.357056 0.582397 -0.017310 -0.029294 -0.927031
0.874146 0.339233 0.553223 -0.046338 0.055659 -1.076165
0.801147 0.318726 0.523071 -0.105992 0.027963 -1.157124
0.751465 0.291992 0.530151 -0.194141 -0.125965 -1.217577
0.708008 0.268066 0.539307 -0.302796 -0.385619 -1.268708
0.650513 0.248779 0.559204 -0.441012 -0.703063 -1.340346
0.567627 0.219971 0.631714 -0.596804 -1.033822 -1.439947
0.491333 0.179199 0.722900 -0.692144 -1.418109 -1.527830
0.405884 0.155151 0.797485 -0.699867 -1.866578 -1.579760
0.344116 0.144287 0.859497 -0.651132 -2.284687 -1.571771
0.338745 0.149292 0.868408 -0.598402 -2.567244 -1.493742
0.350220 0.171143 0.887329 -0.606125 -2.591744 -1.398136
0.354370 0.179077 0.916992 -0.689481 -2.335819 -1.354461
0.330566 0.181030 0.964233 -0.842077 -1.876165 -1.385885
0.258179 0.168457 1.024536 -1.016245 -1.326764 -1.454061
0.155151 0.146729 1.097656 -1.128096 -0.830892 -1.509454
0.039429 0.128906 1.173218 -1.111318 -0.509188 -1.510786
-0.056274 0.125366 1.225098 -0.960586 -0.407457 -1.437550
-0.107178 0.140259 1.224609 -0.742743 -0.450067 -1.309720
-0.116699 0.166870 1.193726 -0.550999 -0.507057 -1.153662
-0.107178 0.189331 1.147705 -0.427963 -0.458855 -0.995739
-0.101074 0.212036 1.109253 -0.363782 -0.272969 -0.848202
-0.098022 0.234741 1.089111 -0.308655 -0.018375 -0.703595
-0.094604 0.253418 1.056885 -0.235153 0.210386 -0.559787
-0.089600 0.265991 1.012695 -0.147803 0.373369 -0.423702
-0.080811 0.286743 0.955322 -0.063116 0.493475 -0.295872
-0.049194 0.291504 0.904175 0.003196 0.576831 -0.173369
-0.012573 0.285767 0.849243 0.041811 0.634887 -0.067909
0.016724 0.270996 0.802002 0.060186 0.693209 0.001864
0.041504 0.252808 0.742432 0.066844 0.741145 0.029028
0.053711 0.223511 0.697998 0.065246 0.772570 0.018908
0.047852 0.192871 0.665039 0.078029 0.759521 -0.007989
0.045166 0.151733 0.622070 0.127297 0.684687 -0.034621
0.055176 0.117920 0.550293 0.204261 0.557124 -0.051931
0.067505 0.086792 0.466187 0.271105 0.463382 -0.051132
0.065674 0.093506 0.362793 0.315313 0.456458 -0.025566
0.072998 0.098633 0.290527 0.310519 0.509720 0.043941
0.095459 0.088013 0.227905 0.241012 0.574168 0.150999
0.122192 0.083496 0.183838 0.119574 0.630360 0.266844
0.153442 0.091187 0.163452 -0.045273 0.659920 0.377097
0.188354 0.101074 0.141846 -0.229294 0.682823 0.451132
0.226074 0.104126 0.128540 -0.414115 0.754194 0.434887
0.231323 0.116577 0.106934 -0.626897 0.891611 0.343009
0.218750 0.094482 0.133301 -0.884154 1.077230 0.222104
0.168701 0.062744 0.183472 -1.173369 1.212783 0.073236
0.081909 0.063477 0.286987 -1.441811 1.208522 -0.058589
0.007446 0.037354 0.456299 -1.626365 0.971238 -0.064181
-0.019775 0.004395 0.632080 -1.623702 0.461252 0.096671
0.039307 0.008057 0.697632 -1.461518 -0.249800 0.367244
0.151367 0.034546 0.706421 -1.243675 -0.852730 0.637284
0.292603 0.062622 0.673340 -1.108122 -1.050067 0.805060
0.384888 0.086914 0.651123 -1.166178 -0.785087 0.859121
0.426392 0.110840 0.687012 -1.431425 -0.196804 0.813049
0.420044 0.076172 0.802612 -1.814913 0.478562 0.700666
0.364502 0.103516 0.935913 -2.170972 0.985353 0.584820
0.297363 0.144043 1.123291 -2.407190 1.180559 0.568842
0.282471 0.126831 1.280640 -2.441278 1.018109 0.618908
0.301880 0.109009 1.382080 -2.305992 0.597870 0.659121
0.338013 0.107788 1.453979 -2.097470 0.110253 0.649001
0.394897 0.100342 1.468140 -1.872437 -0.278029 0.601864
0.437866 0.106567 1.468018 -1.727563 -0.462850 0.540346
0.461548 0.131958 1.476440 -1.684421 -0.454594 0.486285
0.468628 0.131592 1.504028 -1.702796 -0.314248 0.444474
0.477661 0.101196 1.571899 -1.743276 -0.137949 0.398136
0.478638 0.106567 1.637939 -1.768575 -0.017577 0.347803
0.467773 0.081299 1.701172 -1.721438 0.047403 0.320905
0.452515 0.035278 1.752197 -1.573369 0.041012 0.292144
0.427612 -0.001831 1.757324 -1.330493 -0.031691 0.256192
0.401733 -0.011597 1.738403 -1.045806 -0.129427 0.233289
0.391357 -0.020142 1.689819 -0.780293 -0.226631 0.252996
0.397339 -0.006470 1.610840 -0.562450 -0.280426 0.299867
0.423584 0.007690 1.547363 -0.409055 -0.247936 0.356325
0.453857 0.003662 1.480957 -0.315846 -0.149134 0.401332
0.465942 0.000488 1.431763 -0.269241 -0.018642 0.393076
0.453003 -0.007935 1.393311 -0.241811 0.113715 0.329427
0.423706 -0.020264 1.358032 -0.216245 0.218642 0.243142
0.388306 -0.033569 1.315430 -0.182956 0.274834 0.166445
0.346313 -0.053223 1.291138 -0.131824 0.266312 0.115313
0.323242 -0.070679 1.244263 -0.065779 0.169640 0.094008
0.309326 -0.075195 1.193237 0.011451 0.031425 0.099867
0.312378 -0.076904 1.144531 0.086019 -0.117443 0.124634
0.339844 -0.067871 1.083862 0.143808 -0.242077 0.154461
0.371582 -0.059204 1.042725 0.160320 -0.273768 0.180559
0.402954 -0.069946 1.003662 0.142477 -0.218908 0.193609
0.423584 -0.073730 0.971069 0.107057 -0.095340 0.176565
0.415161 -0.082031 0.943481 0.070839 0.077230 0.128628
0.389404 -0.096558 0.941284 0.039680 0.251398 0.065513
0.358887 -0.114014 0.934448 0.026099 0.355260 0.011984
0.328491 -0.123657 0.921753 0.039414 0.378961 -0.017577
0.299927 -0.121094 0.905029 0.077497 0.342743 -0.014647
0.282471 -0.127930 0.879395 0.129694 0.266045 0.028229
0.278809 -0.122192 0.843018 0.178961 0.171771 0.084154
0.279663 -0.111328 0.823486 0.200799 0.088415 0.134221
0.291504 -0.115234 0.814697 0.181092 0.029561 0.177630
0.303467 -0.112793 0.812134 0.137417 -0.011718 0.204261
0.315430 -0.094849 0.814941 0.093742 -0.045273 0.214115
0.326660 -0.088135 0.816895 0.055659 -0.065246 0.202130
0.340820 -0.075806 0.821045 0.014647 -0.058322 0.169374
0.349976 -0.078491 0.836426 -0.038083 -0.029294 0.134221
0.350220 -0.082031 0.857178 -0.086285 0.009321 0.084953
0.337402 -0.081909 0.878540 -0.120905 0.037284 0.021039
0.314087 -0.085571 0.904663 -0.121704 0.035419 -0.031425
0.298340 -0.091187 0.919434 -0.078029 0.003995 -0.048469
0.292480 -0.099243 0.917969 -0.020506 -0.039148 -0.037284
0.289917 -0.097290 0.910034 0.012783 -0.069507 -0.016778
0.284912 -0.097290 0.910034 0.013848 -0.066844 0.006924
0.280518 -0.094971 0.917847 -0.010120 -0.044208 0.033023
0.281372 -0.096436 0.925781 -0.030892 -0.029561 0.062317
0.290161 -0.088135 0.943481 -0.036751 -0.027164 0.096671
0.299194 -0.084839 0.949097 -0.027963 -0.033822 0.121971
0.309937 -0.082764 0.947021 -0.012250 -0.035686 0.123302
0.314209 -0.081665 0.952148 -0.010919 -0.022903 0.100932
0.309326 -0.084351 0.951416 -0.018908 -0.007723 0.069774
0.299072 -0.076660 0.961426 -0.022370 0.000266 0.048469
0.287231 -0.081787 0.965576 -0.014115 -0.010919 0.056458
0.292480 -0.091064 0.958618 0.010919 -0.041811 0.078828
0.296631 -0.087402 0.947754 0.038615 -0.072437 0.092410
0.300781 -0.080444 0.944946 0.050599 -0.093475 0.095073
0.304443 -0.079346 0.940552 0.047403 -0.099068 0.094541
0.308716 -0.081421 0.942017 0.046338 -0.098535 0.104128
0.324829 -0.075317 0.935669 0.047137 -0.088682 0.119308
0.341431 -0.076660 0.932007 0.051398 -0.051664 0.119308
0.343628 -0.079346 0.928711 0.047670 -0.000533 0.099334
0.336914 -0.077515 0.925049 0.035686 0.041012 0.064980
0.321289 -0.075684 0.921143 0.029827 0.060453 0.035419
0.316162 -0.080811 0.916260 0.031691 0.057523 0.029294
0.320435 -0.082031 0.913330 0.030626 0.055126 0.032756
0.324097 -0.084961 0.909790 0.022370 0.075100 0.020772
0.321411 -0.090210 0.910034 0.010919 0.101731 0.006125
