0.619629 0.304810 -0.078735 -0.838349 0.132091 -0.266578
0.598999 0.225830 -0.093628 -0.928362 0.169907 -0.333688
0.545166 0.223999 -0.105225 -0.949933 0.223169 -0.386152
0.501953 0.229736 -0.118042 -0.972570 0.265513 -0.381891
0.475586 0.225220 -0.123047 -1.005060 0.300133 -0.316378
0.463623 0.194702 -0.120605 -1.042343 0.316112 -0.196538
0.469238 0.164551 -0.116211 -1.073502 0.296138 -0.035153
0.477173 0.145020 -0.118530 -1.100932 0.245273 0.148336
0.494751 0.159424 -0.124268 -1.143009 0.183489 0.327031
0.526611 0.185791 -0.153687 -1.218642 0.144075 0.450866
0.537842 0.213867 -0.176147 -1.337683 0.179760 0.458855
0.522949 0.256958 -0.191406 -1.515047 0.297736 0.357656
0.485474 0.302979 -0.190674 -1.756325 0.470040 0.205326
0.398560 0.343018 -0.144409 -2.037017 0.627696 0.078828
0.302490 0.374390 -0.068359 -2.292943 0.643941 0.056724
0.281616 0.376099 -0.005493 -2.461518 0.462850 0.159254
0.316162 0.361938 0.040771 -2.521172 0.141145 0.345140
0.390137 0.354248 0.033325 -2.516378 -0.207989 0.560586
0.488159 0.356079 0.027710 -2.534754 -0.425832 0.756858
0.586792 0.379272 0.028564 -2.670573 -0.465779 0.896405
0.653564 0.413086 0.069946 -2.958455 -0.310253 0.962184
0.683716 0.449585 0.135620 -3.341944 -0.014115 0.957656
0.661011 0.473877 0.275024 -3.759254 0.341411 0.889747
0.612427 0.472290 0.433472 -4.126232 0.623435 0.763249
0.563110 0.453125 0.625488 -4.370173 0.694807 0.620506
0.536499 0.398926 0.839355 -4.433555 0.487617 0.533688
0.565063 0.287598 1.046265 -4.358988 -0.027963 0.546205
0.625488 0.252441 1.178833 -4.154727 -0.782157 0.670306
0.711670 0.282471 1.261353 -3.842344 -1.542743 0.905193
0.843384 0.328613 1.299927 -3.436485 -2.092410 1.193609
0.995728 0.371216 1.298462 -3.007190 -2.290280 1.452197
1.152832 0.394775 1.307739 -2.658056 -2.112916 1.599201
1.261475 0.454102 1.269287 -2.447403 -1.611451 1.594407
1.325195 0.435547 1.260376 -2.454860 -0.876431 1.481758
1.322754 0.439209 1.337402 -2.594674 -0.113182 1.273768
1.254028 0.438354 1.427246 -2.651132 0.552064 1.026631
1.198608 0.365601 1.530029 -2.595473 0.970706 0.811984
1.236206 0.251343 1.516724 -2.372303 1.119308 0.693475
1.083008 0.331299 1.589111 -1.991212 1.033822 0.649268
1.048584 0.379883 1.598877 -1.659387 0.592543 0.557124
1.085327 0.356445 1.531860 -1.352064 0.044474 0.447137
1.090210 0.376831 1.505249 -1.163515 -0.328362 0.247670
1.080688 0.378052 1.481445 -1.017044 -0.462850 0.027164
1.061890 0.351807 1.445923 -0.859121 -0.409055 -0.170173
1.003418 0.341553 1.415527 -0.716644 -0.223702 -0.327830
0.936279 0.323975 1.390991 -0.584021 -0.003196 -0.419174
0.874634 0.299561 1.391846 -0.466312 0.197071 -0.462850
0.800659 0.283813 1.379028 -0.329694 0.355260 -0.489481
0.725952 0.266113 1.374146 -0.160053 0.457523 -0.496138
0.671021 0.233521 1.362427 0.037017 0.496138 -0.474301
0.620972 0.209839 1.344360 0.252730 0.501731 -0.426897
0.592651 0.176636 1.324341 0.463648 0.476165 -0.348868
0.590454 0.152100 1.267944 0.655127 0.409055 -0.259920
0.546631 0.140381 1.307495 0.847936 0.397071 -0.169907
0.527710 0.129883 1.279907 1.014647 0.333688 -0.097204
0.514771 0.129395 1.265869 1.158988 0.300133 -0.021571
0.501587 0.121582 1.249756 1.304927 0.298535 0.049800
0.502319 0.102295 1.224731 1.451664 0.319308 0.115313
0.503662 0.096802 1.201294 1.598668 0.373103 0.165912
0.510986 0.072754 1.178589 1.727031 0.442876 0.209055
0.504150 0.046387 1.156250 1.832490 0.505992 0.245273
0.487427 0.033081 1.134277 1.932623 0.567510 0.280426
0.475952 0.011353 1.105103 2.039414 0.625832 0.324368
0.470459 -0.009399 1.078369 2.147803 0.694807 0.385885
0.463501 -0.011475 1.031494 2.246871 0.788549 0.464980
0.479614 -0.021240 0.965942 2.349401 0.925965 0.588016
0.503052 -0.033447 0.902222 2.464714 1.103329 0.769374
0.532715 -0.038452 0.830933 2.581358 1.313182 0.974967
0.555908 -0.028564 0.759644 2.665513 1.543276 1.171505
0.576172 -0.022949 0.698853 2.724101 1.778695 1.343276
0.588379 -0.022339 0.649414 2.743276 1.984554 1.470573
0.599731 -0.025146 0.604614 2.715846 2.118242 1.535553
0.597900 -0.012085 0.569336 2.640479 2.171505 1.541145
0.586304 -0.002197 0.554321 2.534221 2.133422 1.508921
0.603882 0.012939 0.522583 2.457790 2.004794 1.494008
0.628418 0.025269 0.489746 2.446871 1.806658 1.565646
0.674438 0.049683 0.436768 2.483356 1.549134 1.707057
0.747437 0.096680 0.361328 2.536085 1.298269 1.881225
0.853271 0.139648 0.269409 2.520905 1.130759 2.082290
0.963623 0.180298 0.210693 2.384820 1.126498 2.245806
1.054077 0.211426 0.180664 2.151531 1.266844 2.290546
1.101685 0.228516 0.183960 1.874567 1.470306 2.208788
1.107666 0.227661 0.215576 1.605326 1.627696 2.006125
1.074585 0.221680 0.266235 1.385087 1.629827 1.727563
1.017700 0.223755 0.322510 1.233289 1.445273 1.428229
0.971680 0.216797 0.356934 1.160053 1.103862 1.172836
0.947388 0.203125 0.363770 1.156857 0.688415 1.007457
0.945068 0.216187 0.356934 1.185353 0.279095 0.919574
0.974365 0.237793 0.322144 1.200533 -0.023169 0.887883
1.001953 0.254517 0.292603 1.168575 -0.143009 0.878562
1.021729 0.279541 0.274048 1.068708 -0.099068 0.831425
1.021729 0.288452 0.276123 0.885486 0.087617 0.737150
0.987427 0.293701 0.295410 0.656724 0.338748 0.601598
0.945801 0.291870 0.312378 0.417044 0.551265 0.458322
0.870361 0.280518 0.407471 0.188815 0.712117 0.332889
0.818481 0.256592 0.446777 0.058855 0.742477 0.230892
0.762207 0.253906 0.500488 0.015712 0.670040 0.152064
0.719116 0.263428 0.531860 0.031158 0.496671 0.123036
0.700684 0.282471 0.539673 0.095606 0.262583 0.150732
0.713623 0.303589 0.524780 0.187217 0.022636 0.228229
0.741943 0.334229 0.486328 0.261784 -0.164847 0.322503
0.764893 0.359985 0.463379 0.274035 -0.245539 0.379760
0.773560 0.380737 0.453247 0.214115 -0.246338 0.380559
0.777466 0.392578 0.471069 0.111585 -0.215712 0.329694
0.767334 0.400879 0.485840 0.006924 -0.177364 0.237816
0.747681 0.408447 0.511963 -0.082024 -0.143009 0.123835
0.723022 0.414551 0.529175 -0.152064 -0.118509 0.018375
0.691406 0.417358 0.556152 -0.198668 -0.110253 -0.059121
0.665283 0.417725 0.576782 -0.218642 -0.129427 -0.097204
0.651001 0.417358 0.588013 -0.214913 -0.165912 -0.099068
0.647339 0.420898 0.599609 -0.197870 -0.210919 -0.079361
0.643311 0.424805 0.602661 -0.180826 -0.251664 -0.055659
0.643555 0.428467 0.604980 -0.171505 -0.281758 -0.035952
0.646484 0.432129 0.608398 -0.172304 -0.293475 -0.030093
0.644653 0.437622 0.602905 -0.180559 -0.286551 -0.037284
0.646606 0.443359 0.611450 -0.198935 -0.261784 -0.053529
0.649536 0.435425 0.623901 -0.232224 -0.226365 -0.067643
0.648438 0.427612 0.640381 -0.279361 -0.175233 -0.076431
0.641113 0.417358 0.669312 -0.310253 -0.122503 -0.083622
0.638428 0.413696 0.684692 -0.309454 -0.091345 -0.081491
0.638672 0.400635 0.707764 -0.288149 -0.083622 -0.065246
0.641479 0.392944 0.710815 -0.255127 -0.098535 -0.043142
0.645142 0.394287 0.713257 -0.209587 -0.104660 -0.030892
0.649780 0.398682 0.708252 -0.161917 -0.095872 -0.032490
0.652100 0.403931 0.695801 -0.128628 -0.073502 -0.036485
0.655518 0.402710 0.692383 -0.115313 -0.047936 -0.037816
0.653320 0.408569 0.688477 -0.116112 -0.024501 -0.049800
0.644531 0.404053 0.684326 -0.116112 0.000266 -0.073502
0.639282 0.401245 0.678223 -0.107590 0.020506 -0.104927
0.641357 0.395752 0.684814 -0.112383 0.030360 -0.131824
0.636475 0.392334 0.693726 -0.131824 0.025832 -0.156858
0.621582 0.390259 0.693115 -0.135553 0.018908 -0.173635
0.612549 0.382080 0.687988 -0.108921 0.014913 -0.175499
0.609741 0.388062 0.681519 -0.067111 0.018642 -0.158189
0.616089 0.390137 0.662964 -0.037284 0.031957 -0.122770
0.615601 0.397095 0.647461 -0.030093 0.046605 -0.087084
0.614990 0.395386 0.638184 -0.038083 0.061252 -0.062317
0.609863 0.395874 0.625977 -0.041012 0.064714 -0.051664
0.605469 0.404053 0.622314 -0.038083 0.055126 -0.048469
0.608032 0.410767 0.621582 -0.046605 0.036751 -0.048469
0.609619 0.409668 0.624023 -0.072969 0.010919 -0.050599
0.606934 0.409790 0.630249 -0.095340 -0.008522 -0.054328
0.604004 0.406250 0.626465 -0.099334 -0.023435 -0.050599
0.601440 0.406860 0.631226 -0.089747 -0.032756 -0.037017
0.618164 0.407959 0.625366 -0.087350 -0.033822 -0.021305
0.633545 0.407715 0.624634 -0.104660 -0.016245 -0.012250
0.641724 0.408813 0.628662 -0.135819 0.026897 -0.021838
0.634277 0.403320 0.633301 -0.160852 0.083622 -0.042344
0.623901 0.397217 0.638062 -0.169374 0.133422 -0.061784
0.616577 0.400391 0.650513 -0.167510 0.166178 -0.071105
