-0.235474 0.370483 0.698608 -0.520107 0.106258 0.374168
-0.191528 0.318237 0.694458 -0.463915 -0.198136 0.247936
-0.186768 0.358032 0.749512 -0.341411 -0.522770 0.080426
-0.156128 0.363525 0.747314 -0.198402 -0.828229 -0.058855
-0.136108 0.352051 0.752441 -0.013316 -0.986951 -0.190413
-0.150391 0.369263 0.744507 0.197870 -1.011185 -0.292943
-0.163086 0.383057 0.725830 0.360586 -0.954993 -0.320639
-0.162109 0.384521 0.697876 0.447670 -0.868708 -0.286285
-0.149414 0.388306 0.667358 0.458056 -0.752330 -0.229294
-0.137451 0.382568 0.657715 0.405060 -0.599201 -0.175233
-0.118530 0.369385 0.656860 0.317710 -0.441811 -0.131025
-0.091309 0.359253 0.658203 0.220506 -0.284687 -0.094807
-0.070679 0.338257 0.668823 0.126498 -0.129161 -0.067909
-0.057129 0.301147 0.682739 0.064980 -0.005060 -0.058589
-0.053223 0.280762 0.687256 0.062317 0.061784 -0.054061
-0.038086 0.270264 0.678101 0.119840 0.065513 -0.034887
-0.002686 0.260620 0.637451 0.210386 0.038349 0.000266
0.041626 0.241455 0.588989 0.303329 0.022636 0.020772
0.083252 0.231445 0.536743 0.368043 0.020240 0.010386
0.139648 0.224121 0.468140 0.392543 0.048735 -0.008522
0.183350 0.203369 0.419434 0.366977 0.129161 -0.034621
0.229004 0.191162 0.370972 0.310786 0.226365 -0.072969
0.264282 0.191772 0.307251 0.247137 0.346738 -0.116112
0.276245 0.201782 0.245117 0.182956 0.482823 -0.167776
0.259155 0.217773 0.190430 0.122237 0.598668 -0.255127
0.233521 0.235107 0.158081 0.062850 0.636485 -0.381624
0.189941 0.247437 0.161255 0.015712 0.520373 -0.488948
0.171753 0.227051 0.174927 0.003728 0.209587 -0.532623
0.204224 0.184937 0.165283 0.021039 -0.256724 -0.540613
0.253784 0.119751 0.159180 0.016511 -0.779760 -0.568842
0.335449 0.075806 0.117798 -0.066045 -1.223435 -0.668442
0.372437 0.017090 0.078125 -0.268176 -1.362184 -0.878562
0.340210 -0.051270 0.090576 -0.569374 -1.182157 -1.180027
0.261108 -0.077515 0.140625 -0.917976 -0.878029 -1.439947
0.136353 -0.053833 0.200928 -1.256458 -0.617044 -1.532091
0.031128 0.011353 0.305786 -1.527563 -0.491877 -1.449001
-0.001831 0.052124 0.426880 -1.673502 -0.598668 -1.160852
0.050659 0.060669 0.522217 -1.679893 -0.961119 -0.745406
0.147461 0.038330 0.574829 -1.560586 -1.438349 -0.375766
0.259155 0.015869 0.605713 -1.395206 -1.878562 -0.253529
0.386230 0.016602 0.557617 -1.299068 -2.127031 -0.473502
0.442871 0.035889 0.519653 -1.414647 -1.948868 -0.990945
0.337524 0.094849 0.609009 -1.789348 -1.425300 -1.652197
0.154663 0.133545 0.786499 -2.304927 -0.925433 -2.182956
-0.033813 0.170654 0.988281 -2.742743 -0.717443 -2.448469
-0.168335 0.172241 1.224365 -2.972570 -0.850067 -2.480959
-0.217163 0.092285 1.426758 -2.976032 -1.291878 -2.384554
-0.227295 0.056274 1.598145 -2.785619 -1.886551 -2.278029
-0.186523 0.005859 1.736084 -2.530493 -2.437550 -2.181891
-0.145996 -0.044556 1.845215 -2.296139 -2.781092 -2.143808
-0.133667 -0.059326 1.967896 -2.166977 -2.870040 -2.168043
-0.106323 -0.121216 2.105225 -2.174168 -2.765646 -2.190945
-0.106323 -0.181885 2.262939 -2.252197 -2.504394 -2.200799
-0.106445 -0.204712 2.301392 -2.262051 -2.103063 -2.169641
-0.135864 -0.197144 2.324951 -2.136884 -1.508921 -2.049268
-0.185059 -0.190796 2.318115 -1.931292 -0.831158 -1.858322
-0.241699 -0.196411 2.266602 -1.671638 -0.212783 -1.641012
-0.316162 -0.181274 2.198364 -1.357390 0.225566 -1.452996
-0.389160 -0.149170 2.093750 -1.015446 0.433555 -1.295606
-0.431641 -0.132324 1.975830 -0.638349 0.431158 -1.165113
-0.460571 -0.133057 1.837280 -0.235419 0.261252 -1.060453
-0.456909 -0.115967 1.681641 0.129427 -0.031691 -0.993609
-0.444824 -0.097412 1.508667 0.397603 -0.343542 -0.950466
-0.413818 -0.074585 1.330811 0.520905 -0.537417 -0.932623
-0.422119 -0.053711 1.182373 0.468442 -0.511052 -0.947803
-0.455200 -0.041260 1.076538 0.262583 -0.300932 -0.981358
-0.524048 -0.024780 1.026123 -0.026365 -0.030626 -0.995473
-0.590576 -0.021606 1.027466 -0.308389 0.171505 -0.937949
-0.637085 -0.053711 1.063721 -0.484421 0.223169 -0.790146
-0.620972 -0.067993 1.087891 -0.503595 0.094274 -0.573901
-0.585693 -0.079590 1.095337 -0.403196 -0.133156 -0.309720
-0.527832 -0.099243 1.082153 -0.217843 -0.359787 -0.084154
-0.478149 -0.098877 1.055542 -0.016245 -0.500932 0.021571
-0.464722 -0.089355 1.035034 0.122770 -0.527830 -0.011451
-0.478638 -0.098633 1.043213 0.172836 -0.457523 -0.134487
-0.506836 -0.140381 1.068970 0.151265 -0.330493 -0.277497
-0.571777 -0.197754 1.112671 0.090812 -0.131292 -0.361651
-0.635864 -0.274292 1.191528 0.023169 -0.002130 -0.342743
-0.689697 -0.358154 1.253174 0.000266 0.011718 -0.214115
-0.740723 -0.420044 1.321411 0.051398 -0.000533 0.010652
-0.769287 -0.471802 1.353516 0.165912 -0.017843 0.305193
-0.781250 -0.560791 1.407959 0.314780 0.011984 0.622104
-0.789429 -0.630249 1.447144 0.476431 0.039947 0.930226
-0.776245 -0.691284 1.479980 0.633023 0.035952 1.263649
-0.749023 -0.712402 1.484009 0.799734 0.012783 1.637017
-0.690674 -0.691895 1.438477 1.012783 -0.016778 2.045007
-0.610352 -0.653320 1.334351 1.272437 0.045273 2.465779
-0.494385 -0.587402 1.208008 1.495340 0.231957 2.875100
-0.345825 -0.508179 1.094116 1.583755 0.521438 3.279627
-0.176392 -0.439331 0.998047 1.512916 0.888149 3.652197
0.012573 -0.338867 0.972900 1.310786 1.289214 3.933156
0.192993 -0.235474 0.967407 1.011718 1.647137 4.127830
0.336304 -0.155396 0.967285 0.735286 1.936085 4.157124
0.431274 -0.175293 0.953247 0.594141 2.136352 3.978163
0.404785 -0.043701 1.087646 0.663915 2.098269 3.675632
0.497314 0.050415 0.790405 0.965113 1.886285 3.312117
0.590332 0.007202 0.791870 0.785087 1.664447 2.835419
0.485596 0.193237 0.636475 0.838881 1.308389 2.476698
0.404541 0.219360 0.701416 0.795473 0.996804 2.453795
0.447876 0.184814 0.624023 0.822636 0.600799 2.739814
0.520508 0.192139 0.584961 0.784021 0.306258 3.089747
0.648804 0.201294 0.515259 0.607989 0.131292 3.307323
0.756714 0.200928 0.556152 0.247403 0.119041 3.324368
0.825806 0.193970 0.584229 -0.202130 0.142477 3.186418
0.817871 0.248779 0.618896 -0.569108 0.193609 2.843143
0.731567 0.128662 0.714111 -0.816245 0.270839 2.371238
0.642456 0.165405 0.774414 -0.943009 0.225300 1.879094
0.515503 0.173096 0.836670 -0.838349 0.117443 1.397337
0.402222 0.131836 0.839355 -0.603728 -0.065779 1.003728
0.282593 0.103027 0.845459 -0.380826 -0.279095 0.731824
0.177124 0.145874 0.879517 -0.203462 -0.544075 0.617044
0.170044 0.156494 0.831543 -0.033822 -0.828495 0.660719
0.212769 0.174683 0.847168 0.017310 -1.000533 0.791478
0.274658 0.218750 0.842529 -0.099601 -1.044208 0.937949
0.326172 0.193970 0.871582 -0.288682 -0.910786 1.022104
0.363037 0.184814 0.915894 -0.467111 -0.678562 0.984021
0.352539 0.167725 0.960571 -0.586418 -0.408788 0.855127
0.313965 0.129639 1.020264 -0.629561 -0.187217 0.700399
0.257324 0.099365 1.092163 -0.592810 -0.072969 0.574168
0.230835 0.078857 1.083984 -0.485220 -0.074834 0.502264
0.207275 0.066895 1.109985 -0.351265 -0.100666 0.479627
0.208984 0.089600 1.097656 -0.231691 -0.167776 0.501198
0.220215 0.107666 1.077637 -0.148069 -0.215446 0.550466
0.240601 0.116455 1.061279 -0.100932 -0.206924 0.547270
0.250488 0.129272 1.037476 -0.099068 -0.150466 0.480959
0.246460 0.140259 1.033691 -0.135286 -0.057257 0.365113
0.216309 0.148804 1.031494 -0.183755 0.033023 0.225300
0.175415 0.151489 1.024414 -0.205326 0.073502 0.099601
0.148315 0.142944 1.030762 -0.188815 0.046338 0.017577
0.123413 0.139404 1.026489 -0.140613 -0.025300 -0.038349
0.116211 0.130005 1.018677 -0.084154 -0.099867 -0.070839
0.104370 0.135742 1.010254 -0.036485 -0.156591 -0.086285
0.108643 0.149414 1.003418 -0.018642 -0.195739 -0.087084
0.118042 0.147949 0.994995 -0.030360 -0.210120 -0.084687
0.126099 0.149170 1.004883 -0.049534 -0.195206 -0.095872
0.122559 0.157959 1.002197 -0.057790 -0.161917 -0.109454
0.121460 0.162720 0.997803 -0.053795 -0.125166 -0.124368
0.110962 0.165894 1.006470 -0.037816 -0.097470 -0.150732
0.110840 0.161377 0.996704 -0.002929 -0.101731 -0.177364
0.099976 0.165649 0.994019 0.032756 -0.140879 -0.200533
0.095581 0.162720 0.993408 0.060719 -0.202663 -0.220506
0.094238 0.164185 0.996582 0.084421 -0.268975 -0.244740
0.084229 0.165283 1.003418 0.115047 -0.328362 -0.270573
0.081299 0.164185 1.010864 0.157656 -0.394141 -0.282290
0.089600 0.156494 1.007080 0.191744 -0.462583 -0.282557
0.098267 0.153442 1.015137 0.193342 -0.510519 -0.286019
0.109863 0.152100 1.022705 0.159521 -0.538216 -0.287883
0.115723 0.149292 1.042969 0.106525 -0.531292 -0.288149
0.111816 0.154541 1.059204 0.071638 -0.501465 -0.286285
0.107666 0.151733 1.083862 0.082557 -0.497204 -0.268442
