0.708008 0.232422 0.001709 -0.127563 -0.097470 -0.488682
0.688599 0.216675 -0.056885 -0.130493 -0.094541 -0.497470
0.613892 0.251587 -0.061279 -0.138482 -0.010652 -0.456724
0.563721 0.270874 -0.077271 -0.147537 0.048735 -0.331824
0.538086 0.269897 -0.087646 -0.130759 0.059920 -0.122770
0.542236 0.276123 -0.096802 -0.076698 0.012517 0.137150
0.581299 0.257080 -0.129517 0.005593 -0.089214 0.407723
0.641235 0.233032 -0.160889 0.076431 -0.198935 0.626099
0.704834 0.217651 -0.207642 0.098269 -0.289214 0.765646
0.765869 0.206543 -0.246094 0.031691 -0.315047 0.803728
0.798340 0.187622 -0.257080 -0.115579 -0.271372 0.726232
0.791748 0.188843 -0.261597 -0.311052 -0.188282 0.556059
0.740845 0.195923 -0.233032 -0.527563 -0.086551 0.336085
0.652954 0.235229 -0.201538 -0.736884 0.007190 0.132889
0.545776 0.274658 -0.149902 -0.892943 0.045007 0.018642
0.491455 0.263916 -0.115479 -0.941678 -0.054061 0.073236
0.481689 0.250122 -0.118042 -0.894807 -0.264181 0.257257
0.516968 0.249512 -0.150879 -0.811718 -0.512650 0.519308
0.590698 0.221680 -0.199097 -0.783222 -0.693475 0.786951
0.675049 0.200806 -0.230347 -0.869241 -0.754993 0.969374
0.736816 0.191895 -0.232666 -1.083622 -0.693742 1.047936
0.778198 0.212524 -0.211426 -1.393076 -0.533156 1.050599
0.782593 0.286865 -0.155640 -1.723036 -0.314248 1.013049
0.785400 0.311157 -0.078857 -2.016511 -0.103329 0.972836
0.776367 0.321777 -0.006470 -2.211984 0.030093 0.929427
0.774292 0.325317 0.076904 -2.311052 0.057257 0.899867
0.795898 0.292480 0.134277 -2.329694 -0.035419 0.900133
0.843994 0.234619 0.184448 -2.297204 -0.229028 0.898003
0.892090 0.261353 0.183594 -2.263116 -0.445273 0.890546
0.942627 0.317017 0.199707 -2.289747 -0.554993 0.913449
1.010132 0.370605 0.226440 -2.406658 -0.504128 0.950732
1.066406 0.411011 0.274780 -2.579760 -0.290013 0.963515
1.104004 0.424194 0.358398 -2.764580 0.046605 0.916112
1.116455 0.414063 0.457886 -2.937150 0.403995 0.807457
1.107300 0.391724 0.581299 -3.046871 0.680692 0.676698
1.089600 0.365112 0.724854 -3.060453 0.776298 0.575499
1.076172 0.361816 0.860596 -2.966711 0.657257 0.532091
1.083130 0.345581 0.946289 -2.816245 0.354194 0.567776
1.109619 0.377808 1.036621 -2.592810 -0.045539 0.650865
1.156128 0.435547 1.077026 -2.275632 -0.437284 0.735819
1.226929 0.458740 1.070801 -1.930493 -0.705726 0.778695
1.295898 0.476074 1.043823 -1.634621 -0.782423 0.751798
1.348633 0.487061 1.018311 -1.425300 -0.652730 0.673502
1.373901 0.490112 1.008301 -1.308389 -0.369108 0.569108
1.368530 0.502075 1.014404 -1.252730 -0.011451 0.452463
1.343262 0.511353 1.018433 -1.206924 0.364048 0.327297
1.297852 0.502686 1.027832 -1.142210 0.699867 0.200000
1.228027 0.498169 1.051147 -1.051132 0.955260 0.072170
1.160400 0.485352 1.077515 -0.933156 1.098003 -0.040213
1.092285 0.470703 1.103638 -0.791744 1.124367 -0.126232
1.037964 0.455322 1.121582 -0.625832 1.049001 -0.182690
0.981445 0.443604 1.146973 -0.427430 0.882024 -0.214647
0.936157 0.443604 1.151123 -0.201332 0.648202 -0.224767
0.914185 0.439697 1.137451 0.042077 0.401332 -0.212783
0.905151 0.429077 1.109497 0.295073 0.204794 -0.186418
0.909180 0.420044 1.078247 0.528895 0.104128 -0.164048
0.923462 0.396973 1.041748 0.707590 0.107324 -0.157124
0.926147 0.376831 1.015259 0.816778 0.225566 -0.186152
0.905640 0.357300 1.010254 0.874035 0.434887 -0.244208
0.857056 0.322266 1.010376 0.918775 0.659387 -0.305992
0.796509 0.301514 1.025391 0.992011 0.835153 -0.349134
0.741455 0.290283 1.014282 1.125166 0.929161 -0.345939
0.680298 0.270996 1.028687 1.301997 0.974967 -0.290280
0.665283 0.229370 0.957520 1.493742 0.919041 -0.197071
0.662720 0.219482 0.927124 1.666844 0.854061 -0.095340
0.662109 0.203247 0.881836 1.827430 0.794674 0.019973
0.682129 0.177734 0.846069 1.952863 0.767244 0.131292
0.713745 0.156860 0.804199 2.026098 0.774967 0.204527
0.734741 0.145386 0.772583 2.058322 0.838349 0.241545
0.747925 0.132813 0.741333 2.064181 0.955792 0.251664
0.755127 0.109131 0.725586 2.064714 1.107856 0.246338
0.765869 0.099365 0.695435 2.090280 1.259387 0.270573
0.774048 0.082642 0.666138 2.136618 1.393609 0.333422
0.778442 0.073608 0.619385 2.208522 1.493742 0.410386
0.786743 0.067139 0.568359 2.295073 1.555526 0.490546
0.789185 0.070679 0.503906 2.374967 1.585886 0.567776
0.807251 0.063721 0.431885 2.425300 1.594141 0.646338
0.832031 0.065918 0.367432 2.454594 1.593076 0.739547
0.859131 0.066040 0.299561 2.445007 1.583222 0.829827
0.877808 0.077393 0.249756 2.373901 1.566445 0.898535
0.896484 0.087158 0.218750 2.250333 1.544075 0.934754
0.901733 0.087402 0.198364 2.098003 1.492676 0.941678
0.913452 0.088501 0.195190 1.962450 1.395206 0.936352
0.945557 0.099854 0.170776 1.887617 1.242610 0.944341
0.986084 0.099976 0.142700 1.857257 1.082290 0.960053
1.031372 0.100830 0.100708 1.837017 0.945939 0.970439
1.071167 0.134521 0.041870 1.778162 0.870040 0.951798
1.090332 0.156372 0.003296 1.650866 0.874834 0.915846
1.095581 0.178955 0.000488 1.471372 0.921438 0.882823
1.096558 0.193115 0.006836 1.284687 0.962983 0.846605
1.095825 0.197998 0.023682 1.125699 0.977630 0.810120
1.098145 0.201660 0.041382 1.001065 0.948868 0.773103
1.096558 0.208374 0.060669 0.898535 0.882823 0.734754
1.095947 0.208862 0.086426 0.809587 0.778961 0.700932
1.093628 0.214111 0.106323 0.730226 0.636485 0.658855
1.086182 0.223999 0.132690 0.648202 0.486285 0.601598
1.089478 0.232178 0.126831 0.569374 0.327830 0.528362
1.067871 0.229980 0.178711 0.471904 0.210919 0.441012
1.063232 0.222412 0.198242 0.378162 0.106791 0.348868
1.054565 0.230713 0.219849 0.315579 0.021571 0.255925
1.043457 0.250000 0.230835 0.274834 -0.021039 0.183489
1.031494 0.264404 0.227295 0.237284 -0.022903 0.132357
1.011719 0.280762 0.234619 0.178429 -0.002663 0.086818
0.985962 0.285156 0.250244 0.107324 0.018642 0.046072
0.961548 0.280029 0.281250 0.029294 0.027696 0.012250
0.932129 0.280884 0.311157 -0.024234 0.001864 -0.017577
0.907349 0.285278 0.326538 -0.048469 -0.047670 -0.040479
0.885864 0.289307 0.331421 -0.054328 -0.105726 -0.049800
0.873291 0.298706 0.342529 -0.067909 -0.154727 -0.043675
0.870117 0.307739 0.352295 -0.102264 -0.188016 -0.030360
0.858643 0.317993 0.372681 -0.146471 -0.200799 -0.023435
0.851318 0.327881 0.393311 -0.188549 -0.195739 -0.020506
0.850342 0.331665 0.416748 -0.226631 -0.173901 -0.020506
0.845337 0.341187 0.427490 -0.260186 -0.130759 -0.034088
0.826538 0.356812 0.458740 -0.282557 -0.066045 -0.058589
0.807861 0.360962 0.478638 -0.287350 -0.000266 -0.079361
0.786255 0.361084 0.496582 -0.277230 0.043941 -0.089747
0.771484 0.368896 0.502686 -0.250866 0.066578 -0.096671
0.756714 0.375732 0.508301 -0.215180 0.071105 -0.094807
0.747070 0.375366 0.507935 -0.177630 0.057523 -0.077497
0.738037 0.374023 0.506592 -0.147004 0.022104 -0.054860
0.742065 0.380737 0.495728 -0.130759 -0.021838 -0.032224
0.740723 0.387817 0.491943 -0.130759 -0.051132 -0.010386
0.745972 0.387817 0.494263 -0.131292 -0.063116 0.001065
0.747314 0.390137 0.489746 -0.133422 -0.054594 -0.003995
0.746338 0.397949 0.493652 -0.139814 -0.030360 -0.015979
0.753296 0.395386 0.497803 -0.154993 0.007989 -0.026897
0.753906 0.387817 0.502563 -0.170173 0.053262 -0.040746
0.746826 0.389038 0.509277 -0.174168 0.088948 -0.046072
0.746460 0.379639 0.525513 -0.157656 0.099068 -0.029028
0.755371 0.372925 0.517212 -0.124634 0.076964 0.000266
0.765747 0.377075 0.507080 -0.091877 0.043409 0.020772
0.781982 0.376587 0.497437 -0.076698 0.023435 0.022636
0.794922 0.374512 0.490479 -0.075366 0.021838 0.007190
0.793091 0.375488 0.490234 -0.083888 0.033555 -0.014115
0.787964 0.377075 0.484497 -0.096405 0.048735 -0.029294
0.781128 0.378784 0.490601 -0.110253 0.062317 -0.034354
0.781250 0.372681 0.493896 -0.119041 0.062051 -0.034887
0.779907 0.371216 0.501343 -0.124368 0.051931 -0.036751
0.781372 0.372192 0.499512 -0.125433 0.038615 -0.037017
0.792358 0.367310 0.500610 -0.125699 0.030360 -0.037816
0.794067 0.362671 0.507935 -0.124368 0.036485 -0.043675
0.790283 0.363525 0.508789 -0.116378 0.046871 -0.042610
0.791626 0.359985 0.509521 -0.106791 0.062583 -0.032490
0.789185 0.354980 0.511597 -0.100399 0.073236 -0.013582
0.785034 0.360718 0.514526 -0.094541 0.074035 0.001332
0.790771 0.361084 0.518799 -0.080160 0.058855 0.015446
0.798340 0.361816 0.502686 -0.060719 0.038615 0.024767
0.810303 0.366455 0.502930 -0.042344 0.023702 0.018375
0.806519 0.368164 0.490479 -0.041545 0.019174 -0.007457
