0.324097 0.600342 0.703247 -0.108123 0.319840 0.050333
0.363037 0.518433 0.720581 -0.252730 0.428229 0.002397
0.315430 0.488525 0.774536 -0.322503 0.516911 -0.055925
0.294922 0.470947 0.784302 -0.328629 0.508921 -0.108389
0.265869 0.418335 0.788086 -0.244740 0.451931 -0.148336
0.246094 0.396973 0.779175 -0.096138 0.345406 -0.161651
0.248169 0.381226 0.740967 0.084421 0.228229 -0.141411
0.270142 0.352051 0.693970 0.247137 0.137949 -0.101198
0.302979 0.333008 0.644165 0.349401 0.095073 -0.059654
0.340454 0.303467 0.598389 0.391744 0.100666 -0.019707
0.377686 0.286133 0.552246 0.401065 0.127031 0.022370
0.427002 0.259766 0.501099 0.404794 0.177896 0.050866
0.478760 0.225342 0.442017 0.398935 0.250866 0.037816
0.510132 0.204590 0.383057 0.383222 0.346205 -0.033023
0.521484 0.199341 0.322144 0.355526 0.464980 -0.153129
0.511597 0.188110 0.264771 0.319840 0.566977 -0.292410
0.477173 0.182495 0.208618 0.264447 0.622903 -0.435153
0.431763 0.208496 0.155884 0.171238 0.612783 -0.564048
0.398438 0.218628 0.133423 0.045539 0.543009 -0.648469
0.390625 0.207520 0.110229 -0.084154 0.391744 -0.677497
0.410767 0.207642 0.087891 -0.202397 0.196538 -0.677230
0.440918 0.204712 0.078735 -0.331558 0.013316 -0.671904
0.482056 0.186157 0.071533 -0.475632 -0.119041 -0.680959
0.519897 0.166016 0.069092 -0.639148 -0.175766 -0.737150
0.546875 0.156494 0.081665 -0.834621 -0.150200 -0.831957
0.550293 0.145630 0.098389 -1.079095 -0.041012 -0.954194
0.489746 0.172852 0.131714 -1.344075 0.117976 -1.093209
0.386597 0.260376 0.211670 -1.593608 0.238881 -1.200799
0.283447 0.324341 0.315674 -1.782956 0.187217 -1.196272
0.253052 0.339355 0.402832 -1.847403 -0.087883 -1.076165
0.274658 0.349487 0.457642 -1.773369 -0.505726 -0.920905
0.352417 0.344604 0.465576 -1.663648 -0.945140 -0.781624
0.473022 0.326050 0.455811 -1.669241 -1.259121 -0.714514
0.574707 0.345703 0.463135 -1.904128 -1.319041 -0.781624
0.618042 0.398315 0.528564 -2.382157 -1.100133 -0.950466
0.584473 0.390503 0.688110 -2.985885 -0.723302 -1.194674
0.518433 0.362549 0.900757 -3.491611 -0.417577 -1.521438
0.412720 0.301392 1.131714 -3.759521 -0.309720 -1.897470
0.276123 0.239258 1.368896 -3.761651 -0.493209 -2.299068
0.147583 0.171387 1.631226 -3.505992 -0.980027 -2.658056
0.073486 0.086060 1.812012 -3.080426 -1.747004 -2.908123
0.014526 0.075439 1.922852 -2.621571 -2.533156 -3.019973
0.025879 0.103394 1.968628 -2.237284 -3.088682 -2.956857
0.088013 0.120728 1.982544 -1.997337 -3.174700 -2.738482
0.144897 0.125977 2.001465 -1.984554 -2.686551 -2.476165
0.135620 0.120972 2.058350 -2.189614 -1.713981 -2.238615
0.057251 0.064331 2.134155 -2.449268 -0.539814 -2.019973
-0.075439 0.014038 2.219116 -2.550732 0.533955 -1.795739
-0.219727 -0.016724 2.269653 -2.377896 1.249800 -1.545939
-0.325684 -0.048340 2.258301 -1.929427 1.471372 -1.293742
-0.390625 -0.039063 2.169922 -1.289214 1.250599 -1.095073
-0.410034 0.019409 1.999390 -0.619973 0.769907 -0.965912
-0.409668 0.093872 1.796143 -0.086551 0.244474 -0.900666
-0.390625 0.153198 1.594971 0.214647 -0.160852 -0.900932
-0.391846 0.172729 1.439575 0.296138 -0.386152 -0.957923
-0.400024 0.162720 1.330933 0.255393 -0.462317 -1.033289
-0.410278 0.135254 1.260864 0.172037 -0.410120 -1.087350
-0.420776 0.084839 1.211304 0.098535 -0.278562 -1.075899
-0.433472 0.050903 1.158569 0.041545 -0.120905 -0.982690
-0.415161 0.025757 1.074463 -0.000799 0.045007 -0.835153
-0.414063 0.000977 1.031006 -0.045273 0.238349 -0.689214
-0.456177 -0.011597 1.006348 -0.055126 0.408256 -0.538748
-0.485596 -0.030029 1.000366 -0.004794 0.501465 -0.390413
-0.494019 -0.051636 0.982178 0.111318 0.499601 -0.223169
-0.491089 -0.061646 0.946289 0.256724 0.430093 -0.071372
-0.469238 -0.061890 0.886230 0.388549 0.345672 0.057523
-0.451050 -0.062012 0.822754 0.456724 0.307324 0.161917
-0.445313 -0.066772 0.771606 0.434088 0.330759 0.251398
-0.451904 -0.071167 0.737305 0.325699 0.396804 0.331824
-0.468262 -0.095947 0.734619 0.145672 0.500399 0.406125
-0.487427 -0.135132 0.756470 -0.068975 0.597071 0.476165
-0.513550 -0.184204 0.809814 -0.274301 0.645273 0.558455
-0.528564 -0.261719 0.899536 -0.419973 0.607457 0.662317
-0.541870 -0.327881 0.988647 -0.465513 0.460985 0.765646
-0.551270 -0.406494 1.099487 -0.396538 0.234621 0.886551
-0.542847 -0.468506 1.168823 -0.237284 -0.072969 1.049268
-0.501709 -0.520264 1.241821 -0.032224 -0.372570 1.253795
-0.430786 -0.554443 1.270996 0.188549 -0.574700 1.491079
-0.354980 -0.525757 1.295776 0.373635 -0.592810 1.774168
-0.282837 -0.482056 1.292603 0.516644 -0.401332 2.139814
-0.205200 -0.455322 1.271729 0.601598 -0.041545 2.575233
-0.129761 -0.398315 1.243286 0.634354 0.401864 3.063116
-0.029297 -0.353149 1.212524 0.619441 0.831691 3.573369
0.092529 -0.305176 1.174316 0.582157 1.197870 4.017044
0.219971 -0.248779 1.151367 0.541678 1.471904 4.370972
0.364624 -0.179565 1.103882 0.495872 1.613582 4.615712
0.528931 -0.075684 1.069092 0.439680 1.649001 4.720107
0.676147 -0.009644 1.031860 0.372570 1.577363 4.669774
0.789551 0.052734 0.983154 0.318775 1.439148 4.412251
0.872070 0.157715 0.930542 0.296405 1.266578 3.996272
0.917114 0.232422 0.901245 0.274834 1.071105 3.554993
0.946289 0.273193 0.858276 0.263648 0.860719 3.159521
0.937622 0.274658 0.812622 0.246072 0.684421 2.813848
0.961670 0.273315 0.751465 0.193076 0.566977 2.531025
0.932129 0.260864 0.746094 0.109188 0.536085 2.279094
0.901978 0.226929 0.729248 0.003995 0.522503 2.062850
0.866699 0.216309 0.753052 -0.099867 0.474567 1.901997
0.845459 0.218018 0.789185 -0.192543 0.335020 1.815979
0.859131 0.229248 0.815674 -0.242077 0.124634 1.784021
0.878784 0.236938 0.839233 -0.234621 -0.087617 1.740346
0.889893 0.258667 0.855591 -0.163249 -0.245273 1.594674
0.883789 0.256958 0.840820 -0.064980 -0.343276 1.325166
0.836182 0.278442 0.829712 -0.000533 -0.362983 0.961385
0.738159 0.289551 0.824463 0.025033 -0.331824 0.571771
0.637451 0.258301 0.826904 -0.026897 -0.296671 0.237816
0.535156 0.233887 0.837769 -0.107590 -0.277763 -0.018908
0.430420 0.181763 0.874756 -0.177630 -0.256458 -0.186418
0.333740 0.169922 0.907837 -0.216245 -0.260453 -0.270040
0.266113 0.156982 0.952515 -0.205326 -0.294541 -0.254061
0.232788 0.140259 0.979370 -0.176032 -0.387483 -0.177097
0.220703 0.142944 0.997803 -0.126764 -0.458056 -0.082557
0.238770 0.124268 1.004028 -0.084154 -0.491877 -0.014381
0.256348 0.121826 1.002930 -0.077763 -0.465513 -0.011185
0.254272 0.120972 1.008911 -0.100399 -0.368043 -0.060453
0.236816 0.122192 1.017944 -0.148868 -0.240746 -0.137417
0.204712 0.124146 1.027344 -0.184288 -0.127563 -0.204527
0.173584 0.131836 1.032471 -0.196804 -0.042610 -0.241811
0.143188 0.135498 1.023804 -0.181891 0.014913 -0.264714
0.117065 0.136475 1.021606 -0.148868 0.055393 -0.279893
0.103394 0.127441 1.019897 -0.113715 0.070306 -0.281758
0.090210 0.118774 1.014038 -0.092144 0.067377 -0.274567
0.081909 0.122070 1.013062 -0.078296 0.061518 -0.264980
0.072632 0.117798 1.006836 -0.066578 0.061518 -0.245539
0.064941 0.123779 1.006226 -0.041811 0.065513 -0.207190
0.071289 0.124512 0.989746 -0.004527 0.058322 -0.149401
0.088379 0.129883 0.973145 0.023435 0.056458 -0.092144
0.097412 0.131592 0.952637 0.026365 0.078828 -0.060453
0.095581 0.137207 0.947998 0.009587 0.107324 -0.053262
0.095703 0.137695 0.946777 -0.005326 0.116644 -0.056458
0.102173 0.140991 0.947266 -0.018908 0.104394 -0.074035
0.105957 0.143433 0.943237 -0.041545 0.088149 -0.105193
0.103394 0.147461 0.937866 -0.073768 0.099601 -0.137417
0.098145 0.149170 0.953735 -0.109720 0.136352 -0.157656
0.095703 0.145386 0.957397 -0.132357 0.164314 -0.156059
0.089844 0.135742 0.978271 -0.137417 0.174967 -0.145672
0.082153 0.128906 0.987793 -0.105992 0.152597 -0.128895
0.082520 0.132813 0.987915 -0.039680 0.101997 -0.108921
0.095703 0.134888 0.973267 0.021039 0.046871 -0.083356
0.105957 0.139282 0.963867 0.047936 0.022636 -0.071638
0.110474 0.138794 0.946655 0.038881 0.033023 -0.081491
0.106323 0.139404 0.952271 0.007723 0.062850 -0.098003
0.106689 0.136230 0.962158 -0.029827 0.089747 -0.107590
0.096436 0.136475 0.969971 -0.054860 0.101731 -0.106791
0.096436 0.137207 0.975220 -0.056991 0.102796 -0.093475
0.093506 0.140381 0.967529 -0.045806 0.104927 -0.076431
0.097168 0.141235 0.968140 -0.036751 0.115047 -0.068708
0.094971 0.144165 0.963135 -0.037284 0.125965 -0.069774
0.091675 0.145752 0.966064 -0.043409 0.129960 -0.072969
0.087158 0.140015 0.969360 -0.044208 0.121172 -0.073768
0.083496 0.135742 0.973877 -0.026897 0.103063 -0.075100
