0.665894 0.558228 0.045166 0.072703 0.290812 -0.538482
0.666138 0.500610 0.024414 -0.031691 0.274301 -0.451132
0.648560 0.422119 0.063965 -0.091611 0.242876 -0.349933
0.630371 0.382935 0.053345 -0.076431 0.168309 -0.270839
0.612183 0.335083 0.052124 -0.035686 0.086019 -0.198668
0.585815 0.279663 0.022705 0.023435 0.001864 -0.142210
0.547974 0.248901 -0.014648 0.073502 -0.064447 -0.110253
0.496216 0.224609 -0.060181 0.093475 -0.105726 -0.092144
0.447998 0.197144 -0.096924 0.071904 -0.131824 -0.078828
0.404907 0.170776 -0.136841 0.037284 -0.175766 -0.047137
0.371338 0.151855 -0.179565 0.000533 -0.227696 0.005859
0.352295 0.136841 -0.218262 -0.042344 -0.279095 0.078296
0.340088 0.125000 -0.257446 -0.094807 -0.319308 0.152064
0.339844 0.116455 -0.300537 -0.175766 -0.334221 0.216778
0.331909 0.112793 -0.336060 -0.308655 -0.311585 0.271105
0.324341 0.106689 -0.344482 -0.505459 -0.268975 0.307324
0.319336 0.102051 -0.332153 -0.742477 -0.221838 0.325699
0.302246 0.117188 -0.322266 -0.970972 -0.194940 0.342477
0.278442 0.153198 -0.287964 -1.155260 -0.196804 0.387750
0.268433 0.195801 -0.265015 -1.291878 -0.244474 0.503329
0.269897 0.236816 -0.237915 -1.373103 -0.317443 0.713715
0.306274 0.239258 -0.210205 -1.386418 -0.419441 0.998935
0.373901 0.235596 -0.200439 -1.345406 -0.550999 1.307856
0.466553 0.255859 -0.223267 -1.301731 -0.674567 1.590679
0.584229 0.284302 -0.266846 -1.338482 -0.703862 1.823702
0.720337 0.320801 -0.286377 -1.523835 -0.571505 1.988282
0.815796 0.401123 -0.273682 -1.870040 -0.272437 2.072437
0.880737 0.496216 -0.211304 -2.347803 0.142743 2.076432
0.905518 0.558350 -0.078491 -2.900932 0.576831 1.998136
0.921265 0.539673 0.107788 -3.410386 0.895606 1.867643
0.951416 0.467896 0.322144 -3.773103 0.990146 1.717976
0.995483 0.368408 0.591064 -3.953129 0.794407 1.606391
1.062744 0.279297 0.828491 -3.872170 0.258322 1.545140
1.167358 0.274292 0.963013 -3.538482 -0.476698 1.550732
1.295776 0.344482 1.010376 -3.060985 -1.123569 1.605859
1.427124 0.451050 1.029053 -2.615712 -1.446871 1.635419
1.550781 0.544189 1.017212 -2.365646 -1.375766 1.552597
1.602173 0.607910 1.027588 -2.322237 -0.921704 1.332623
1.574707 0.626709 1.078247 -2.381624 -0.275366 1.048469
1.495728 0.623779 1.171143 -2.397071 0.346738 0.801864
1.426270 0.577637 1.256836 -2.289481 0.753129 0.647936
1.334961 0.580933 1.296021 -2.042610 0.877497 0.554461
1.258789 0.563477 1.326294 -1.730493 0.788815 0.510786
1.248657 0.567139 1.333496 -1.411185 0.500399 0.480426
1.215210 0.603760 1.314941 -1.090546 0.189614 0.407190
1.200806 0.606812 1.293335 -0.850067 -0.062850 0.269774
1.174438 0.608276 1.283936 -0.709188 -0.203728 0.080426
1.135010 0.587036 1.272705 -0.634088 -0.196538 -0.120107
1.069458 0.553345 1.294922 -0.584554 -0.072969 -0.298003
0.988525 0.524414 1.325195 -0.506791 0.108123 -0.426099
0.910645 0.483032 1.354858 -0.354461 0.283622 -0.475632
0.848267 0.446777 1.367310 -0.116644 0.420772 -0.443675
0.807373 0.436401 1.369629 0.190146 0.537949 -0.353129
0.808228 0.408691 1.340942 0.504394 0.670306 -0.227164
0.806519 0.379028 1.306030 0.772836 0.855925 -0.107057
0.813110 0.349243 1.280884 0.978162 1.097736 -0.010386
0.808350 0.296753 1.289429 1.133156 1.362184 0.062850
0.781372 0.237671 1.306274 1.276698 1.594141 0.134754
0.739624 0.190674 1.337402 1.467643 1.762716 0.214913
0.670044 0.171631 1.338501 1.780293 1.840213 0.311851
0.599487 0.163574 1.309814 2.178695 1.807723 0.458322
0.620605 0.128418 1.224121 2.609854 1.716911 0.646338
0.660034 0.128296 1.084473 3.011451 1.687883 0.770706
0.705078 0.150146 0.891602 3.248469 1.802397 0.815712
0.736206 0.168945 0.705200 3.252197 2.136085 0.826099
0.745972 0.183960 0.552979 3.057790 2.605326 0.845539
0.738770 0.180786 0.466309 2.756059 3.062051 0.913981
0.737427 0.168213 0.409180 2.470306 3.359254 1.012783
0.751099 0.178345 0.362061 2.262051 3.414114 1.101731
0.767822 0.184448 0.318115 2.145140 3.230892 1.166711
0.815430 0.189575 0.230225 2.074301 2.832490 1.169907
0.840942 0.220825 0.177002 2.007989 2.367776 1.102530
0.856445 0.264893 0.109253 1.939547 1.872437 0.999201
0.890137 0.271606 0.056885 1.839414 1.399201 0.903595
0.943604 0.289551 -0.026123 1.702530 0.993609 0.814647
1.000977 0.314575 -0.104370 1.517710 0.740613 0.743542
1.073242 0.322388 -0.173950 1.278562 0.664714 0.689481
1.117920 0.331177 -0.197998 0.984288 0.737683 0.621039
1.160156 0.346191 -0.195068 0.638083 0.880959 0.531292
1.187256 0.356445 -0.148193 0.269507 1.048202 0.422370
1.202148 0.349854 -0.044922 -0.067643 1.161119 0.305459
1.215332 0.342041 0.114380 -0.338482 1.121971 0.195206
1.223267 0.319092 0.289551 -0.492144 0.852996 0.109720
1.248413 0.327148 0.460693 -0.470573 0.360586 0.046871
1.304810 0.356934 0.560791 -0.290013 -0.245273 0.008522
1.381226 0.407104 0.609863 -0.045007 -0.780027 -0.033555
1.473755 0.464600 0.637451 0.166445 -1.101198 -0.108389
1.570068 0.501953 0.639648 0.275633 -1.161385 -0.233289
1.623535 0.556030 0.656372 0.254860 -0.944607 -0.415712
1.647095 0.598877 0.693481 0.154194 -0.537150 -0.622903
1.630371 0.611572 0.764404 0.047137 -0.074035 -0.828495
1.590210 0.612671 0.843628 -0.010386 0.304128 -1.009321
1.540405 0.615112 0.906860 0.012250 0.537417 -1.156059
1.485596 0.624146 0.948242 0.133156 0.640746 -1.291079
1.426636 0.621094 0.963623 0.336884 0.624234 -1.442077
1.363647 0.606689 0.952026 0.586951 0.516644 -1.630360
1.300293 0.593750 0.910034 0.821571 0.354461 -1.838349
1.219360 0.598022 0.856689 0.985087 0.187750 -2.055925
1.146484 0.595581 0.820313 1.074834 0.044474 -2.263649
1.076294 0.568237 0.784424 1.115047 -0.059387 -2.450866
0.992188 0.555542 0.739624 1.128362 -0.108389 -2.619707
0.910522 0.540161 0.710205 1.121438 -0.109188 -2.751531
0.838013 0.513428 0.680786 1.108122 -0.085752 -2.838349
0.765625 0.487183 0.649414 1.098003 -0.047403 -2.892410
0.686279 0.468628 0.617188 1.085220 0.007989 -2.940346
0.605591 0.441162 0.587524 1.067111 0.071105 -2.979228
0.523560 0.423950 0.564331 1.048469 0.103595 -2.996005
0.427368 0.415283 0.550537 1.031425 0.086285 -3.000266
0.340576 0.407837 0.528320 1.029827 0.013582 -2.996005
0.259521 0.400757 0.502197 1.037017 -0.100932 -2.978695
0.178101 0.384033 0.458618 1.044208 -0.221039 -2.953129
0.096069 0.374023 0.423096 1.052197 -0.330759 -2.921438
0.015625 0.364502 0.391968 1.038083 -0.446871 -2.875366
-0.063721 0.346191 0.364746 1.000533 -0.556059 -2.791744
-0.137939 0.344482 0.330933 0.959787 -0.669774 -2.671638
-0.213013 0.362305 0.330933 0.893475 -0.767510 -2.492144
-0.258911 0.370361 0.309204 0.809854 -0.833289 -2.244474
-0.286499 0.361816 0.315430 0.686818 -0.833822 -1.943808
-0.300171 0.378784 0.323975 0.568043 -0.778695 -1.600266
-0.292358 0.389893 0.346558 0.475632 -0.669507 -1.211185
-0.264282 0.392334 0.365234 0.419174 -0.532357 -0.821305
-0.219604 0.411865 0.384644 0.382423 -0.389348 -0.483622
-0.168945 0.441284 0.399170 0.354194 -0.253795 -0.251931
-0.109375 0.486328 0.409058 0.341145 -0.110786 -0.138482
-0.061157 0.524780 0.410522 0.353395 0.033822 -0.123835
-0.021851 0.555542 0.403809 0.395473 0.154194 -0.172836
-0.002563 0.571411 0.391479 0.451132 0.219973 -0.241278
-0.003418 0.592773 0.370850 0.512383 0.222903 -0.301731
-0.003662 0.614502 0.344971 0.554461 0.169374 -0.325433
0.002197 0.638916 0.323975 0.561385 0.060719 -0.300932
0.014404 0.677856 0.292480 0.556325 -0.074567 -0.240479
0.033569 0.710938 0.251831 0.548602 -0.186684 -0.148336
0.071045 0.749756 0.223145 0.540613 -0.245539 -0.046338
0.100586 0.779053 0.199219 0.515579 -0.233555 0.023169
0.132202 0.780518 0.160645 0.437550 -0.165646 0.049534
0.139038 0.795776 0.159668 0.301465 -0.056724 0.033023
0.129761 0.798584 0.178833 0.137949 0.038083 0.007989
0.115356 0.814575 0.193604 -0.007989 0.083622 -0.003462
0.106201 0.814575 0.244873 -0.099334 0.086285 0.011185
0.104248 0.818359 0.271606 -0.108655 0.025832 0.050333
0.113281 0.824097 0.285278 -0.046072 -0.067377 0.103063
0.141724 0.826782 0.275024 0.035686 -0.156591 0.153395
0.159668 0.836304 0.275146 0.079893 -0.213316 0.177364
0.166260 0.860107 0.273926 0.070306 -0.243142 0.183222
0.176636 0.864990 0.292114 0.030626 -0.250067 0.169108
0.177002 0.875366 0.307617 0.001332 -0.245273 0.138216
0.190918 0.884277 0.328491 0.002397 -0.237017 0.125699
0.209839 0.894897 0.332153 0.031425 -0.227164 0.140080
0.234497 0.899780 0.328857 0.066045 -0.202929 0.161651
0.250610 0.899658 0.333374 0.082290 -0.164314 0.170972
