0.279175 0.903076 0.221924 0.081225 0.172570 0.258855
0.284058 0.903320 0.236938 0.007457 0.142210 0.266844
0.296143 0.891357 0.263428 -0.005859 0.146738 0.208788
0.301147 0.867188 0.256226 0.017310 0.131292 0.145406
0.268311 0.883423 0.254517 0.051664 0.092144 0.094541
0.251953 0.876343 0.238281 0.080692 0.033289 0.097204
0.239136 0.870117 0.221802 0.095606 -0.031425 0.134221
0.240479 0.858765 0.209595 0.090812 -0.085220 0.186951
0.246948 0.839966 0.201660 0.077230 -0.132357 0.244474
0.244141 0.828735 0.187378 0.068442 -0.173901 0.292943
0.256592 0.806030 0.176758 0.064181 -0.213582 0.326232
0.263794 0.793823 0.157959 0.066578 -0.249001 0.336618
0.278809 0.771118 0.126099 0.054594 -0.260719 0.335286
0.290894 0.738037 0.107910 0.019441 -0.235686 0.327830
0.298096 0.699341 0.086426 -0.028495 -0.194141 0.321704
0.309082 0.650635 0.062988 -0.086818 -0.151798 0.317976
0.306030 0.582520 0.057861 -0.144075 -0.122237 0.318509
0.310303 0.512085 0.031006 -0.172570 -0.133955 0.334487
0.317261 0.437134 -0.005493 -0.167510 -0.184021 0.366178
0.333984 0.360474 -0.068970 -0.160586 -0.255659 0.397869
0.340332 0.303101 -0.120361 -0.182956 -0.315846 0.401598
0.342651 0.264404 -0.165039 -0.258589 -0.363249 0.396272
0.344604 0.258301 -0.216919 -0.378695 -0.427963 0.427164
0.358032 0.255127 -0.245728 -0.544075 -0.511318 0.520107
0.388184 0.249634 -0.277100 -0.748868 -0.634088 0.648469
0.423462 0.244385 -0.281738 -0.958722 -0.756858 0.772836
0.477295 0.231689 -0.273193 -1.154461 -0.873768 0.867643
0.540771 0.207275 -0.263916 -1.332090 -0.961651 0.895340
0.585205 0.196411 -0.246216 -1.524900 -1.002131 0.835686
0.601074 0.220215 -0.241089 -1.764847 -0.989081 0.697204
0.577393 0.285400 -0.222778 -2.051398 -0.881225 0.535020
0.553223 0.348999 -0.186523 -2.343276 -0.725166 0.436751
0.527832 0.425293 -0.144409 -2.595739 -0.581891 0.452463
0.545654 0.494629 -0.099854 -2.801065 -0.504660 0.574434
0.593506 0.530029 -0.046387 -2.965912 -0.500932 0.710519
0.663574 0.558350 0.013794 -3.125166 -0.539814 0.752330
0.733521 0.585327 0.079468 -3.312650 -0.593875 0.644208
0.775757 0.575317 0.183716 -3.531824 -0.635419 0.395473
0.776245 0.552856 0.303955 -3.783489 -0.711052 0.045273
0.714722 0.566650 0.449585 -4.047936 -0.811718 -0.327830
0.632202 0.547974 0.634521 -4.285752 -0.975233 -0.650067
0.580811 0.465576 0.848389 -4.428229 -1.235952 -0.873236
0.501709 0.361816 1.074707 -4.385886 -1.636218 -0.953662
0.434082 0.338257 1.214966 -4.101997 -2.157390 -0.931292
0.415649 0.362305 1.299927 -3.648202 -2.664980 -0.822104
0.436523 0.365845 1.346313 -3.180825 -3.001864 -0.645007
0.468140 0.389160 1.393433 -2.788815 -3.068975 -0.425033
0.526367 0.473877 1.393921 -2.503861 -2.833289 -0.176298
0.579956 0.558105 1.381592 -2.403728 -2.215446 0.051931
0.602051 0.591675 1.406372 -2.525167 -1.270839 0.195473
0.551392 0.590698 1.480103 -2.777364 -0.225300 0.235153
0.457520 0.560425 1.601440 -3.009321 0.657790 0.233555
0.350708 0.503540 1.749146 -3.084154 1.146205 0.250067
0.256226 0.460815 1.902100 -2.930493 1.116645 0.295872
0.204834 0.433472 1.986084 -2.531558 0.617577 0.362983
0.193359 0.468262 1.999023 -1.943542 -0.136884 0.428495
0.240234 0.498413 1.949829 -1.335819 -0.860186 0.490013
0.297241 0.524780 1.876709 -0.846605 -1.341944 0.524101
0.342651 0.552368 1.784668 -0.494008 -1.510786 0.531025
0.375488 0.576660 1.726807 -0.256458 -1.377896 0.538216
0.394043 0.552734 1.686279 -0.098802 -1.041012 0.578961
0.396118 0.522827 1.650879 0.035153 -0.606658 0.645007
0.373169 0.495728 1.631226 0.174967 -0.158189 0.713715
0.337280 0.465210 1.622559 0.336085 0.237284 0.776565
0.307861 0.399780 1.634033 0.529960 0.512650 0.852463
0.277344 0.348511 1.645142 0.772037 0.622636 0.941678
0.257080 0.329102 1.655029 1.061784 0.567244 1.046072
0.263794 0.304199 1.622681 1.400533 0.411718 1.158722
0.294678 0.273926 1.552002 1.779228 0.299334 1.258056
0.337402 0.235962 1.489258 2.136884 0.282024 1.337417
0.373291 0.179077 1.445557 2.435420 0.348336 1.423435
0.402100 0.109863 1.413818 2.682290 0.439414 1.528628
0.427856 0.044556 1.402466 2.927830 0.447936 1.641811
0.457275 0.008301 1.318726 3.220506 0.330226 1.745672
0.525757 0.012085 1.142456 3.550466 0.243142 1.831957
0.588867 0.026245 0.962158 3.810386 0.373901 1.896138
0.669067 0.046265 0.758301 3.932357 0.735286 1.961651
0.743774 0.068726 0.562866 3.896671 1.287350 2.056724
0.807129 0.104248 0.385376 3.732090 1.928362 2.195206
0.854614 0.141846 0.276855 3.485486 2.533688 2.356325
0.893921 0.167969 0.203369 3.209055 2.954194 2.496139
0.935547 0.180542 0.161011 2.930759 3.100932 2.565113
0.976196 0.196045 0.134644 2.656724 2.977364 2.500666
0.996460 0.232300 0.135620 2.398136 2.687883 2.297736
1.020996 0.267456 0.154541 2.169108 2.289214 2.078562
1.058594 0.310669 0.144775 2.011718 1.820772 1.915579
1.089600 0.373535 0.111450 1.906525 1.401332 1.784820
1.152222 0.401611 0.073853 1.806658 1.115579 1.681225
1.172485 0.431763 0.060303 1.673768 0.989348 1.541944
1.169556 0.440430 0.053833 1.480426 0.963249 1.371238
1.140381 0.453857 0.066650 1.245539 0.974168 1.180027
1.108765 0.463013 0.087646 0.993076 0.973103 1.009055
1.095947 0.473145 0.134277 0.780559 0.928362 0.910519
1.102783 0.483887 0.173340 0.632224 0.838615 0.888948
1.139771 0.523560 0.181763 0.535553 0.713981 0.923569
1.195923 0.564697 0.202515 0.443409 0.605859 0.993342
1.258911 0.627686 0.211670 0.316644 0.523569 1.050067
1.317749 0.666382 0.264893 0.134487 0.486551 1.047670
1.390869 0.706055 0.326782 -0.083622 0.459654 0.933156
1.451660 0.733154 0.393433 -0.296671 0.434088 0.685486
1.459595 0.746826 0.524902 -0.455659 0.429561 0.339281
1.460449 0.744263 0.630005 -0.509188 0.358988 -0.025300
1.447510 0.747192 0.739746 -0.439148 0.218109 -0.337949
1.450562 0.760986 0.812134 -0.250866 -0.017577 -0.564847
1.464600 0.760132 0.846069 0.022104 -0.316378 -0.735020
1.478760 0.749878 0.871826 0.336618 -0.599467 -0.905459
1.512573 0.730469 0.854980 0.596005 -0.890812 -1.131824
1.511841 0.716797 0.845825 0.766178 -1.082557 -1.436485
1.476196 0.716187 0.826050 0.859121 -1.158988 -1.788016
1.430420 0.701782 0.818726 0.879095 -1.135819 -2.137151
1.351807 0.666626 0.816650 0.874301 -1.060453 -2.488682
1.260254 0.635132 0.843994 0.835952 -0.959254 -2.816245
1.163940 0.582886 0.865723 0.810652 -0.903329 -3.090280
1.065918 0.541992 0.874390 0.818908 -0.874567 -3.342477
0.954956 0.510010 0.870850 0.863382 -0.860719 -3.582157
0.842651 0.470581 0.867188 0.943009 -0.854860 -3.782157
0.744019 0.419067 0.858398 1.049268 -0.868442 -3.933156
0.650879 0.365479 0.826416 1.169374 -0.907856 -4.059654
0.545288 0.324463 0.797974 1.286551 -0.971238 -4.187483
0.433472 0.296631 0.752441 1.392277 -1.054860 -4.301198
0.325073 0.266479 0.716919 1.492943 -1.133422 -4.368842
0.219360 0.252686 0.665039 1.598136 -1.222104 -4.376565
0.128906 0.238647 0.610962 1.714248 -1.317177 -4.309987
0.053589 0.222046 0.551636 1.833289 -1.422637 -4.177363
-0.012451 0.240479 0.484253 1.941944 -1.511052 -3.994940
-0.059448 0.275513 0.426025 2.022370 -1.580293 -3.755792
-0.075439 0.266479 0.361572 2.070306 -1.608256 -3.472170
-0.099609 0.274048 0.300537 2.054860 -1.599734 -3.217310
-0.125854 0.293701 0.240112 1.974967 -1.533688 -3.000266
-0.153687 0.315308 0.197144 1.853529 -1.425033 -2.802130
-0.180542 0.332397 0.159180 1.696405 -1.289747 -2.602663
-0.201050 0.356445 0.127930 1.528362 -1.142743 -2.399467
-0.234619 0.404175 0.100342 1.368309 -0.985353 -2.182423
-0.258179 0.462524 0.087524 1.217843 -0.841545 -1.940346
-0.263428 0.496216 0.068115 1.070573 -0.713715 -1.688682
-0.254761 0.521851 0.050293 0.925699 -0.586684 -1.462317
-0.241943 0.549805 0.038574 0.788016 -0.447403 -1.279361
-0.240234 0.576538 0.020752 0.648469 -0.300399 -1.140080
-0.245605 0.600586 0.019775 0.506791 -0.150466 -1.036751
-0.253296 0.631348 0.015259 0.372037 -0.011984 -0.939814
-0.269287 0.674316 0.020752 0.251132 0.089214 -0.818642
-0.281616 0.711182 0.036865 0.139547 0.129427 -0.663648
-0.291016 0.742676 0.051025 0.041545 0.119574 -0.498003
-0.274414 0.769897 0.065918 -0.035952 0.074834 -0.325433
-0.249512 0.788208 0.068237 -0.087350 0.023702 -0.163782
-0.213745 0.813843 0.073730 -0.124368 -0.001598 -0.040479
-0.190918 0.838989 0.081787 -0.166178 0.007457 0.021571
-0.178833 0.856079 0.085815 -0.213316 0.046605 0.030093
-0.168945 0.858276 0.097534 -0.261252 0.099334 0.004794
-0.170288 0.867920 0.109375 -0.297470 0.144607 -0.023435
