0.363647 0.907471 0.172974 0.072969 -0.274567 -0.031425
0.379517 0.884033 0.155396 0.092410 -0.373901 -0.034621
0.381470 0.908447 0.146484 0.116911 -0.397603 -0.056991
0.385498 0.905518 0.143433 0.115846 -0.393875 -0.057257
0.396484 0.890625 0.139038 0.102796 -0.359254 -0.051931
0.389038 0.889648 0.124756 0.077763 -0.296937 -0.056192
0.374268 0.886719 0.121704 0.036751 -0.213848 -0.051664
0.374756 0.865112 0.128784 -0.010386 -0.130226 -0.038083
0.367920 0.856445 0.122314 -0.041811 -0.071372 -0.022104
0.363525 0.842163 0.132080 -0.059920 -0.027696 0.001598
0.368530 0.829712 0.117065 -0.071372 -0.012517 0.030093
0.371826 0.816162 0.107544 -0.089747 -0.003196 0.054594
0.380737 0.793701 0.091309 -0.119308 0.000266 0.071105
0.390381 0.755249 0.077271 -0.152064 -0.000266 0.072437
0.397705 0.709717 0.056641 -0.186951 -0.007723 0.069241
0.406982 0.650635 0.039185 -0.221305 -0.011451 0.060186
0.403687 0.587891 0.017456 -0.247670 -0.021571 0.048469
0.399658 0.530029 -0.016846 -0.261252 -0.038349 0.042610
0.385620 0.479248 -0.061035 -0.287617 -0.052996 0.046072
0.364624 0.428955 -0.096558 -0.347537 -0.060985 0.059121
0.335693 0.393555 -0.131958 -0.437550 -0.074035 0.083356
0.293945 0.363037 -0.157104 -0.549134 -0.097470 0.112916
0.262451 0.332275 -0.180298 -0.677497 -0.130759 0.147270
0.229736 0.309937 -0.196655 -0.807457 -0.176032 0.180559
0.199951 0.296265 -0.205444 -0.929161 -0.231425 0.214913
0.178467 0.281006 -0.206299 -1.032756 -0.292676 0.262583
0.161865 0.266235 -0.216064 -1.116911 -0.359521 0.339814
0.162476 0.250977 -0.218262 -1.200533 -0.427430 0.444474
0.175171 0.250366 -0.218506 -1.306258 -0.503329 0.560852
0.197510 0.253052 -0.217407 -1.451398 -0.547004 0.679893
0.234863 0.259888 -0.210205 -1.640746 -0.536085 0.795473
0.264038 0.279541 -0.182495 -1.850599 -0.468708 0.902796
0.287964 0.310059 -0.144531 -2.050066 -0.380293 1.016511
0.308838 0.367310 -0.115845 -2.222370 -0.316911 1.129161
0.344727 0.427856 -0.085083 -2.381358 -0.281491 1.252996
0.393433 0.487183 -0.051880 -2.543808 -0.275633 1.374967
0.441162 0.552246 0.006104 -2.713182 -0.291878 1.457523
0.492554 0.597656 0.074585 -2.876698 -0.354993 1.488682
0.560425 0.610718 0.163696 -3.041278 -0.465246 1.460453
0.623413 0.633423 0.282471 -3.219174 -0.605326 1.375233
0.671997 0.633789 0.450562 -3.372303 -0.793076 1.276165
0.759888 0.609985 0.636841 -3.433822 -1.074834 1.188815
0.847656 0.557495 0.824585 -3.391212 -1.429294 1.101997
0.933594 0.531494 0.961670 -3.274833 -1.802663 1.023435
1.017944 0.537109 1.068726 -3.098802 -2.076432 0.962184
1.100342 0.557007 1.143921 -2.930493 -2.122237 0.899068
1.155762 0.606445 1.203125 -2.845806 -1.931558 0.823169
1.176758 0.661133 1.242920 -2.846871 -1.477763 0.732889
1.145020 0.695801 1.301147 -2.907856 -0.843409 0.613049
1.061157 0.681152 1.367188 -2.970173 -0.187483 0.476698
0.933105 0.664551 1.487305 -2.931558 0.299068 0.351265
0.806274 0.630493 1.576904 -2.740346 0.457257 0.267643
0.701294 0.606079 1.656738 -2.395739 0.260985 0.216778
0.646973 0.588623 1.679688 -1.942210 -0.213049 0.186684
0.641968 0.582153 1.670166 -1.470306 -0.757923 0.162184
0.661987 0.584717 1.640991 -1.079095 -1.170439 0.126232
0.679443 0.587402 1.596558 -0.815446 -1.317443 0.071372
0.675781 0.582520 1.567017 -0.674834 -1.162450 0.007723
0.626709 0.559814 1.565796 -0.608522 -0.758455 -0.038083
0.558350 0.527588 1.581665 -0.542743 -0.250333 -0.039947
0.472534 0.502319 1.601807 -0.417310 0.227963 0.027164
0.406738 0.497559 1.612427 -0.217310 0.579228 0.173635
0.367065 0.484863 1.609497 0.046871 0.788016 0.373635
0.357910 0.470947 1.581909 0.337417 0.878828 0.569374
0.354248 0.474243 1.561768 0.599201 0.921438 0.704128
0.363647 0.455688 1.547241 0.813316 0.947270 0.781624
0.375854 0.431030 1.540649 0.998935 0.985886 0.809587
0.387451 0.399658 1.511719 1.182423 1.047936 0.805859
0.390503 0.359497 1.487427 1.367244 1.143276 0.789348
0.368530 0.309448 1.432983 1.566977 1.274035 0.790146
0.350830 0.267700 1.362061 1.776032 1.430093 0.833822
0.340576 0.242676 1.260254 1.977097 1.595739 0.934487
0.326050 0.247925 1.158325 2.145406 1.759521 1.095872
0.353271 0.239868 1.046753 2.288415 1.907324 1.305992
0.412964 0.254395 0.909302 2.413049 2.043409 1.515846
0.485107 0.253174 0.794800 2.493475 2.196005 1.725166
0.572998 0.258789 0.667847 2.517443 2.339015 1.897736
0.663818 0.265503 0.564209 2.466312 2.475366 2.008256
0.751465 0.292358 0.459595 2.382423 2.539547 2.058855
0.836792 0.322632 0.365723 2.259121 2.545672 2.060985
0.915894 0.347656 0.293579 2.120905 2.464980 2.030093
0.975586 0.376587 0.221191 1.968842 2.250067 1.940879
1.012573 0.406006 0.159302 1.812783 1.965379 1.770439
1.016968 0.402100 0.103516 1.664980 1.635686 1.562716
1.025879 0.431641 0.062988 1.550732 1.280959 1.366178
1.049438 0.456665 0.000977 1.468975 0.939281 1.197071
1.083862 0.471069 -0.063354 1.391744 0.668708 1.079361
1.109619 0.487183 -0.126709 1.271904 0.499334 0.984820
1.128906 0.499023 -0.178955 1.057790 0.425300 0.878029
1.140381 0.495605 -0.184814 0.738216 0.437017 0.763515
1.137085 0.482666 -0.149292 0.352064 0.496671 0.641545
1.123047 0.471069 -0.068115 -0.041012 0.562450 0.527297
1.096436 0.458740 0.063843 -0.385087 0.576032 0.436485
1.068970 0.471680 0.207275 -0.614381 0.497736 0.373635
1.054443 0.491943 0.370850 -0.722237 0.326498 0.340879
1.061768 0.519775 0.508179 -0.728895 0.072969 0.322237
1.080078 0.582397 0.622559 -0.634887 -0.206125 0.311318
1.133423 0.645020 0.716064 -0.470040 -0.467643 0.285220
1.191650 0.702026 0.788208 -0.299867 -0.657523 0.197337
1.251465 0.763916 0.842651 -0.177630 -0.738216 0.049800
1.300293 0.817017 0.892334 -0.108921 -0.709454 -0.117443
1.337769 0.862427 0.951782 -0.083888 -0.600000 -0.275100
1.358154 0.905884 1.009521 -0.080160 -0.444208 -0.418642
1.380371 0.927002 1.064819 -0.063116 -0.274301 -0.564581
1.394897 0.931274 1.110352 0.014381 -0.131558 -0.728362
1.387451 0.923950 1.133667 0.164847 -0.038083 -0.917976
1.357300 0.916626 1.123413 0.369907 -0.009055 -1.142210
1.299561 0.906494 1.105835 0.598668 -0.051398 -1.393076
1.236572 0.885864 1.063477 0.824501 -0.170173 -1.647403
1.181763 0.857544 1.008545 1.029028 -0.336085 -1.878562
1.127319 0.822998 0.957031 1.196005 -0.512383 -2.076165
1.085083 0.793823 0.887573 1.326764 -0.661518 -2.240213
1.032715 0.750732 0.839355 1.417577 -0.741944 -2.382423
0.965576 0.711426 0.790527 1.459654 -0.768309 -2.518509
0.881836 0.662109 0.750977 1.454061 -0.765379 -2.649534
0.786377 0.622803 0.737671 1.418908 -0.745406 -2.761917
0.685913 0.577881 0.714966 1.377097 -0.732357 -2.844474
0.594727 0.525757 0.705078 1.336884 -0.710253 -2.910786
0.491699 0.469360 0.697632 1.299068 -0.688682 -2.969108
0.386475 0.401733 0.690918 1.271904 -0.663915 -3.006392
0.286011 0.333252 0.675537 1.263382 -0.646605 -3.006924
0.178223 0.293701 0.649292 1.262850 -0.643409 -2.977097
0.077026 0.253296 0.604980 1.266578 -0.633289 -2.890013
-0.001953 0.220215 0.583374 1.258322 -0.603196 -2.740879
-0.072388 0.209595 0.534546 1.237017 -0.552863 -2.536884
-0.118774 0.217163 0.477661 1.211718 -0.466045 -2.287616
-0.149292 0.216797 0.429443 1.168043 -0.333422 -2.006658
-0.174072 0.220093 0.382568 1.112916 -0.189081 -1.711851
-0.191406 0.230225 0.341309 1.039947 -0.047670 -1.423702
-0.200806 0.244873 0.307495 0.952597 0.087350 -1.157923
-0.202759 0.252197 0.291626 0.877497 0.189880 -0.910786
-0.199341 0.269531 0.273438 0.839148 0.217310 -0.686551
-0.184204 0.305298 0.250000 0.838615 0.168842 -0.497204
-0.146606 0.346924 0.219360 0.862850 0.077763 -0.333955
-0.109375 0.391602 0.183838 0.902796 -0.015979 -0.211718
-0.072144 0.454590 0.144287 0.930493 -0.084154 -0.142477
-0.037109 0.500610 0.111328 0.918509 -0.110519 -0.095073
-0.014526 0.552979 0.091797 0.862317 -0.101198 -0.054860
0.004761 0.616333 0.090576 0.774967 -0.061252 -0.023435
0.029907 0.660522 0.092529 0.681758 0.003462 -0.007190
0.059204 0.707397 0.083862 0.597337 0.100399 -0.009587
0.075073 0.737671 0.076538 0.511851 0.236751 -0.023169
0.065796 0.771484 0.072021 0.411718 0.373103 -0.039148
0.061523 0.792480 0.070557 0.293475 0.469507 -0.037550
0.052490 0.811768 0.093750 0.180293 0.513449 -0.014913
0.046509 0.813965 0.124023 0.094008 0.490280 0.024767
0.052856 0.825928 0.151245 0.055126 0.411984 0.057257
0.063965 0.829834 0.171265 0.034088 0.320639 0.082557
0.069214 0.843262 0.186035 0.010652 0.239414 0.099068
0.085205 0.859863 0.194092 -0.016245 0.192011 0.115313
