0.578003 0.609741 0.487427 -0.517976 0.165912 -0.096671
0.615112 0.536499 0.461304 -0.544075 0.081758 -0.112650
0.579468 0.517700 0.491577 -0.418908 -0.002663 -0.108655
0.558105 0.512939 0.468750 -0.197337 -0.133688 -0.107324
0.560303 0.478638 0.424438 -0.003196 -0.242876 -0.062850
0.572144 0.455811 0.359985 0.124101 -0.300932 -0.014115
0.569946 0.449219 0.288330 0.190146 -0.268176 0.029827
0.554810 0.436279 0.192993 0.209854 -0.137949 0.079627
0.532593 0.412598 0.088501 0.193875 0.080959 0.143808
0.485718 0.397583 -0.005127 0.155526 0.365379 0.223435
0.444946 0.360840 -0.085571 0.082557 0.657523 0.316112
0.405762 0.312988 -0.154297 -0.043409 0.898269 0.423169
0.369751 0.271729 -0.203491 -0.242344 1.055925 0.517443
0.348877 0.244873 -0.204224 -0.513182 1.111052 0.596804
0.353027 0.211792 -0.202637 -0.788016 1.016511 0.642876
0.368164 0.197144 -0.179688 -0.987483 0.788549 0.636485
0.401611 0.177490 -0.159790 -1.104661 0.468975 0.596005
0.445313 0.145874 -0.156860 -1.166178 0.132091 0.543276
0.499268 0.116699 -0.159302 -1.210652 -0.145406 0.468176
0.536255 0.102417 -0.167236 -1.275633 -0.305193 0.361917
0.563843 0.069336 -0.154663 -1.399201 -0.312650 0.225832
0.553345 0.054810 -0.122070 -1.574168 -0.214647 0.079095
0.530884 0.056030 -0.055420 -1.779494 -0.065779 -0.040213
0.506714 -0.004883 0.070557 -1.982423 0.094807 -0.101465
0.475952 -0.058716 0.163574 -2.107057 0.158189 -0.090013
0.458984 -0.066162 0.242188 -2.117976 0.107057 0.011451
0.447754 -0.019531 0.294312 -2.025033 -0.050333 0.221571
0.486206 0.001221 0.325317 -1.891878 -0.266045 0.508921
0.563110 0.072876 0.312988 -1.806125 -0.532623 0.766178
0.640747 0.172729 0.325684 -1.841545 -0.726764 0.927830
0.730591 0.211548 0.374878 -2.010120 -0.816245 0.974168
0.799805 0.223877 0.470337 -2.250599 -0.817577 0.899867
0.857666 0.233032 0.598877 -2.481758 -0.797603 0.777896
0.898804 0.234497 0.769043 -2.653529 -0.802397 0.660453
0.948975 0.230591 0.953125 -2.754461 -0.864447 0.550732
0.982910 0.228638 1.119873 -2.770439 -0.944874 0.448469
1.020508 0.232300 1.286011 -2.708389 -0.975499 0.371771
1.069458 0.239380 1.438110 -2.586684 -0.917177 0.319840
1.129517 0.232910 1.541626 -2.435153 -0.736618 0.309188
1.168213 0.252808 1.616333 -2.271904 -0.419174 0.311052
1.157349 0.269043 1.684692 -2.109454 0.009321 0.285752
1.110229 0.295532 1.748779 -1.968842 0.453262 0.224234
1.047119 0.286499 1.800049 -1.819707 0.823968 0.121971
0.954834 0.267944 1.849365 -1.630626 1.060985 -0.011984
0.846924 0.258057 1.887329 -1.409321 1.121172 -0.157923
0.741943 0.242798 1.914063 -1.185353 1.010919 -0.317976
0.641113 0.213867 1.911255 -0.957124 0.788282 -0.460453
0.546265 0.171753 1.903076 -0.722770 0.555260 -0.557390
0.454468 0.130249 1.907715 -0.500932 0.376831 -0.598935
0.349731 0.107056 1.928589 -0.280426 0.282557 -0.574434
0.255371 0.069702 1.937256 -0.026365 0.264181 -0.471638
0.166138 0.042725 1.933960 0.275366 0.295073 -0.297736
0.107666 0.031738 1.903687 0.626897 0.344341 -0.058056
0.099121 0.017700 1.815430 1.007723 0.411984 0.245806
0.132446 0.028931 1.716309 1.364048 0.545406 0.574434
0.184570 0.030640 1.618408 1.630360 0.761385 0.868975
0.214844 0.030518 1.528198 1.786684 1.059654 1.071105
0.238159 0.053101 1.428955 1.882024 1.375233 1.195206
0.243530 0.092529 1.341431 1.955260 1.641811 1.321172
0.270386 0.156006 1.224854 2.043143 1.808256 1.503595
0.362793 0.208130 1.109863 2.155526 1.862583 1.760053
0.491211 0.256470 0.999756 2.255925 1.851931 2.007723
0.623047 0.294678 0.893921 2.315845 1.825566 2.152596
0.745483 0.302368 0.787109 2.316378 1.803462 2.152330
0.815063 0.302490 0.695801 2.256724 1.814115 2.009055
0.835083 0.287231 0.612061 2.171771 1.812517 1.815979
0.826904 0.289063 0.531738 2.087616 1.735020 1.672703
0.856934 0.260376 0.456787 2.002131 1.556325 1.633289
0.901367 0.269165 0.383057 1.906525 1.290812 1.692410
0.970459 0.267334 0.305176 1.803462 1.029294 1.776032
1.056274 0.275269 0.228516 1.658322 0.814913 1.802130
1.134644 0.303101 0.175171 1.460186 0.703329 1.778961
1.194214 0.323486 0.140381 1.203995 0.694541 1.728096
1.229126 0.322266 0.124390 0.921704 0.752597 1.625033
1.241821 0.295410 0.140259 0.629028 0.812783 1.482024
1.222168 0.269165 0.175415 0.325699 0.768043 1.304394
1.193359 0.227661 0.244019 0.042344 0.605326 1.107590
1.186401 0.238647 0.315430 -0.188815 0.357656 0.912650
1.187622 0.248657 0.417969 -0.347270 0.112916 0.748336
1.196167 0.248657 0.530884 -0.418375 -0.089214 0.603995
1.211182 0.266968 0.640991 -0.413316 -0.236751 0.467643
1.234863 0.311157 0.735962 -0.381624 -0.323835 0.350999
1.285889 0.326660 0.810547 -0.375766 -0.319041 0.242876
1.342041 0.347290 0.900879 -0.433023 -0.181092 0.107324
1.383301 0.353638 1.035400 -0.538216 0.090280 -0.051398
1.401733 0.327637 1.177124 -0.632224 0.371505 -0.214647
1.390259 0.307495 1.316406 -0.620506 0.547270 -0.409055
1.350464 0.304565 1.426636 -0.444474 0.537949 -0.605859
1.325073 0.332886 1.471069 -0.114780 0.358988 -0.786152
1.310181 0.375244 1.454712 0.286285 0.116911 -0.960586
1.311646 0.392212 1.406250 0.641811 -0.072170 -1.158722
1.314209 0.380371 1.343994 0.895340 -0.178429 -1.386418
1.300171 0.365601 1.281616 1.050599 -0.229294 -1.606391
1.273682 0.348877 1.213379 1.140346 -0.239680 -1.818375
1.221436 0.331909 1.141113 1.185885 -0.226897 -2.041012
1.145630 0.312500 1.084961 1.208788 -0.198136 -2.252463
1.065186 0.292969 1.034058 1.213848 -0.172570 -2.442077
0.984253 0.241333 0.999023 1.207723 -0.125699 -2.617310
0.882080 0.198242 0.977417 1.221571 -0.067111 -2.788016
0.761230 0.174438 0.948608 1.285220 -0.051931 -2.912384
0.644043 0.156006 0.891479 1.370173 -0.089214 -2.992011
0.533203 0.130493 0.826050 1.426099 -0.133156 -3.054327
0.421875 0.104004 0.763428 1.431425 -0.150999 -3.114514
0.289307 0.106812 0.705811 1.398668 -0.135553 -3.149134
0.177246 0.072510 0.673340 1.338482 -0.094274 -3.117710
0.070801 0.036255 0.642822 1.276964 -0.061518 -3.034621
-0.027344 0.033325 0.600952 1.257523 -0.023169 -2.878296
-0.097534 0.022949 0.562500 1.250865 -0.008522 -2.649800
-0.152222 0.010864 0.508545 1.254860 -0.011718 -2.365646
-0.200073 0.026489 0.452148 1.254594 -0.019707 -2.055393
-0.242065 0.041382 0.413452 1.234620 -0.025033 -1.723835
-0.275024 0.045532 0.376343 1.207190 -0.054860 -1.380293
-0.288452 0.081909 0.338867 1.183222 -0.118242 -1.061518
-0.293335 0.134766 0.307983 1.148336 -0.209587 -0.775499
-0.265259 0.184204 0.283447 1.095073 -0.311318 -0.519574
-0.216919 0.212891 0.262085 1.052996 -0.394407 -0.315579
-0.150146 0.256714 0.241333 1.017577 -0.441012 -0.170706
-0.093384 0.316040 0.216309 0.962450 -0.426897 -0.091877
-0.055054 0.375000 0.216431 0.874035 -0.340346 -0.075366
-0.035522 0.432373 0.227539 0.764581 -0.233289 -0.091611
-0.038940 0.476074 0.247314 0.677763 -0.153662 -0.137150
-0.039795 0.513794 0.275269 0.632224 -0.139281 -0.170972
-0.018311 0.529175 0.287476 0.633289 -0.207190 -0.141944
0.022339 0.556519 0.287964 0.654328 -0.316378 -0.065246
0.067505 0.595581 0.281616 0.654594 -0.414647 0.040213
0.122803 0.629150 0.271973 0.614913 -0.444740 0.152863
0.179565 0.663696 0.267456 0.520905 -0.352597 0.239947
0.198364 0.711548 0.285645 0.381092 -0.148868 0.269241
0.194824 0.735718 0.317993 0.230626 0.076964 0.254328
0.186279 0.747070 0.363525 0.110253 0.245273 0.214381
0.178711 0.758179 0.405884 0.052197 0.307856 0.177364
0.178711 0.759888 0.442627 0.057790 0.251132 0.167776
0.200684 0.759644 0.461182 0.118775 0.102264 0.193076
0.237427 0.773315 0.455811 0.206125 -0.064447 0.250333
0.271851 0.787476 0.437744 0.269241 -0.167776 0.309188
0.298218 0.803467 0.421631 0.292676 -0.177896 0.350999
0.317749 0.818848 0.412231 0.249800 -0.101465 0.373635
0.334106 0.820923 0.404907 0.144075 0.042077 0.373901
0.343994 0.814819 0.428711 0.005859 0.215180 0.352064
0.351196 0.807617 0.451782 -0.124101 0.345140 0.323036
0.352051 0.789429 0.472778 -0.234088 0.414381 0.284154
0.337769 0.775391 0.507568 -0.309987 0.411451 0.234088
0.313599 0.766479 0.557861 -0.327830 0.314780 0.184820
0.298096 0.753662 0.590820 -0.274834 0.115579 0.155526
0.306274 0.745850 0.596069 -0.166711 -0.154461 0.147270
0.332275 0.748291 0.585938 -0.043409 -0.408256 0.157124
0.374023 0.751587 0.567749 0.056458 -0.570173 0.178961
0.414063 0.760254 0.545044 0.113182 -0.633023 0.197337
0.447388 0.773438 0.514893 0.125965 -0.591212 0.187483
0.459473 0.794434 0.496704 0.074301 -0.417843 0.150200
