0.494995 0.784546 0.155762 -0.100666 0.118242 -0.135020
0.440430 0.752808 0.209961 -0.191744 0.209055 -0.147004
0.401611 0.756104 0.240601 -0.162450 0.195739 -0.135553
0.379517 0.738403 0.242188 -0.049001 0.099334 -0.075899
0.368530 0.727295 0.218262 0.086019 -0.034887 -0.001065
0.363037 0.723877 0.184326 0.194141 -0.164847 0.073502
0.373657 0.717285 0.146118 0.256192 -0.261252 0.136352
0.391724 0.693115 0.118286 0.264181 -0.310519 0.177097
0.404907 0.669067 0.091675 0.229827 -0.325166 0.195473
0.416260 0.631104 0.074341 0.168309 -0.308921 0.200799
0.435181 0.580444 0.062012 0.091079 -0.273236 0.198668
0.448364 0.518555 0.044556 0.016245 -0.236485 0.197870
0.462524 0.462158 0.024292 -0.054328 -0.195473 0.177097
0.472534 0.419556 -0.009888 -0.125965 -0.157124 0.136085
0.470581 0.390259 -0.030762 -0.204527 -0.124634 0.111585
0.473755 0.358643 -0.059814 -0.282823 -0.111318 0.110786
0.469238 0.327881 -0.075195 -0.352863 -0.118242 0.104394
0.463501 0.319214 -0.103027 -0.425832 -0.153129 0.077230
0.440552 0.315918 -0.126831 -0.518242 -0.202929 0.030360
0.399780 0.310913 -0.137085 -0.618642 -0.270306 -0.018642
0.355591 0.295166 -0.137695 -0.716644 -0.372037 -0.055659
0.332642 0.261108 -0.126953 -0.801332 -0.518242 -0.057790
0.312988 0.229126 -0.109497 -0.864447 -0.692943 -0.007989
0.311768 0.215088 -0.115234 -0.910253 -0.868975 0.085220
0.327148 0.224243 -0.126465 -0.955526 -1.002397 0.223702
0.359131 0.238647 -0.139526 -1.007989 -1.070040 0.402663
0.407471 0.258301 -0.166260 -1.072969 -1.089481 0.592011
0.455322 0.322632 -0.211670 -1.169108 -1.033289 0.769641
0.516235 0.401123 -0.237061 -1.330759 -0.877763 0.943009
0.584961 0.453857 -0.238892 -1.585886 -0.637550 1.095073
0.636963 0.482666 -0.213379 -1.929694 -0.355526 1.142477
0.641479 0.548950 -0.148804 -2.330226 -0.074301 1.030892
0.621460 0.600220 -0.034424 -2.726764 0.126232 0.878029
0.619019 0.586792 0.095459 -3.024767 0.142477 0.792011
0.621948 0.607544 0.240234 -3.155526 -0.082557 0.775233
0.663574 0.639282 0.325439 -3.127297 -0.524101 0.843941
0.751099 0.698364 0.378906 -3.000000 -1.025300 0.943276
0.851196 0.739502 0.401855 -2.868176 -1.453262 1.030093
0.964722 0.779785 0.420410 -2.860186 -1.684421 1.022637
1.059204 0.795898 0.472778 -3.031957 -1.693209 0.879095
1.111816 0.781372 0.572266 -3.381092 -1.517710 0.581891
1.091675 0.739868 0.741943 -3.835952 -1.267377 0.186152
1.048584 0.657104 0.982910 -4.265512 -1.096405 -0.201864
0.960693 0.552734 1.253784 -4.476431 -1.090812 -0.492144
0.846924 0.490845 1.537354 -4.332623 -1.329960 -0.624501
0.722046 0.558594 1.663940 -3.780559 -1.804261 -0.606125
0.695923 0.582520 1.689941 -2.921438 -2.268975 -0.455393
0.753418 0.611572 1.649170 -2.039680 -2.548868 -0.266312
0.834961 0.643433 1.572876 -1.461518 -2.493742 -0.160852
0.893677 0.627930 1.515869 -1.278828 -2.053795 -0.142477
0.893311 0.604370 1.519775 -1.400266 -1.316644 -0.181891
0.815308 0.562378 1.608032 -1.634887 -0.429827 -0.223169
0.702637 0.483887 1.725342 -1.789880 0.385619 -0.215712
0.572754 0.434082 1.824707 -1.741145 0.967510 -0.153395
0.439941 0.412109 1.912842 -1.466578 1.301997 -0.051132
0.348877 0.360962 1.957642 -1.019707 1.374168 0.079095
0.292725 0.321045 1.954102 -0.483356 1.209055 0.180027
0.247925 0.318970 1.926392 0.006391 0.918509 0.225033
0.211548 0.314087 1.890991 0.407989 0.610919 0.233289
0.198364 0.289917 1.828979 0.769641 0.380826 0.241545
0.206299 0.265259 1.762207 1.100666 0.279095 0.284687
0.236816 0.230103 1.674438 1.408522 0.333422 0.385619
0.273560 0.187622 1.580566 1.677230 0.536884 0.544341
0.276367 0.208496 1.469971 1.897470 0.848735 0.736884
0.273926 0.217041 1.386475 2.056458 1.224234 0.957124
0.316650 0.193359 1.278198 2.163249 1.590679 1.202130
0.320313 0.183594 1.231689 2.201065 1.913182 1.403728
0.337036 0.169067 1.151245 2.253529 2.173103 1.574434
0.369873 0.149780 1.077026 2.345939 2.361119 1.758189
0.433228 0.159424 0.981323 2.490546 2.466844 1.990413
0.531860 0.176392 0.850830 2.696138 2.543808 2.283089
0.684692 0.210938 0.678223 2.885486 2.598136 2.587483
0.824097 0.237549 0.551270 2.978429 2.705992 2.845539
0.965820 0.269775 0.422974 2.979760 2.816245 3.003196
1.104736 0.330688 0.268311 2.865513 2.853529 3.036218
1.180176 0.382446 0.151245 2.626365 2.849268 2.899601
1.219238 0.380127 0.072388 2.314780 2.799467 2.653262
1.217041 0.374023 0.035767 1.977363 2.616778 2.332890
1.203613 0.400879 0.012329 1.670040 2.298003 1.990945
1.194092 0.423340 -0.008911 1.443143 1.916112 1.698003
1.208496 0.444580 -0.034424 1.325166 1.532091 1.536884
1.248047 0.460571 -0.067505 1.266578 1.197337 1.478296
1.303589 0.469727 -0.104492 1.169108 0.966711 1.433023
1.344482 0.472046 -0.132568 0.982690 0.869241 1.345406
1.355591 0.477783 -0.109741 0.725965 0.866578 1.230093
1.359741 0.476440 -0.038940 0.451931 0.876698 1.139281
1.374512 0.501343 0.052490 0.228229 0.805859 1.077497
1.408569 0.521484 0.158447 0.090280 0.636218 1.030360
1.459839 0.543579 0.245605 0.040213 0.398668 0.986418
1.541016 0.573853 0.306152 0.033555 0.138748 0.902530
1.618164 0.641968 0.356079 0.031425 -0.063648 0.724634
1.676025 0.702637 0.406372 -0.008788 -0.183222 0.450599
1.685059 0.780029 0.484619 -0.073502 -0.225300 0.117710
1.662720 0.844849 0.573364 -0.125166 -0.258322 -0.207989
1.636597 0.892334 0.678589 -0.137949 -0.347270 -0.495872
1.617432 0.918823 0.770508 -0.093209 -0.512916 -0.750200
1.612305 0.932739 0.830444 0.010652 -0.713715 -0.996005
1.618286 0.911987 0.875366 0.140879 -0.885220 -1.273502
1.590088 0.893799 0.923462 0.261252 -0.973901 -1.588016
1.541504 0.854614 0.952026 0.379494 -1.016245 -1.893742
1.477051 0.811279 0.970825 0.488149 -1.029561 -2.173369
1.407959 0.776855 0.962524 0.583222 -1.024501 -2.419973
1.327637 0.742920 0.956055 0.663116 -0.983222 -2.627430
1.244385 0.712646 0.945313 0.737683 -0.917443 -2.790679
1.146118 0.679932 0.938110 0.810386 -0.848469 -2.909454
1.046753 0.643433 0.910278 0.882557 -0.802131 -3.009587
0.935791 0.613647 0.897827 0.927297 -0.769641 -3.120373
0.823975 0.555908 0.888428 0.945672 -0.773901 -3.236485
0.715576 0.500854 0.871216 0.962716 -0.805326 -3.354194
0.595825 0.452026 0.845825 0.992277 -0.841811 -3.455393
0.471924 0.404541 0.813599 1.043409 -0.864714 -3.523302
0.355713 0.345459 0.781982 1.114514 -0.879095 -3.550732
0.244629 0.311523 0.714722 1.182690 -0.897736 -3.539547
0.128296 0.293335 0.663452 1.249001 -0.886551 -3.468975
0.039673 0.253418 0.601440 1.282290 -0.900932 -3.331292
-0.018677 0.212891 0.550415 1.289747 -0.928362 -3.140879
-0.066528 0.199341 0.493530 1.253529 -0.927297 -2.920905
-0.091675 0.171875 0.444214 1.151531 -0.863116 -2.665779
-0.120361 0.148682 0.412842 1.017044 -0.729960 -2.379760
-0.156982 0.154785 0.386108 0.883089 -0.547270 -2.071638
-0.191650 0.162842 0.369507 0.760320 -0.350999 -1.728629
-0.208374 0.167358 0.354370 0.670040 -0.170972 -1.361917
-0.218628 0.187500 0.325684 0.626365 -0.012517 -0.997869
-0.217407 0.224609 0.290894 0.611451 0.119840 -0.667377
-0.201782 0.260986 0.253296 0.592011 0.236751 -0.403995
-0.176514 0.288452 0.219360 0.561651 0.345140 -0.223435
-0.152832 0.324097 0.182617 0.525433 0.445539 -0.124900
-0.140503 0.369873 0.151978 0.469241 0.516911 -0.086285
-0.134399 0.422852 0.118896 0.382157 0.555260 -0.073502
-0.130127 0.473267 0.114136 0.254061 0.579228 -0.078029
-0.122192 0.509521 0.128296 0.103329 0.589614 -0.085486
-0.118286 0.537598 0.155884 -0.011451 0.561651 -0.079627
-0.109497 0.570801 0.190674 -0.049800 0.488149 -0.063116
-0.087891 0.609863 0.213013 -0.013316 0.363782 -0.033555
-0.057617 0.652710 0.211426 0.079893 0.207989 0.029827
-0.009644 0.688721 0.200317 0.190413 0.059387 0.125433
0.049683 0.734619 0.173584 0.255925 -0.037816 0.209587
0.111694 0.774780 0.157349 0.250599 -0.058322 0.244474
0.151489 0.806396 0.167969 0.181625 0.003196 0.207457
0.166382 0.830200 0.179688 0.078828 0.100932 0.111851
0.160767 0.856201 0.208008 -0.009854 0.191744 0.002130
0.147583 0.869995 0.237305 -0.061518 0.228762 -0.059387
0.140625 0.882568 0.254028 -0.074301 0.201332 -0.060453
0.145264 0.892456 0.252563 -0.062317 0.140346 -0.022636
0.164551 0.914185 0.254639 -0.055659 0.081758 0.026631
0.187744 0.921143 0.257446 -0.068176 0.041545 0.067909
0.201782 0.933105 0.263306 -0.099601 0.035952 0.083356
0.206543 0.938843 0.279175 -0.148868 0.060186 0.071105
0.205566 0.936523 0.302124 -0.205859 0.091877 0.043409
0.195557 0.934326 0.338745 -0.254860 0.115047 0.006924
