0.365967 0.921265 0.153320 0.014647 -0.054061 -0.056724
0.402588 0.866333 0.164063 -0.046605 -0.107590 0.005859
0.401245 0.852417 0.189941 0.011185 -0.143009 0.052197
0.396729 0.872314 0.188354 0.130759 -0.198402 0.066578
0.417358 0.862915 0.154785 0.235153 -0.260453 0.077763
0.430176 0.865112 0.126709 0.280692 -0.270839 0.074567
0.444214 0.864014 0.097900 0.274567 -0.227696 0.059121
0.439819 0.858643 0.083374 0.233822 -0.139281 0.036218
0.429443 0.843506 0.080566 0.181358 -0.034088 0.018375
0.419312 0.831665 0.081787 0.144873 0.046605 0.019973
0.406982 0.821533 0.064453 0.123036 0.093742 0.036218
0.394043 0.804932 0.050537 0.102796 0.108123 0.054860
0.388428 0.786011 0.032227 0.083089 0.095872 0.060453
0.387817 0.744629 0.016357 0.054860 0.061252 0.053795
0.388306 0.699097 0.002441 0.031425 0.010652 0.043941
0.385254 0.640015 -0.020386 0.017577 -0.041278 0.030892
0.378540 0.579346 -0.041260 0.005593 -0.083622 0.014913
0.361572 0.505127 -0.070068 -0.017577 -0.118775 0.004527
0.339478 0.449829 -0.121216 -0.058322 -0.147004 -0.002929
0.308594 0.391602 -0.144287 -0.145140 -0.157124 0.001065
0.264893 0.340088 -0.183594 -0.257523 -0.169374 0.017577
0.210815 0.298218 -0.187500 -0.388549 -0.178695 0.055126
0.158203 0.275879 -0.208374 -0.503329 -0.233555 0.129427
0.130371 0.235596 -0.211182 -0.594674 -0.325965 0.254860
0.121460 0.207520 -0.240356 -0.661784 -0.458855 0.422636
0.126953 0.200317 -0.261963 -0.719041 -0.602929 0.624767
0.168823 0.187134 -0.293335 -0.792810 -0.751531 0.841012
0.226929 0.181641 -0.315063 -0.908655 -0.871105 1.013316
0.284180 0.204956 -0.339111 -1.077230 -0.927297 1.091079
0.338623 0.227417 -0.322754 -1.302530 -0.901198 1.097470
0.384888 0.270386 -0.311768 -1.565113 -0.810386 1.080160
0.421387 0.332031 -0.278809 -1.828229 -0.650067 1.099867
0.469482 0.373291 -0.251343 -2.048469 -0.468975 1.211451
0.530884 0.383423 -0.230347 -2.201332 -0.303595 1.377364
0.600464 0.396973 -0.205078 -2.305992 -0.149667 1.521971
0.697632 0.418701 -0.180908 -2.447137 0.017310 1.609854
0.796875 0.444458 -0.148193 -2.696937 0.196538 1.607989
0.845337 0.509766 -0.066284 -3.068176 0.423169 1.480959
0.847412 0.565063 0.079346 -3.521438 0.603728 1.241545
0.852295 0.578491 0.220947 -3.948069 0.632490 0.934487
0.871704 0.573975 0.353027 -4.264980 0.521704 0.590146
0.885986 0.552612 0.487305 -4.474301 0.342210 0.273236
0.908325 0.520630 0.614868 -4.550999 0.122237 0.029561
0.942627 0.529541 0.709106 -4.515047 -0.128096 -0.150466
0.983643 0.547363 0.814453 -4.497470 -0.322503 -0.280692
1.000000 0.560303 0.914917 -4.565912 -0.423968 -0.399734
0.970581 0.580933 1.038574 -4.684953 -0.392543 -0.591744
0.881592 0.553833 1.216553 -4.764847 -0.255127 -0.836485
0.765381 0.485352 1.418091 -4.694274 -0.111052 -1.079095
0.649658 0.420654 1.580200 -4.412517 -0.050067 -1.259121
0.552734 0.351563 1.716064 -3.945673 -0.075100 -1.328629
0.477783 0.296631 1.773682 -3.400000 -0.174434 -1.288948
0.407104 0.298706 1.785034 -2.875899 -0.256991 -1.160053
0.353394 0.312622 1.783569 -2.455925 -0.247137 -0.958722
0.305054 0.306274 1.772705 -2.196804 -0.107324 -0.735819
0.223511 0.312866 1.798584 -2.070839 0.164048 -0.527830
0.120972 0.291870 1.867188 -1.949933 0.452996 -0.320107
0.031616 0.259399 1.925293 -1.701731 0.593342 -0.085752
-0.016724 0.254272 1.937866 -1.292943 0.535020 0.188815
-0.018555 0.282715 1.891235 -0.804261 0.341145 0.486818
0.042114 0.324585 1.800659 -0.344607 0.143808 0.768575
0.085327 0.368408 1.736938 0.002663 0.066844 0.986152
0.136597 0.387817 1.653320 0.234887 0.105726 1.114248
0.160889 0.372314 1.610718 0.402397 0.240479 1.172836
0.166504 0.336304 1.596924 0.556591 0.385087 1.183489
0.163574 0.286987 1.575684 0.715846 0.477763 1.186152
0.157715 0.248535 1.557739 0.888682 0.524634 1.199734
0.165649 0.213013 1.525269 1.063382 0.549401 1.249800
0.188843 0.204956 1.469971 1.243941 0.585087 1.365646
0.216187 0.214355 1.400146 1.434620 0.687350 1.544075
0.268066 0.204102 1.311401 1.611718 0.855127 1.754194
0.317993 0.190063 1.217896 1.743009 1.079893 1.949933
0.370605 0.173706 1.143433 1.814115 1.340613 2.100133
0.413574 0.149536 1.068115 1.848735 1.603196 2.193609
0.470459 0.167114 0.990234 1.857257 1.838349 2.245806
0.541016 0.210938 0.905029 1.864447 2.051398 2.346738
0.625244 0.241943 0.814575 1.858589 2.234887 2.478029
0.722046 0.257935 0.732544 1.792543 2.389614 2.580559
0.786377 0.276001 0.668579 1.685486 2.510519 2.607190
0.840088 0.308838 0.595703 1.546738 2.580559 2.521704
0.869507 0.313965 0.560669 1.374700 2.596005 2.360852
0.879028 0.322266 0.546631 1.207457 2.518509 2.165912
0.906372 0.335205 0.555176 1.077497 2.313449 2.018109
0.960449 0.352295 0.544800 1.022903 1.965912 1.969374
1.031616 0.370239 0.515625 1.034887 1.578429 1.936618
1.098877 0.376587 0.476807 1.042876 1.252463 1.835952
1.137451 0.387817 0.447632 1.002397 1.036218 1.639414
1.141357 0.389282 0.427734 0.883355 0.940080 1.378429
1.100708 0.389038 0.434692 0.687883 0.933955 1.105193
1.026245 0.381348 0.459595 0.463648 0.966977 0.867909
0.928833 0.377686 0.499390 0.259387 0.985087 0.697470
0.840088 0.375488 0.559326 0.116911 0.932091 0.619973
0.773804 0.394775 0.616211 0.066578 0.791212 0.631158
0.763184 0.412476 0.649780 0.110253 0.569907 0.714514
0.797852 0.436279 0.661499 0.201864 0.339547 0.819174
0.874023 0.447144 0.658569 0.255659 0.181358 0.887883
0.967163 0.455811 0.683228 0.213049 0.142743 0.867110
1.034790 0.495239 0.718506 0.066578 0.200000 0.738216
1.067871 0.554688 0.794678 -0.133688 0.348336 0.520905
1.071045 0.581787 0.898560 -0.306258 0.534487 0.300399
1.059082 0.624268 1.000854 -0.390945 0.674301 0.112916
1.043213 0.661865 1.104980 -0.336352 0.705726 -0.019441
1.060547 0.690552 1.185303 -0.139547 0.588016 -0.101465
1.103760 0.723999 1.237671 0.125965 0.374168 -0.189081
1.144531 0.749390 1.274170 0.380559 0.133422 -0.328096
1.173096 0.789917 1.309814 0.601065 -0.092943 -0.532889
1.185547 0.813721 1.319824 0.784021 -0.284953 -0.794407
1.163818 0.829468 1.362305 0.941411 -0.417310 -1.091877
1.129883 0.811401 1.365234 1.107324 -0.507856 -1.394674
1.083618 0.777466 1.360718 1.278296 -0.548336 -1.683622
1.018555 0.730347 1.337036 1.434088 -0.540080 -1.958189
0.934326 0.654175 1.322144 1.544341 -0.485220 -2.209587
0.826538 0.578979 1.323730 1.627164 -0.422636 -2.438615
0.724121 0.506470 1.329834 1.730226 -0.391212 -2.625566
0.615112 0.465942 1.297119 1.871904 -0.400533 -2.752863
0.519775 0.402954 1.244141 2.029294 -0.409055 -2.816778
0.443970 0.347534 1.187256 2.186951 -0.402663 -2.840746
0.377686 0.282471 1.108276 2.325166 -0.372037 -2.851398
0.289551 0.257324 1.015869 2.421838 -0.316378 -2.857257
0.210205 0.266235 0.901733 2.458056 -0.242344 -2.815180
0.151001 0.261475 0.801392 2.456991 -0.152597 -2.708921
0.083008 0.280762 0.685913 2.418375 -0.073502 -2.571238
0.024780 0.295410 0.592041 2.358722 -0.004794 -2.417577
-0.030029 0.289551 0.501709 2.278828 0.038881 -2.265513
-0.080933 0.286499 0.421997 2.188016 0.031158 -2.127563
-0.135254 0.289673 0.359741 2.070306 -0.033555 -1.991744
-0.170532 0.288940 0.289795 1.931025 -0.152863 -1.845806
-0.202881 0.279907 0.234009 1.790945 -0.285486 -1.696139
-0.227051 0.300293 0.173218 1.660186 -0.414381 -1.552863
-0.235107 0.314575 0.121826 1.513182 -0.506791 -1.432224
-0.242798 0.326660 0.084717 1.331025 -0.529161 -1.353928
-0.253052 0.334839 0.071289 1.125699 -0.483089 -1.288948
-0.264404 0.346436 0.068970 0.921172 -0.400799 -1.200533
-0.273926 0.358887 0.083008 0.736085 -0.301997 -1.079893
-0.272217 0.369507 0.117554 0.586951 -0.201332 -0.931824
-0.258667 0.390259 0.153931 0.492410 -0.102796 -0.766977
-0.238525 0.410645 0.182007 0.444474 -0.000799 -0.602929
-0.226929 0.443115 0.201660 0.417044 0.091611 -0.455126
-0.228638 0.476929 0.206787 0.381358 0.166977 -0.327297
-0.198242 0.501587 0.227783 0.326232 0.212783 -0.219707
-0.170166 0.526489 0.234131 0.251132 0.206125 -0.158988
-0.164795 0.554810 0.245117 0.155792 0.174168 -0.135286
-0.153320 0.584229 0.263428 0.061518 0.119041 -0.100133
-0.129883 0.613647 0.286377 -0.005326 0.054328 -0.038083
-0.096924 0.650513 0.310913 -0.036485 -0.002130 0.039148
-0.065552 0.687256 0.319214 -0.037550 -0.037550 0.113182
-0.035645 0.719360 0.327881 -0.025033 -0.040479 0.177630
-0.016235 0.749878 0.333008 -0.024767 -0.009854 0.209321
-0.015869 0.781128 0.338867 -0.043675 0.033822 0.205859
-0.006958 0.794800 0.344482 -0.075100 0.067377 0.186684
