0.492432 0.647583 -0.163574 -0.151265 -1.280160 -0.029294
0.533325 0.534424 -0.187866 -0.269774 -1.319840 0.077497
0.498169 0.471069 -0.140137 -0.354194 -1.224767 0.201332
0.475098 0.431396 -0.131714 -0.427963 -1.125965 0.311052
0.434204 0.384888 -0.134155 -0.518509 -1.006125 0.397603
0.369751 0.344849 -0.131958 -0.616778 -0.858589 0.453262
0.310791 0.299805 -0.114990 -0.715579 -0.715047 0.496937
0.251831 0.261230 -0.114380 -0.776831 -0.644208 0.541411
0.215454 0.220459 -0.117920 -0.813316 -0.651931 0.595739
0.178589 0.185547 -0.142212 -0.847670 -0.739547 0.656192
0.141846 0.157349 -0.168823 -0.894807 -0.889747 0.725699
0.112915 0.143677 -0.201660 -0.978429 -1.077230 0.810120
0.083130 0.142700 -0.220337 -1.112650 -1.259654 0.898802
0.064575 0.138550 -0.236938 -1.264447 -1.421305 1.001864
0.070801 0.128906 -0.239990 -1.416245 -1.521438 1.140612
0.100952 0.101318 -0.250244 -1.577896 -1.531824 1.308655
0.147583 0.088501 -0.259888 -1.761119 -1.419707 1.478828
0.202393 0.070313 -0.252197 -1.985353 -1.184021 1.637816
0.257690 0.057495 -0.247803 -2.250599 -0.857257 1.785619
0.289551 0.069458 -0.228271 -2.553129 -0.465246 1.910253
0.290649 0.115601 -0.162842 -2.899068 -0.071904 2.013316
0.297852 0.170898 -0.091431 -3.266045 0.246338 2.120106
0.324829 0.223755 0.016602 -3.582157 0.460453 2.242343
0.370972 0.279785 0.115356 -3.797337 0.507590 2.335020
0.437622 0.321289 0.234741 -3.912916 0.396272 2.402663
0.534180 0.338379 0.346802 -3.937949 0.145672 2.472170
0.695923 0.332397 0.497314 -3.912650 -0.196538 2.577630
0.904907 0.332642 0.652832 -3.904927 -0.564048 2.728096
1.139771 0.340210 0.791016 -3.918509 -0.809321 2.852996
1.375854 0.376343 0.917480 -3.940346 -0.808256 2.829294
1.545166 0.369751 1.086548 -3.959521 -0.490013 2.646072
1.661987 0.372559 1.285034 -3.972037 -0.023435 2.342743
1.711914 0.344116 1.501831 -3.914514 0.439947 1.961651
1.691895 0.322021 1.727051 -3.734754 0.742743 1.560586
1.601074 0.324341 1.936646 -3.417577 0.805326 1.202663
1.502319 0.347046 2.070068 -2.970706 0.583755 0.949667
1.426636 0.397461 2.120361 -2.424234 0.206125 0.816778
1.373047 0.475342 2.122681 -1.843409 -0.113715 0.778961
1.364502 0.515747 2.077881 -1.287350 -0.264980 0.799201
1.384766 0.527588 2.019287 -0.803196 -0.196804 0.804261
1.379272 0.529541 1.955811 -0.437284 0.078562 0.751265
1.334839 0.496826 1.907593 -0.176831 0.492943 0.667643
1.267090 0.478394 1.862793 0.040213 0.924634 0.591212
1.181885 0.492920 1.819336 0.281225 1.272703 0.560586
1.118408 0.481567 1.759399 0.575766 1.504394 0.576298
1.061157 0.475586 1.688843 0.914514 1.620506 0.583222
1.019409 0.486084 1.598877 1.260985 1.641545 0.559787
0.980957 0.461670 1.541138 1.599467 1.585886 0.523569
0.946167 0.440063 1.419800 1.906791 1.456991 0.462317
0.910645 0.429443 1.299927 2.179760 1.351798 0.392810
0.900513 0.414429 1.160278 2.403462 1.319840 0.333422
0.884766 0.393555 1.037109 2.530759 1.392277 0.292676
0.861938 0.392700 0.925659 2.605060 1.558722 0.282823
0.858398 0.395752 0.845215 2.648469 1.769374 0.333156
0.856323 0.413452 0.766235 2.673502 1.977630 0.414381
0.829346 0.413940 0.692017 2.717443 2.140346 0.482024
0.798584 0.386475 0.621704 2.770173 2.219973 0.522237
0.767822 0.347778 0.568726 2.806125 2.216511 0.554461
0.746338 0.300659 0.516724 2.814647 2.115845 0.602929
0.726074 0.255493 0.470337 2.795206 1.951265 0.667643
0.714355 0.214966 0.425171 2.755526 1.742743 0.739814
0.703125 0.180786 0.371216 2.720639 1.521971 0.816245
0.692505 0.160278 0.336548 2.686285 1.321438 0.879361
0.702148 0.127686 0.305542 2.619973 1.152863 0.913715
0.704346 0.104736 0.278809 2.496139 1.048202 0.921971
0.698486 0.095581 0.250488 2.348336 1.011718 0.939281
0.711060 0.095459 0.217041 2.199201 1.024234 0.975766
0.741943 0.124268 0.174927 2.073236 1.068708 1.080426
0.794922 0.151978 0.125000 1.969640 1.113981 1.262051
0.840820 0.192017 0.082764 1.849268 1.141944 1.406924
0.886963 0.223999 0.058472 1.698003 1.145406 1.475100
0.938354 0.258057 0.050293 1.529427 1.099867 1.461252
1.010010 0.312622 0.063354 1.349667 1.022370 1.340346
1.089478 0.379272 0.080933 1.160053 0.960852 1.151265
1.166260 0.434937 0.093994 0.970439 0.925433 0.950732
1.222656 0.514038 0.119507 0.785886 0.910786 0.777896
1.273926 0.552856 0.147705 0.599201 0.918242 0.682557
1.345093 0.581787 0.204956 0.420506 0.920639 0.617843
1.409424 0.603271 0.289307 0.272170 0.883089 0.546738
1.464600 0.612427 0.393555 0.200533 0.762450 0.439680
1.535645 0.615967 0.466431 0.213582 0.544873 0.285220
1.595215 0.632324 0.517334 0.264714 0.272170 0.075366
1.633057 0.652710 0.546875 0.352863 -0.011718 -0.170173
1.664307 0.682617 0.555054 0.451398 -0.280692 -0.434088
1.686768 0.708252 0.536377 0.524900 -0.486019 -0.696937
1.680176 0.728149 0.529297 0.556325 -0.623968 -0.938482
1.653687 0.748657 0.520752 0.566178 -0.737150 -1.164581
1.619995 0.775513 0.513550 0.538216 -0.860985 -1.396272
1.573730 0.788940 0.517944 0.475100 -0.956059 -1.636751
1.518799 0.802002 0.544067 0.413316 -1.048202 -1.856192
1.465576 0.806396 0.574341 0.377630 -1.141411 -2.038882
1.422729 0.780029 0.592163 0.360053 -1.225832 -2.206924
1.362427 0.754639 0.616943 0.335286 -1.269507 -2.406924
1.276855 0.715454 0.661011 0.284953 -1.279894 -2.639414
1.167114 0.664429 0.715210 0.215712 -1.306258 -2.888682
1.036011 0.620972 0.774902 0.171238 -1.370972 -3.113182
0.916626 0.580444 0.818726 0.202130 -1.473502 -3.262583
0.809570 0.544067 0.821167 0.298269 -1.562983 -3.344341
0.724731 0.526855 0.795166 0.404794 -1.585087 -3.388815
0.615967 0.499146 0.760376 0.504927 -1.516644 -3.407723
0.512939 0.458862 0.726196 0.559787 -1.393609 -3.385619
0.400024 0.434814 0.686157 0.576565 -1.243142 -3.329694
0.293213 0.408936 0.645264 0.574434 -1.094274 -3.240479
0.192993 0.366821 0.618042 0.563249 -0.967510 -3.123569
0.103516 0.314087 0.595703 0.552863 -0.897736 -3.003728
0.024292 0.268799 0.571045 0.553395 -0.892943 -2.894541
-0.040161 0.240356 0.548218 0.563515 -0.924367 -2.777896
-0.090454 0.221802 0.514404 0.576298 -0.966178 -2.629560
-0.106201 0.214233 0.469849 0.575233 -0.969374 -2.446604
-0.117798 0.213013 0.430420 0.528895 -0.872437 -2.232756
-0.130737 0.226563 0.408447 0.435686 -0.673236 -1.998935
-0.152466 0.236938 0.395142 0.323569 -0.419174 -1.757923
-0.173096 0.247314 0.387451 0.231957 -0.158455 -1.522237
-0.182983 0.259521 0.373779 0.192011 0.064980 -1.292676
-0.181030 0.278320 0.360596 0.201864 0.220772 -1.063915
-0.169922 0.292480 0.326538 0.255127 0.288149 -0.849001
-0.166260 0.337158 0.299927 0.324368 0.276431 -0.671638
-0.153809 0.391968 0.269653 0.385353 0.184820 -0.527297
-0.125366 0.435425 0.235352 0.429561 0.051132 -0.421039
-0.094849 0.486084 0.205444 0.443941 -0.091611 -0.365912
-0.060791 0.543457 0.187500 0.430360 -0.205593 -0.349134
-0.023926 0.573608 0.175415 0.397603 -0.267111 -0.344873
-0.005249 0.597900 0.166992 0.354993 -0.277763 -0.348868
-0.000122 0.647095 0.164429 0.313715 -0.246072 -0.338748
0.007446 0.684692 0.160889 0.282290 -0.197071 -0.274301
0.022827 0.712646 0.155884 0.250333 -0.139814 -0.168309
0.039795 0.737305 0.151855 0.205593 -0.082024 -0.060453
0.059326 0.767212 0.145874 0.150200 -0.018908 0.030892
0.083740 0.794189 0.150513 0.090280 0.043675 0.100133
0.108276 0.806885 0.160522 0.039148 0.104927 0.134754
0.111450 0.830444 0.170532 -0.001864 0.157923 0.133422
0.122681 0.856689 0.186401 -0.035952 0.188549 0.127563
0.151489 0.855225 0.204712 -0.074834 0.186418 0.125433
0.158203 0.870850 0.221069 -0.107057 0.175233 0.110253
0.160889 0.892944 0.237915 -0.120373 0.156325 0.104128
0.176270 0.919556 0.246948 -0.118242 0.135020 0.128362
0.205566 0.922119 0.254028 -0.125699 0.121971 0.164581
0.224731 0.931641 0.261719 -0.141678 0.130226 0.178695
0.229736 0.938721 0.276489 -0.158455 0.158455 0.162184
0.221558 0.963989 0.291992 -0.170972 0.188016 0.138482
0.226929 0.963623 0.307861 -0.174700 0.204261 0.127031
0.237793 0.954712 0.311279 -0.165113 0.199467 0.112916
0.239868 0.951660 0.314941 -0.152597 0.187217 0.091079
0.243652 0.940918 0.318237 -0.149667 0.170706 0.068442
0.257935 0.934814 0.322388 -0.153662 0.148868 0.043409
0.268555 0.928955 0.328857 -0.166445 0.119308 0.009055
0.269165 0.924194 0.340942 -0.186951 0.088149 -0.033289
0.248169 0.923218 0.348755 -0.189880 0.060186 -0.076431
0.227783 0.925171 0.349121 -0.164847 0.033822 -0.103329
0.202515 0.928345 0.375610 -0.116644 0.013848 -0.091345
