0.355591 0.553223 0.779785 -0.005593 -0.016511 -0.227696
0.377808 0.499634 0.784912 -0.066045 0.013316 -0.193875
0.356567 0.519287 0.788818 -0.034354 0.053262 -0.184021
0.351929 0.516235 0.775146 0.045007 0.061252 -0.170439
0.338257 0.513306 0.737671 0.143808 0.075632 -0.170972
0.329102 0.501099 0.705933 0.224234 0.092676 -0.169108
0.330933 0.492310 0.660522 0.262583 0.099601 -0.160053
0.325317 0.485596 0.614014 0.260985 0.111851 -0.148336
0.311035 0.483154 0.583374 0.244740 0.128362 -0.132623
0.312134 0.448120 0.556763 0.240213 0.128628 -0.103329
0.318970 0.418335 0.528687 0.256192 0.074035 -0.087617
0.342896 0.377319 0.497314 0.282290 -0.042077 -0.091611
0.362549 0.342773 0.449341 0.316644 -0.210386 -0.120107
0.376831 0.327637 0.384033 0.359787 -0.395473 -0.171505
0.381226 0.333008 0.306274 0.403995 -0.555260 -0.230360
0.382202 0.347534 0.228394 0.424234 -0.638083 -0.284421
0.404663 0.358521 0.136719 0.398935 -0.611718 -0.317976
0.421143 0.348877 0.078003 0.305459 -0.447670 -0.306258
0.428955 0.331299 0.022827 0.161119 -0.220772 -0.260186
0.431030 0.308105 -0.002441 -0.020506 -0.000799 -0.203462
0.421997 0.285400 -0.017578 -0.206125 0.158722 -0.161385
0.394775 0.280518 -0.029907 -0.370972 0.226099 -0.147004
0.376587 0.262939 -0.025757 -0.497470 0.181358 -0.154993
0.373047 0.232910 -0.025757 -0.583489 0.025832 -0.170173
0.364258 0.214966 -0.044556 -0.646871 -0.185619 -0.195473
0.341187 0.206421 -0.062622 -0.721704 -0.396005 -0.246072
0.324219 0.190796 -0.089966 -0.840479 -0.572570 -0.315047
0.305298 0.226074 -0.125000 -1.038083 -0.662583 -0.380559
0.245483 0.344238 -0.123901 -1.337949 -0.633289 -0.368309
0.214600 0.401611 -0.074341 -1.691079 -0.578961 -0.217310
0.246460 0.354126 -0.000977 -2.002929 -0.578429 0.018375
0.299194 0.312744 0.108154 -2.229827 -0.660719 0.237017
0.386230 0.252808 0.246460 -2.382157 -0.848202 0.400533
0.482056 0.206909 0.356445 -2.483089 -1.135553 0.444208
0.537109 0.269897 0.442627 -2.602929 -1.389614 0.366977
0.599121 0.349731 0.571777 -2.815979 -1.469507 0.236485
0.589722 0.420044 0.748779 -3.087883 -1.398402 0.025832
0.551147 0.435669 0.999634 -3.284687 -1.287616 -0.238083
0.499390 0.421387 1.253906 -3.305992 -1.287616 -0.459654
0.504150 0.385254 1.515015 -3.159521 -1.439414 -0.549134
0.579956 0.337402 1.717773 -2.896671 -1.749135 -0.470839
0.701172 0.279175 1.823975 -2.573102 -2.026631 -0.345672
0.799316 0.250488 1.889771 -2.318242 -2.016778 -0.331292
0.842163 0.242188 1.936157 -2.190146 -1.622903 -0.465779
0.779907 0.220459 1.986206 -2.204261 -0.860453 -0.728362
0.605469 0.183350 2.049927 -2.289214 0.066578 -1.025832
0.356323 0.152588 2.120728 -2.294807 0.892676 -1.228762
0.091797 0.094604 2.184814 -2.135553 1.413049 -1.266844
-0.137085 0.046997 2.210205 -1.756591 1.516911 -1.123036
-0.277222 0.022217 2.153687 -1.200000 1.239148 -0.848735
-0.329468 0.009155 2.018921 -0.612517 0.774967 -0.516644
-0.332520 0.022339 1.870605 -0.132623 0.359254 -0.223968
-0.340332 0.033936 1.720337 0.157923 0.128628 -0.023968
-0.364990 0.019897 1.621704 0.269774 0.091877 0.104128
-0.417847 -0.017334 1.583252 0.267909 0.176565 0.200000
-0.474121 -0.076538 1.566040 0.254594 0.264447 0.324634
-0.509277 -0.131226 1.547852 0.313182 0.299068 0.520639
-0.518921 -0.173584 1.506714 0.465779 0.281758 0.790413
-0.488037 -0.201904 1.434326 0.672703 0.247137 1.114780
-0.448975 -0.235352 1.367188 0.878828 0.266844 1.459388
-0.391479 -0.246338 1.267700 1.029294 0.321438 1.767244
-0.348999 -0.206665 1.220459 1.064181 0.430093 2.049800
-0.258545 -0.165405 1.197021 1.010386 0.559787 2.368309
-0.129272 -0.110474 1.206665 0.958988 0.731292 2.703329
0.021484 -0.092163 1.198853 0.960852 0.916911 3.029028
0.191406 -0.076172 1.178345 1.037816 1.089214 3.261518
0.356445 -0.064087 1.154663 1.156325 1.230892 3.356059
0.510010 -0.054077 1.080322 1.278562 1.302264 3.301198
0.618774 -0.007568 1.031494 1.346738 1.309188 3.138216
0.704956 0.094727 0.983154 1.368575 1.223702 2.952596
0.789551 0.188599 0.930664 1.376831 1.081758 2.869507
0.910400 0.242065 0.855347 1.394141 0.927031 2.858855
1.027832 0.295532 0.767578 1.407190 0.842077 2.780826
1.133911 0.311035 0.683472 1.352597 0.867909 2.614381
1.193970 0.328613 0.646118 1.217843 0.938748 2.373901
1.241211 0.347046 0.609619 1.026365 0.969108 2.118775
1.265869 0.385742 0.607300 0.836218 0.972836 1.923302
1.325073 0.415894 0.594238 0.668442 0.909188 1.810386
1.375977 0.450439 0.554688 0.531025 0.849268 1.690280
1.410400 0.471558 0.528320 0.386418 0.856991 1.513182
1.403809 0.471558 0.504272 0.220772 0.945672 1.269774
1.345337 0.466797 0.521729 0.008256 1.065246 0.998402
1.243652 0.479614 0.574951 -0.214115 1.106525 0.772304
1.172119 0.453369 0.689453 -0.401065 0.994674 0.630892
1.131226 0.390259 0.842773 -0.479627 0.693475 0.526232
1.111816 0.369629 1.005737 -0.396272 0.205326 0.421039
1.130859 0.376587 1.135010 -0.189348 -0.370972 0.346738
1.197266 0.400024 1.225220 0.074567 -0.878562 0.265246
1.275757 0.444336 1.258423 0.284154 -1.152064 0.093209
1.309204 0.494995 1.288330 0.352597 -1.065513 -0.182690
1.280151 0.540894 1.349487 0.296671 -0.666045 -0.482290
1.206665 0.555298 1.428955 0.199467 -0.147803 -0.727297
1.125366 0.543823 1.544800 0.128096 0.299867 -0.863382
1.060913 0.506592 1.634521 0.147270 0.569108 -0.942743
1.006714 0.463989 1.703247 0.301997 0.656724 -1.047670
0.940186 0.421143 1.744751 0.585353 0.583489 -1.200533
0.875366 0.375000 1.734009 0.947537 0.382423 -1.397869
0.818359 0.331543 1.690552 1.349667 0.110253 -1.610652
0.779419 0.284180 1.586914 1.739547 -0.176298 -1.799467
0.736328 0.246582 1.482056 2.064980 -0.380293 -1.980293
0.676514 0.214355 1.351929 2.301731 -0.479627 -2.152596
0.619507 0.182251 1.198853 2.447670 -0.486818 -2.301198
0.557129 0.150879 1.047363 2.497204 -0.408788 -2.417044
0.482544 0.115479 0.905640 2.463915 -0.250333 -2.492943
0.396606 0.073853 0.773926 2.362716 -0.070573 -2.524900
0.299194 0.038208 0.669556 2.207723 0.087084 -2.517710
0.184448 0.009033 0.570068 2.035419 0.173901 -2.479893
0.068359 -0.003052 0.488281 1.857257 0.188815 -2.413582
-0.042847 -0.000732 0.442871 1.690013 0.120373 -2.307323
-0.131714 0.011963 0.369507 1.538216 -0.034354 -2.180825
-0.211792 0.043335 0.349609 1.417843 -0.176032 -2.031158
-0.251465 0.076172 0.319702 1.320373 -0.325433 -1.846605
-0.265503 0.126465 0.299805 1.238615 -0.423968 -1.614381
-0.259521 0.144897 0.279175 1.145672 -0.425566 -1.331558
-0.242554 0.137695 0.272217 1.043941 -0.336085 -1.066578
-0.233032 0.157593 0.257568 0.933688 -0.196538 -0.845806
-0.226929 0.192017 0.261597 0.803995 -0.022104 -0.663915
-0.226318 0.231445 0.265869 0.676698 0.157656 -0.531558
-0.217651 0.265991 0.302002 0.557656 0.308655 -0.455659
-0.212280 0.294434 0.339722 0.485220 0.391478 -0.422636
-0.217651 0.334229 0.372192 0.475100 0.378695 -0.400266
-0.220581 0.371948 0.397949 0.516112 0.266844 -0.356325
-0.201050 0.411499 0.416992 0.589348 0.072437 -0.270306
-0.163330 0.450195 0.401489 0.671904 -0.166178 -0.150466
-0.123901 0.500366 0.387695 0.711052 -0.351531 -0.038881
-0.081055 0.534302 0.375244 0.693209 -0.435153 0.048735
-0.045288 0.566162 0.369263 0.645539 -0.416245 0.097204
-0.046509 0.607666 0.356567 0.576565 -0.319041 0.112383
-0.044800 0.649048 0.358765 0.461252 -0.189348 0.117177
-0.034546 0.671631 0.373047 0.334754 -0.083622 0.142743
-0.014160 0.679932 0.398438 0.209854 -0.015446 0.187750
0.016113 0.692749 0.417480 0.102530 0.022104 0.224501
0.057251 0.700317 0.443848 0.009854 0.051398 0.241278
0.086304 0.701660 0.469116 -0.079361 0.084421 0.220506
0.114746 0.698486 0.503418 -0.159787 0.105459 0.156325
0.139160 0.694092 0.541870 -0.223435 0.103329 0.090812
0.144165 0.692749 0.571533 -0.259387 0.078296 0.038615
0.153809 0.688354 0.599121 -0.272703 0.046871 0.013316
0.170654 0.679810 0.616455 -0.268975 0.009587 0.009854
0.195557 0.664917 0.631958 -0.255659 -0.025566 0.020240
0.218628 0.657349 0.647095 -0.235952 -0.020240 0.026631
0.231689 0.644165 0.640747 -0.212250 0.021571 0.019174
0.230835 0.628662 0.635132 -0.198402 0.084687 -0.002130
0.211182 0.628906 0.637085 -0.202130 0.154993 -0.026631
0.183716 0.630737 0.635620 -0.216778 0.208788 -0.038881
0.163574 0.634277 0.635376 -0.219174 0.230093 -0.035419
0.150513 0.646851 0.639404 -0.203728 0.211718 -0.017577
0.146118 0.649902 0.641846 -0.172836 0.160053 0.022104
0.153320 0.658203 0.627808 -0.130759 0.094274 0.077497
0.172241 0.668579 0.613159 -0.101198 0.049534 0.127830
