0.409668 0.914917 -0.135986 0.228495 -0.367776 -0.020506
0.386108 0.905762 -0.107178 0.110253 -0.266844 -0.037816
0.362671 0.910034 -0.093994 0.058589 -0.157390 -0.034088
0.348755 0.893311 -0.067505 0.049268 -0.082557 0.020772
0.344360 0.883423 -0.085693 0.066578 -0.071105 0.097204
0.343994 0.869507 -0.070679 0.073768 -0.067909 0.172037
0.361328 0.841064 -0.072998 0.072703 -0.102264 0.223702
0.373413 0.830200 -0.078735 0.076431 -0.149667 0.225033
0.377563 0.805542 -0.088745 0.070306 -0.175766 0.192011
0.378296 0.770752 -0.105225 0.052197 -0.181358 0.148868
0.375244 0.729248 -0.110596 0.022370 -0.173901 0.110253
0.377808 0.670288 -0.112061 -0.015180 -0.169108 0.082557
0.380737 0.599243 -0.127441 -0.047137 -0.168043 0.064980
0.379150 0.526245 -0.143433 -0.075366 -0.146471 0.056991
0.371582 0.453247 -0.160400 -0.116378 -0.127563 0.060453
0.344360 0.400757 -0.201294 -0.190945 -0.110253 0.074301
0.310547 0.346436 -0.206299 -0.311052 -0.078296 0.110253
0.280151 0.299438 -0.235962 -0.434088 -0.055925 0.163515
0.233521 0.262573 -0.243286 -0.561651 -0.032224 0.229028
0.199829 0.214844 -0.254639 -0.690812 -0.061518 0.308389
0.171997 0.195068 -0.277344 -0.818376 -0.142743 0.395473
0.141479 0.192749 -0.298706 -0.943009 -0.242344 0.490013
0.138428 0.198608 -0.329468 -1.054594 -0.346738 0.601864
0.150757 0.199707 -0.352661 -1.134487 -0.432490 0.734754
0.191650 0.175293 -0.365112 -1.193076 -0.502264 0.874035
0.228027 0.158447 -0.383301 -1.254061 -0.561917 1.016778
0.273682 0.145508 -0.393555 -1.350200 -0.596538 1.160320
0.314209 0.129517 -0.397095 -1.502796 -0.608788 1.289214
0.343506 0.113403 -0.367554 -1.723036 -0.586152 1.384288
0.349365 0.101685 -0.318970 -2.014381 -0.549401 1.449800
0.331421 0.139893 -0.281128 -2.341678 -0.514248 1.498269
0.302246 0.226807 -0.252563 -2.670040 -0.462051 1.567244
0.273193 0.318604 -0.191528 -2.907856 -0.411185 1.723835
0.294922 0.373535 -0.143677 -3.002131 -0.436751 1.975766
0.351196 0.397095 -0.081665 -2.996272 -0.550466 2.248202
0.447388 0.424072 -0.049805 -2.966178 -0.748602 2.464980
0.578613 0.445435 0.002319 -2.980826 -0.948069 2.570706
0.686646 0.518921 0.051514 -3.126764 -1.066578 2.552597
0.799927 0.633545 0.159790 -3.468708 -1.043409 2.483356
0.909424 0.710327 0.362305 -3.972037 -0.907057 2.465246
1.031372 0.725342 0.597046 -4.495339 -0.769374 2.507324
1.138794 0.757446 0.849976 -4.842077 -0.634887 2.524101
1.229248 0.763428 1.158813 -4.907856 -0.482024 2.494541
1.355225 0.745483 1.339111 -4.684953 -0.413582 2.413582
1.452271 0.747070 1.489258 -4.189880 -0.264980 2.262051
1.514404 0.803589 1.590210 -3.529694 -0.116112 2.033555
1.553223 0.829224 1.604492 -2.866312 -0.024234 1.765912
1.519165 0.885742 1.556763 -2.284953 -0.002929 1.437816
1.447876 0.964478 1.512451 -1.852730 -0.066844 1.086551
1.398560 0.969971 1.472656 -1.585353 -0.230360 0.783489
1.344238 0.991455 1.449341 -1.427430 -0.407723 0.537949
1.307739 0.992798 1.441406 -1.337949 -0.495340 0.351798
1.274536 0.957275 1.433716 -1.269241 -0.442344 0.193609
1.212769 0.906860 1.463867 -1.188282 -0.245806 0.043675
1.127075 0.848267 1.490112 -1.038349 0.026365 -0.074567
1.027588 0.777222 1.498779 -0.795473 0.295340 -0.156059
0.930664 0.716797 1.484375 -0.490812 0.499334 -0.202929
0.845703 0.672852 1.438477 -0.185353 0.655393 -0.214381
0.781372 0.638306 1.388550 0.058855 0.820506 -0.209587
0.718750 0.579712 1.366699 0.217577 1.028229 -0.201332
0.659546 0.536865 1.346069 0.300932 1.243675 -0.179494
0.579224 0.499512 1.347046 0.358189 1.490013 -0.153395
0.497803 0.421875 1.358398 0.440746 1.735020 -0.119308
0.355591 0.367798 1.406494 0.592277 1.904927 -0.081225
0.230225 0.274780 1.449341 0.826631 1.900932 -0.024767
0.142578 0.187500 1.465088 1.149667 1.748868 0.077763
0.102661 0.122070 1.415405 1.547803 1.560852 0.265246
0.127686 0.079102 1.336914 1.949134 1.467643 0.573103
0.211548 0.025635 1.216431 2.311851 1.543009 0.973901
0.338745 -0.003418 1.063965 2.604527 1.801332 1.395739
0.465088 -0.006714 0.913208 2.818908 2.209055 1.765912
0.593018 0.029663 0.708130 2.923036 2.651398 2.068176
0.701660 0.076538 0.589355 2.880692 3.064181 2.320639
0.803711 0.149048 0.437012 2.755792 3.355260 2.445273
0.849365 0.228271 0.329468 2.529428 3.443142 2.390413
0.854248 0.270386 0.263550 2.265246 3.312117 2.222903
0.884888 0.298706 0.233643 2.021305 2.961118 1.990147
0.887207 0.355469 0.208862 1.872437 2.439414 1.729960
0.919678 0.390259 0.153931 1.830093 1.836751 1.506791
0.984985 0.372559 0.072632 1.852996 1.307057 1.372304
1.050293 0.423828 -0.008179 1.867643 0.949667 1.299068
1.125366 0.430420 -0.075073 1.792011 0.821838 1.241811
1.166260 0.424072 -0.107666 1.598136 0.848202 1.160053
1.175415 0.431641 -0.100464 1.326498 0.940346 1.050067
1.162476 0.441406 -0.060303 1.022637 1.017310 0.924900
1.143677 0.442261 0.008667 0.743276 1.049800 0.822903
1.117310 0.451904 0.084961 0.523302 1.015712 0.750466
1.095093 0.458984 0.172852 0.372037 0.898535 0.713449
1.090332 0.485107 0.242065 0.318242 0.704927 0.716112
1.114258 0.509888 0.278809 0.360852 0.475366 0.748868
1.161987 0.520996 0.303223 0.442876 0.247403 0.783222
1.212891 0.581299 0.293579 0.503063 0.046072 0.769641
1.274902 0.636597 0.306885 0.492676 -0.091079 0.685220
1.333252 0.702515 0.327637 0.408256 -0.179760 0.518509
1.374878 0.763062 0.382324 0.273768 -0.207190 0.285752
1.414917 0.814697 0.437378 0.133955 -0.211185 0.042077
1.438232 0.862305 0.520996 0.008788 -0.190146 -0.183222
1.473022 0.876587 0.607666 -0.082557 -0.184554 -0.388016
1.502930 0.884888 0.678711 -0.124900 -0.233822 -0.598935
1.500366 0.914551 0.747192 -0.131292 -0.285752 -0.840479
1.476440 0.933105 0.800781 -0.101731 -0.317177 -1.099867
1.445313 0.932983 0.849487 -0.004527 -0.325965 -1.345406
1.400757 0.906006 0.878296 0.174434 -0.307324 -1.568043
1.353516 0.875488 0.894165 0.408788 -0.299601 -1.771238
1.297607 0.835449 0.889526 0.652996 -0.318242 -1.953129
1.222900 0.820801 0.862427 0.855925 -0.367510 -2.119840
1.144653 0.808228 0.832031 0.995739 -0.407190 -2.272437
1.063232 0.788452 0.804688 1.075899 -0.429827 -2.422370
0.974854 0.765503 0.792847 1.131292 -0.432224 -2.559254
0.891357 0.728760 0.769531 1.199201 -0.433555 -2.656991
0.815552 0.686768 0.748535 1.290013 -0.443675 -2.711585
0.741211 0.644165 0.716797 1.396804 -0.460985 -2.735553
0.678101 0.609741 0.674194 1.500932 -0.486551 -2.737683
0.603149 0.594116 0.627319 1.581625 -0.511851 -2.728362
0.527222 0.586060 0.597168 1.633023 -0.534487 -2.705726
0.461426 0.577515 0.561890 1.662583 -0.567776 -2.667377
0.398071 0.592896 0.520996 1.673236 -0.620506 -2.618642
0.333740 0.595825 0.496582 1.687616 -0.637550 -2.556591
0.297241 0.569458 0.438477 1.670306 -0.654860 -2.485220
0.253540 0.561401 0.393066 1.613316 -0.642610 -2.420506
0.215942 0.536865 0.346802 1.518775 -0.593342 -2.365646
0.175659 0.512207 0.313599 1.401065 -0.530493 -2.288149
0.134399 0.480957 0.291016 1.264447 -0.472437 -2.189081
0.087280 0.453003 0.277222 1.101731 -0.427164 -2.089481
0.042603 0.417114 0.275391 0.925965 -0.398136 -2.004261
-0.005127 0.372925 0.295776 0.776032 -0.402130 -1.927830
-0.044556 0.336426 0.307861 0.663648 -0.446072 -1.852463
-0.075439 0.296997 0.332764 0.586951 -0.511585 -1.767244
-0.101074 0.260620 0.337891 0.563515 -0.591212 -1.670839
-0.130493 0.236572 0.321045 0.590679 -0.675100 -1.556857
-0.166260 0.249756 0.293091 0.629294 -0.737417 -1.416778
-0.206543 0.282959 0.260620 0.667909 -0.762716 -1.244208
-0.235840 0.334473 0.223267 0.692410 -0.758455 -1.038349
-0.263306 0.379639 0.173950 0.684154 -0.724634 -0.815180
-0.270630 0.428589 0.142700 0.648735 -0.676698 -0.585087
-0.263672 0.473145 0.100952 0.600000 -0.630626 -0.362184
-0.209106 0.486084 0.084473 0.536085 -0.569374 -0.157656
-0.142212 0.487427 0.054199 0.447137 -0.495340 0.000533
-0.098633 0.511841 0.047607 0.333955 -0.400533 0.101731
-0.053223 0.542847 0.054077 0.208522 -0.306525 0.160852
-0.020874 0.587036 0.067749 0.098269 -0.230093 0.183489
0.015259 0.628784 0.098511 0.003462 -0.180826 0.182157
0.045776 0.658813 0.121460 -0.067643 -0.165113 0.166977
0.070190 0.684692 0.149170 -0.110253 -0.176298 0.151798
0.099976 0.707886 0.172729 -0.121704 -0.216778 0.150732
0.117065 0.731323 0.182617 -0.105992 -0.266578 0.156059
0.126587 0.760864 0.190918 -0.090546 -0.308921 0.174168
0.134033 0.813843 0.182129 -0.087350 -0.347803 0.207190
0.134521 0.848145 0.188477 -0.087350 -0.349933 0.246072
0.139404 0.874878 0.186646 -0.090812 -0.330493 0.285486
