0.596313 0.747681 -0.026978 -0.362716 0.143276 -0.086019
0.639526 0.645874 -0.035767 -0.446871 0.144075 -0.135286
0.590332 0.604980 0.012573 -0.448469 0.171771 -0.195739
0.575195 0.559570 0.020630 -0.393076 0.131292 -0.239947
0.539917 0.537231 0.015991 -0.309188 0.072969 -0.262850
0.493774 0.500488 0.010376 -0.199734 -0.021305 -0.259387
0.463501 0.473145 -0.014038 -0.063648 -0.190679 -0.227430
0.434814 0.443726 -0.041626 0.097204 -0.405859 -0.174168
0.423462 0.416016 -0.110596 0.256991 -0.654860 -0.102530
0.426392 0.399658 -0.170410 0.356325 -0.850333 -0.028229
0.439575 0.369995 -0.220215 0.369108 -0.959254 0.040479
0.447510 0.343140 -0.272705 0.305459 -0.976032 0.082557
0.445190 0.309204 -0.295532 0.171771 -0.900133 0.089747
0.431396 0.285400 -0.313477 -0.015446 -0.767776 0.071638
0.375366 0.312012 -0.327515 -0.235686 -0.597870 0.037017
0.297363 0.349243 -0.311890 -0.479627 -0.413316 0.003728
0.230225 0.331787 -0.282959 -0.704660 -0.251398 -0.006391
0.160889 0.305908 -0.231689 -0.849534 -0.165646 0.004794
0.116455 0.277344 -0.202515 -0.901731 -0.196272 0.046871
0.116455 0.240601 -0.176514 -0.876431 -0.319840 0.145140
0.128906 0.198608 -0.177734 -0.814381 -0.488415 0.296138
0.131348 0.228516 -0.190918 -0.772304 -0.638615 0.482024
0.121216 0.306641 -0.212158 -0.798136 -0.741678 0.714780
0.112549 0.363037 -0.220703 -0.874035 -0.781092 1.011451
0.129883 0.399536 -0.227295 -0.959521 -0.811451 1.341944
0.172729 0.430054 -0.235107 -1.057257 -0.850599 1.664181
0.259888 0.464355 -0.251709 -1.163515 -0.856192 1.936884
0.368286 0.493286 -0.273438 -1.288948 -0.773635 2.135286
0.485718 0.559937 -0.298340 -1.448202 -0.591478 2.258855
0.614868 0.645386 -0.292480 -1.633822 -0.312384 2.355792
0.708496 0.730591 -0.257202 -1.858322 0.003728 2.406391
0.763672 0.830566 -0.179810 -2.139547 0.290013 2.364048
0.828857 0.878296 -0.049561 -2.451132 0.488682 2.287350
0.936401 0.882324 0.110107 -2.712384 0.542210 2.151798
1.044678 0.810547 0.265625 -2.850067 0.465246 1.966178
1.127808 0.787109 0.384888 -2.842610 0.258056 1.748336
1.196289 0.795166 0.489746 -2.747004 -0.010919 1.524367
1.248657 0.825806 0.575073 -2.636218 -0.286285 1.351798
1.292358 0.877197 0.655273 -2.526764 -0.488682 1.196538
1.307739 0.918335 0.742188 -2.445007 -0.577097 1.028762
1.318115 0.915527 0.849243 -2.368309 -0.564847 0.864980
1.310425 0.886353 0.941650 -2.251931 -0.516112 0.698269
1.280762 0.874390 1.019653 -2.087616 -0.459654 0.525166
1.242188 0.854004 1.091797 -1.893742 -0.388815 0.396272
1.208496 0.844849 1.135376 -1.681758 -0.291878 0.326232
1.146851 0.840454 1.195313 -1.487883 -0.129427 0.279893
1.069214 0.822266 1.263428 -1.323569 0.052996 0.234354
0.986816 0.809082 1.330688 -1.156059 0.203728 0.180293
0.904541 0.793457 1.386841 -0.941678 0.305726 0.130226
0.844482 0.762939 1.425903 -0.649268 0.358455 0.109720
0.803223 0.717896 1.439819 -0.288149 0.369108 0.121438
0.785278 0.692993 1.417603 0.105726 0.368043 0.156325
0.796997 0.678467 1.362183 0.480959 0.422903 0.214647
0.810547 0.696167 1.280029 0.807989 0.592011 0.309188
0.838989 0.689941 1.207031 1.085752 0.867377 0.438881
0.858154 0.684570 1.122803 1.315579 1.191212 0.556858
0.865845 0.669434 1.046387 1.488948 1.508122 0.626897
0.881592 0.644165 0.978760 1.610652 1.786152 0.626897
0.874390 0.617798 0.915894 1.690812 2.015446 0.558189
0.844482 0.585571 0.870605 1.748336 2.195739 0.472170
0.827148 0.562012 0.778809 1.825566 2.291611 0.440479
0.807495 0.533203 0.718140 1.951265 2.332623 0.508123
0.822998 0.516357 0.638062 2.071372 2.302264 0.631957
0.878174 0.531616 0.531372 2.173902 2.286818 0.769907
0.932007 0.533569 0.436646 2.270573 2.327031 0.914514
0.997559 0.527832 0.331421 2.325699 2.393342 1.018642
1.045898 0.529663 0.249268 2.313981 2.494008 1.041012
1.078979 0.528687 0.172485 2.233555 2.579760 1.003462
1.104614 0.520874 0.118896 2.113182 2.602130 0.942477
1.133057 0.509033 0.072266 1.999734 2.500133 0.903063
1.163940 0.530518 0.007568 1.916378 2.255393 0.884421
1.192383 0.496826 -0.035156 1.840213 1.923036 0.838083
1.220093 0.490845 -0.100220 1.748336 1.551531 0.761651
1.250977 0.498291 -0.155151 1.597071 1.228495 0.629561
1.257446 0.504883 -0.195435 1.415712 1.005326 0.495872
1.262573 0.506714 -0.220703 1.236485 0.872703 0.398136
1.255859 0.514038 -0.231323 1.065513 0.815180 0.322770
1.247314 0.515991 -0.230225 0.891079 0.815979 0.276698
1.241089 0.529297 -0.228394 0.707856 0.859387 0.265513
1.239258 0.530762 -0.187134 0.507590 0.933156 0.281225
1.252808 0.524170 -0.119873 0.320107 0.979494 0.295606
1.265625 0.525513 -0.033569 0.180293 0.924634 0.294807
1.300293 0.521973 0.071167 0.105992 0.709188 0.246605
1.333862 0.539429 0.144409 0.110519 0.332091 0.139281
1.359009 0.567627 0.204468 0.176565 -0.125166 0.000266
1.390869 0.608643 0.243286 0.252730 -0.602663 -0.148336
1.409058 0.674561 0.261475 0.307856 -1.030626 -0.303329
1.436401 0.724365 0.272949 0.320639 -1.343276 -0.462583
1.467041 0.759521 0.276855 0.302264 -1.514780 -0.626897
1.484131 0.787109 0.284424 0.263382 -1.538748 -0.785886
1.507568 0.812500 0.277588 0.227963 -1.460985 -0.910786
1.514404 0.818481 0.275757 0.194407 -1.320107 -1.027696
1.512085 0.825684 0.272827 0.144341 -1.174967 -1.183222
1.470703 0.816284 0.291870 0.076165 -1.049001 -1.387483
1.402466 0.813843 0.299927 0.015446 -0.990679 -1.612517
1.304810 0.808472 0.326782 -0.029294 -1.028762 -1.841278
1.209106 0.799927 0.339600 -0.031158 -1.208256 -2.048203
1.135132 0.780518 0.334961 0.015979 -1.486818 -2.216245
1.089355 0.765991 0.299072 0.084953 -1.752330 -2.349933
1.048706 0.741455 0.259399 0.118509 -1.911584 -2.465779
0.988770 0.706543 0.243774 0.067643 -1.950200 -2.588016
0.901733 0.672607 0.245972 -0.070573 -1.874834 -2.717710
0.803345 0.622681 0.283203 -0.245806 -1.733688 -2.823435
0.689575 0.553223 0.340454 -0.398136 -1.587217 -2.898535
0.565063 0.482178 0.399414 -0.491345 -1.496138 -2.942743
0.443115 0.422241 0.465088 -0.496937 -1.485486 -2.954727
0.317017 0.369385 0.501953 -0.426365 -1.540612 -2.925166
0.217163 0.343872 0.508911 -0.319308 -1.618109 -2.828495
0.137207 0.314453 0.515991 -0.195739 -1.664447 -2.669507
0.072144 0.286743 0.503174 -0.066312 -1.676964 -2.469507
0.022095 0.281616 0.488525 0.030093 -1.628762 -2.242343
-0.011230 0.277588 0.465332 0.082557 -1.512916 -1.980027
-0.039795 0.277466 0.439087 0.107856 -1.308921 -1.692410
-0.053101 0.287109 0.418335 0.122237 -1.052996 -1.395206
-0.057251 0.296875 0.395508 0.123569 -0.768043 -1.109987
-0.055054 0.319214 0.363770 0.116644 -0.474301 -0.851931
-0.049805 0.350708 0.347412 0.108123 -0.195739 -0.611451
-0.031616 0.379395 0.330078 0.109987 0.034088 -0.393609
-0.004395 0.422485 0.310181 0.119574 0.194407 -0.222903
0.032593 0.470337 0.291870 0.147803 0.271638 -0.119041
0.071411 0.500610 0.253174 0.201065 0.290812 -0.079361
0.098145 0.532227 0.209839 0.269241 0.271904 -0.072703
0.109619 0.580200 0.184570 0.336884 0.220506 -0.084953
0.117065 0.619385 0.145874 0.371238 0.143276 -0.107856
0.131714 0.664429 0.116089 0.363782 0.060719 -0.128096
0.142944 0.703247 0.096680 0.329694 0.005060 -0.136352
0.150879 0.750366 0.073486 0.292410 -0.016778 -0.120373
0.171143 0.755615 0.071411 0.267377 -0.002130 -0.074834
0.189087 0.788574 0.069946 0.259387 0.021838 -0.018109
0.207397 0.817139 0.051147 0.255659 0.064181 0.060719
0.226807 0.857056 0.039429 0.253262 0.114514 0.143276
0.259033 0.891235 0.039307 0.253262 0.180027 0.227164
0.296631 0.900757 0.029297 0.246072 0.252996 0.295606
0.312866 0.932007 0.027344 0.224234 0.318242 0.313182
0.329834 0.937744 0.034912 0.188549 0.355260 0.288149
0.345459 0.943604 0.043091 0.147537 0.351531 0.228762
0.351929 0.949097 0.049805 0.124368 0.307057 0.142743
0.354614 0.948730 0.049805 0.129694 0.218908 0.065246
0.369019 0.949951 0.046387 0.156059 0.111585 0.024767
0.378418 0.954102 0.033325 0.182157 0.021039 0.018109
0.385620 0.956909 0.023315 0.182690 -0.025832 0.028495
0.389648 0.959839 0.015869 0.150999 -0.029827 0.040746
0.393555 0.962891 0.018799 0.084953 -0.005859 0.048202
0.394043 0.958984 0.037109 -0.000799 0.032224 0.044740
0.385864 0.950439 0.058350 -0.085486 0.067111 0.025832
0.379883 0.945801 0.075073 -0.141145 0.084687 0.003462
0.382813 0.925049 0.093262 -0.164581 0.079893 -0.007457
0.370483 0.915405 0.121704 -0.160320 0.048469 -0.000799
0.369751 0.908569 0.128418 -0.125433 -0.008256 0.029294
0.375122 0.901001 0.142944 -0.085486 -0.072170 0.076698
