0.539917 0.587036 0.347412 -0.080160 0.214115 0.211984
0.485718 0.572510 0.438721 -0.103063 0.369374 0.180826
0.473022 0.577637 0.448608 0.041545 0.240479 0.157390
0.485352 0.576172 0.427002 0.267909 -0.026631 0.149933
0.506348 0.586304 0.362061 0.465246 -0.279627 0.134754
0.515747 0.598511 0.290039 0.554194 -0.405593 0.116112
0.516724 0.609863 0.248047 0.541944 -0.411984 0.103063
0.516235 0.598145 0.211792 0.470839 -0.341678 0.101198
0.512817 0.594238 0.184937 0.383755 -0.228762 0.097470
0.504272 0.594116 0.164795 0.301731 -0.109720 0.092943
0.508545 0.590820 0.124146 0.229028 -0.007190 0.094807
0.511353 0.570190 0.113403 0.145406 0.103595 0.090546
0.513672 0.540039 0.096680 0.054594 0.190679 0.076431
0.507202 0.509766 0.085205 -0.018908 0.253795 0.055126
0.490723 0.484863 0.079468 -0.078029 0.279627 0.018642
0.463135 0.456177 0.077026 -0.121172 0.251398 -0.019441
0.432739 0.425171 0.063110 -0.137683 0.160053 -0.046605
0.398682 0.369629 0.063599 -0.129960 0.003196 -0.071638
0.363525 0.291504 0.053833 -0.095606 -0.233555 -0.095872
0.338013 0.233521 0.019165 -0.040213 -0.537417 -0.109720
0.335693 0.210205 -0.010010 0.018908 -0.859920 -0.078828
0.370483 0.184570 -0.057983 0.055393 -1.153928 0.033822
0.424805 0.181885 -0.149048 0.046605 -1.343542 0.192810
0.485474 0.195068 -0.202759 -0.047403 -1.335819 0.338482
0.536255 0.189209 -0.254639 -0.235952 -1.165912 0.444208
0.560303 0.183716 -0.289795 -0.500399 -0.874567 0.495872
0.554932 0.206421 -0.288452 -0.818376 -0.521704 0.490013
0.531982 0.243286 -0.257813 -1.165380 -0.181625 0.458855
0.519165 0.260254 -0.217285 -1.495340 0.078828 0.449268
0.496216 0.306885 -0.178101 -1.775233 0.244474 0.466844
0.467896 0.359985 -0.088745 -1.994141 0.295872 0.543542
0.495972 0.343018 -0.010376 -2.115579 0.162716 0.729960
0.566162 0.305176 0.043091 -2.107856 -0.136085 0.961651
0.657227 0.293823 0.085449 -2.011718 -0.532889 1.153129
0.775391 0.294678 0.098389 -1.903862 -0.947803 1.262850
0.888184 0.334717 0.088989 -1.849800 -1.263116 1.276431
0.986694 0.441284 0.073242 -1.936618 -1.411718 1.181092
1.014160 0.571899 0.073608 -2.215979 -1.357656 0.978961
1.019409 0.670166 0.143311 -2.654061 -1.126232 0.712916
0.997803 0.699585 0.271362 -3.198935 -0.838349 0.410652
0.959106 0.724365 0.472534 -3.681758 -0.618375 0.052463
0.924683 0.636353 0.670898 -3.994407 -0.556325 -0.287084
0.877075 0.535522 0.902832 -4.066045 -0.642077 -0.617843
0.810181 0.494019 1.080688 -3.916645 -0.946205 -0.872969
0.744507 0.465820 1.195679 -3.615180 -1.342210 -0.973901
0.719604 0.475586 1.283813 -3.305992 -1.662051 -0.969907
0.710327 0.496826 1.381958 -3.099601 -1.774700 -0.915846
0.716675 0.458862 1.478149 -3.015979 -1.658322 -0.849268
0.711182 0.407471 1.576050 -2.982956 -1.301465 -0.797071
0.680420 0.357788 1.674316 -2.929960 -0.752597 -0.745406
0.611206 0.303833 1.773804 -2.810652 -0.113182 -0.683089
0.478638 0.285645 1.878418 -2.612783 0.490546 -0.617044
0.298218 0.313232 1.965088 -2.377363 0.950466 -0.541678
0.142822 0.311768 2.041870 -2.116378 1.230892 -0.437550
0.015747 0.261597 2.104614 -1.783489 1.341411 -0.295606
-0.080933 0.226440 2.137695 -1.381092 1.279361 -0.114780
-0.113159 0.201172 2.139038 -0.913981 1.078828 0.119041
-0.078857 0.170044 2.084961 -0.430626 0.850067 0.375233
-0.020996 0.182983 1.997314 -0.013582 0.734487 0.614381
0.028809 0.244507 1.902466 0.286019 0.812517 0.851931
0.086182 0.276978 1.807617 0.474834 1.077230 1.084421
0.140747 0.279419 1.754272 0.613316 1.451931 1.266312
0.169067 0.273682 1.711670 0.727297 1.788282 1.385885
0.201294 0.223511 1.657715 0.870306 2.022104 1.494807
0.239868 0.178467 1.600220 1.061518 2.125699 1.592011
0.283325 0.171509 1.501343 1.272437 2.120373 1.676165
0.350098 0.195313 1.392944 1.484421 2.107057 1.806125
0.455444 0.229858 1.281372 1.687350 2.121971 2.025566
0.572998 0.256592 1.166016 1.869241 2.180293 2.282557
0.667480 0.255493 1.051392 2.002663 2.263915 2.488682
0.751343 0.264893 0.943848 2.087883 2.337950 2.594408
0.825562 0.247559 0.836426 2.124367 2.389348 2.610919
0.915649 0.258057 0.702026 2.108655 2.404261 2.543542
0.986572 0.290771 0.618774 2.025033 2.439414 2.463382
1.042358 0.277954 0.549072 1.909454 2.435153 2.433555
1.084351 0.289429 0.485229 1.788282 2.332890 2.403462
1.098267 0.328247 0.412109 1.695073 2.133688 2.369641
1.123657 0.333496 0.345703 1.620772 1.847670 2.292410
1.165039 0.321777 0.288696 1.543276 1.573635 2.148335
1.186035 0.352417 0.211304 1.409587 1.351798 1.953129
1.193726 0.394409 0.160278 1.186152 1.221039 1.747537
1.192505 0.438477 0.145508 0.892676 1.160053 1.587217
1.196777 0.464600 0.171997 0.589614 1.097736 1.478296
1.204834 0.475342 0.227661 0.310519 0.985619 1.366711
1.222900 0.484497 0.339722 0.067643 0.809055 1.229028
1.253052 0.488159 0.495605 -0.127830 0.545140 1.076698
1.272583 0.509888 0.646118 -0.273236 0.209055 0.893742
1.297974 0.543701 0.799805 -0.358189 -0.115846 0.676431
1.313843 0.573364 0.920898 -0.360053 -0.352597 0.436751
1.320801 0.592285 1.030029 -0.287084 -0.453795 0.181358
1.296387 0.614990 1.141724 -0.159787 -0.446338 -0.068708
1.264648 0.642090 1.225342 0.012783 -0.429561 -0.265246
1.253296 0.674316 1.283081 0.229294 -0.456458 -0.383222
1.261841 0.689087 1.306152 0.473502 -0.512117 -0.446338
1.268311 0.719360 1.309204 0.703329 -0.576831 -0.518775
1.280273 0.744507 1.289917 0.896671 -0.633555 -0.621571
1.292969 0.740967 1.256958 1.049534 -0.662317 -0.769108
1.289673 0.717896 1.216187 1.155792 -0.642344 -0.975499
1.257446 0.693237 1.188965 1.215446 -0.568575 -1.226099
1.202148 0.662964 1.162964 1.249268 -0.465779 -1.495606
1.125488 0.606934 1.143433 1.284687 -0.370439 -1.745140
1.031982 0.555664 1.104858 1.348336 -0.331824 -1.956591
0.943604 0.505371 1.060913 1.419441 -0.344873 -2.132357
0.858276 0.447754 1.008301 1.501731 -0.399201 -2.280160
0.770752 0.396729 0.939941 1.580826 -0.470573 -2.416245
0.671875 0.359863 0.867432 1.638881 -0.546738 -2.539814
0.562622 0.327393 0.791504 1.676431 -0.625033 -2.638615
0.465698 0.318970 0.712402 1.699601 -0.701731 -2.709720
0.379150 0.326050 0.634766 1.683888 -0.755260 -2.735286
0.305542 0.318970 0.565674 1.610120 -0.766445 -2.717710
0.242310 0.300781 0.501221 1.480959 -0.728629 -2.695073
0.167480 0.291626 0.441650 1.307856 -0.631957 -2.684687
0.093750 0.274780 0.407349 1.095872 -0.455659 -2.680160
0.008179 0.237183 0.400879 0.858855 -0.219174 -2.649268
-0.076294 0.184570 0.401367 0.646072 0.002929 -2.576032
-0.189087 0.156250 0.452881 0.495340 0.163782 -2.457257
-0.292114 0.144897 0.472900 0.437284 0.209321 -2.264447
-0.372314 0.137817 0.505249 0.451132 0.119574 -1.998935
-0.423950 0.141479 0.507568 0.539015 -0.062583 -1.697736
-0.440918 0.174805 0.495972 0.673236 -0.279095 -1.372836
-0.414185 0.192505 0.458496 0.805060 -0.458056 -1.021571
-0.362305 0.227661 0.407104 0.891877 -0.547004 -0.693742
-0.307251 0.286011 0.361938 0.904927 -0.513449 -0.414647
-0.243408 0.340210 0.317505 0.831957 -0.369374 -0.198935
-0.192993 0.389893 0.294189 0.690546 -0.144341 -0.058855
-0.159180 0.432129 0.284790 0.539015 0.100133 0.026099
-0.134521 0.468140 0.282349 0.416245 0.302796 0.094274
-0.106079 0.506836 0.269409 0.327563 0.430360 0.160320
-0.080322 0.546143 0.285278 0.270573 0.479627 0.211718
-0.045532 0.564941 0.270752 0.237284 0.441811 0.229561
-0.008423 0.588501 0.275024 0.202929 0.342210 0.199734
0.016846 0.610840 0.271362 0.164048 0.210652 0.145140
0.037476 0.631226 0.275879 0.121438 0.089481 0.096405
0.051758 0.662231 0.287598 0.087617 -0.010919 0.066578
0.068726 0.694336 0.299561 0.055393 -0.078562 0.061252
0.105713 0.694580 0.319458 0.027696 -0.103063 0.086285
0.124756 0.713989 0.318848 0.009854 -0.085486 0.108921
0.151123 0.743408 0.329468 -0.025566 -0.023968 0.135553
0.176880 0.746094 0.337402 -0.078828 0.064447 0.170173
0.196289 0.770386 0.353882 -0.146738 0.164314 0.182423
0.209229 0.783203 0.381958 -0.236218 0.252463 0.174168
0.206909 0.791870 0.412231 -0.319840 0.289214 0.154993
0.199463 0.807861 0.440552 -0.372304 0.272969 0.140080
0.202026 0.823486 0.470093 -0.387483 0.205593 0.144607
0.213867 0.827759 0.500000 -0.376565 0.123569 0.165113
0.234985 0.831909 0.511963 -0.343276 0.048735 0.181891
0.257568 0.831909 0.515747 -0.308921 0.008522 0.186152
0.274292 0.840088 0.517578 -0.292676 0.007989 0.169640
0.276489 0.845093 0.528076 -0.309454 0.036218 0.128096
0.256470 0.852539 0.554077 -0.333688 0.054328 0.083089
