0.375977 0.906128 -0.177490 -0.255925 0.229294 0.117976
0.434937 0.854614 -0.187744 -0.234621 0.123302 0.164847
0.431396 0.851929 -0.166504 -0.148336 0.035419 0.174967
0.443726 0.866699 -0.179932 -0.038615 -0.096671 0.149134
0.457764 0.860474 -0.203125 0.040746 -0.204527 0.124900
0.465210 0.863281 -0.226318 0.074834 -0.243941 0.102264
0.471313 0.842163 -0.234131 0.052730 -0.223169 0.089214
0.482910 0.822021 -0.239014 0.000799 -0.182423 0.082823
0.483521 0.805298 -0.250610 -0.043941 -0.132889 0.090812
0.481079 0.765869 -0.252441 -0.074567 -0.100399 0.101465
0.473145 0.731812 -0.260254 -0.093475 -0.103329 0.102530
0.443359 0.688232 -0.267700 -0.110786 -0.140080 0.099867
0.411377 0.625000 -0.267578 -0.117443 -0.225566 0.100666
0.378906 0.565308 -0.271851 -0.102796 -0.372836 0.120905
0.362793 0.496826 -0.287598 -0.085220 -0.553928 0.161917
0.338379 0.424927 -0.303101 -0.064447 -0.740613 0.207989
0.325928 0.363281 -0.328735 -0.054860 -0.899334 0.250599
0.298218 0.316406 -0.350830 -0.059654 -1.000799 0.293742
0.269775 0.269409 -0.389648 -0.090280 -1.050599 0.345140
0.241821 0.233276 -0.403320 -0.150999 -1.032756 0.412783
0.203491 0.194214 -0.424194 -0.231957 -0.978429 0.500666
0.167358 0.158936 -0.421753 -0.315313 -0.920373 0.608522
0.138428 0.126587 -0.421387 -0.401864 -0.895073 0.736884
0.118164 0.091919 -0.426636 -0.491877 -0.899334 0.884687
0.125854 0.078857 -0.431763 -0.589880 -0.895340 1.039414
0.148071 0.077026 -0.440186 -0.701997 -0.855393 1.188016
0.178345 0.081543 -0.429077 -0.855127 -0.763515 1.318775
0.201172 0.108887 -0.427734 -1.059654 -0.614647 1.417577
0.197754 0.175659 -0.415527 -1.286285 -0.427430 1.509454
0.218994 0.213257 -0.393066 -1.482823 -0.269774 1.655393
0.257690 0.230713 -0.373413 -1.596804 -0.164847 1.870040
0.302124 0.261719 -0.373047 -1.622636 -0.098802 2.110253
0.375977 0.285278 -0.366333 -1.598935 -0.069241 2.344607
0.471802 0.299316 -0.390625 -1.594407 -0.081491 2.538748
0.568970 0.374268 -0.418823 -1.697470 -0.062850 2.668442
0.645508 0.480957 -0.415771 -1.955260 0.049800 2.747537
0.714966 0.565308 -0.373657 -2.347004 0.245007 2.761651
0.760742 0.638672 -0.267578 -2.806125 0.491345 2.707590
0.806519 0.684326 -0.114502 -3.212517 0.695606 2.631691
0.861450 0.709229 0.064697 -3.463116 0.772570 2.552863
0.960205 0.764893 0.173340 -3.536884 0.700666 2.474035
1.066162 0.776733 0.285645 -3.464447 0.588549 2.383489
1.178101 0.773682 0.407715 -3.311851 0.453795 2.282557
1.292603 0.796753 0.543579 -3.162983 0.276698 2.187217
1.400146 0.813965 0.652344 -3.041811 0.063648 2.107324
1.489258 0.835327 0.741821 -2.913715 -0.136085 1.978961
1.559937 0.880981 0.805420 -2.793608 -0.268442 1.773369
1.599976 0.923340 0.861328 -2.696937 -0.254594 1.511318
1.592896 0.935059 0.903809 -2.624501 -0.111052 1.180826
1.511353 0.938232 0.978516 -2.566711 0.110519 0.795473
1.389160 0.946411 1.067749 -2.505992 0.298802 0.437816
1.250732 0.929565 1.164429 -2.399734 0.388549 0.164048
1.114746 0.919434 1.256226 -2.223169 0.350732 -0.009321
0.987305 0.914551 1.366943 -1.941678 0.193875 -0.091877
0.926514 0.868408 1.452637 -1.558988 -0.084687 -0.072969
0.911133 0.814575 1.486572 -1.088416 -0.397869 -0.002397
0.928223 0.788330 1.479492 -0.584554 -0.599201 0.073768
0.945068 0.766479 1.436768 -0.111052 -0.568575 0.144873
0.966675 0.720947 1.354370 0.272703 -0.292144 0.186951
0.929443 0.709961 1.299927 0.528096 0.180559 0.193875
0.850464 0.729004 1.280029 0.705193 0.723302 0.201332
0.778931 0.704956 1.285889 0.858589 1.164314 0.235952
0.748657 0.645874 1.284302 1.064714 1.432224 0.303329
0.744263 0.596191 1.245605 1.343009 1.560852 0.373369
0.769043 0.547852 1.182617 1.659654 1.623169 0.444474
0.836548 0.511353 1.071899 1.974967 1.720106 0.514248
0.897339 0.493164 0.955322 2.241012 1.937683 0.579760
0.948242 0.482666 0.857544 2.408788 2.262051 0.631957
0.974854 0.476074 0.775146 2.488415 2.627164 0.667111
0.967773 0.458862 0.719849 2.528362 2.966977 0.665779
0.927734 0.416748 0.684692 2.566445 3.194674 0.644474
0.870850 0.349365 0.668823 2.654860 3.209055 0.622903
0.862427 0.297852 0.584106 2.809854 2.975499 0.622636
0.892822 0.280762 0.445923 3.028495 2.632224 0.702530
0.948120 0.261475 0.281250 3.229294 2.291611 0.849534
0.997070 0.258667 0.130615 3.298535 2.021837 0.968043
1.034912 0.256714 -0.000732 3.212250 1.811185 1.029827
1.043823 0.247437 -0.089844 2.991744 1.648202 1.028495
1.030151 0.224365 -0.140381 2.737417 1.514514 0.972304
1.009155 0.205566 -0.161133 2.529428 1.370439 0.889747
1.002930 0.196167 -0.219604 2.418109 1.177630 0.818908
1.018799 0.187500 -0.295044 2.371505 0.991744 0.793076
1.055298 0.212158 -0.412964 2.332890 0.884687 0.830892
1.099731 0.248413 -0.528931 2.242876 0.924367 0.922503
1.129028 0.269897 -0.588623 2.037550 1.102264 1.014381
1.143799 0.302368 -0.603516 1.708389 1.302796 1.063915
1.141113 0.342407 -0.562012 1.314514 1.461518 1.052996
1.122437 0.370605 -0.466797 0.908655 1.505459 0.980559
1.113647 0.363647 -0.325195 0.574700 1.356591 0.876431
1.127686 0.366943 -0.166260 0.398668 0.966711 0.777364
1.195923 0.373169 -0.043701 0.396538 0.378961 0.732889
1.298218 0.405884 0.009155 0.537949 -0.267377 0.738482
1.423340 0.470581 -0.008545 0.720107 -0.768043 0.755260
1.532227 0.572266 -0.041748 0.807457 -0.977364 0.735286
1.625610 0.671265 -0.064331 0.725699 -0.896671 0.666844
1.696899 0.739380 -0.030762 0.495872 -0.604261 0.534487
1.755371 0.777466 0.003174 0.246871 -0.259654 0.333688
1.780151 0.798340 0.045288 0.061784 0.003462 0.082290
1.776489 0.807007 0.096436 -0.029827 0.109987 -0.188282
1.755371 0.788696 0.131470 -0.033289 -0.008256 -0.452996
1.734253 0.770386 0.140137 0.026897 -0.321971 -0.698802
1.717773 0.765259 0.111084 0.118242 -0.701997 -0.931824
1.677490 0.766113 0.081055 0.194141 -1.053795 -1.176298
1.639648 0.768188 0.054688 0.235153 -1.334221 -1.422903
1.591675 0.759521 0.028809 0.237550 -1.519041 -1.642077
1.539307 0.749634 0.020142 0.214381 -1.610919 -1.815979
1.485107 0.728516 0.026733 0.166977 -1.645007 -1.944607
1.432129 0.705688 0.040039 0.109454 -1.692676 -2.053262
1.368896 0.693359 0.055542 0.046871 -1.749667 -2.171771
1.292114 0.687988 0.086670 -0.032756 -1.824501 -2.304394
1.213867 0.673462 0.133423 -0.129427 -1.911318 -2.445806
1.131592 0.657104 0.172852 -0.212783 -2.015712 -2.581891
1.040039 0.648926 0.222168 -0.265779 -2.125699 -2.698269
0.962646 0.617065 0.255371 -0.310786 -2.224234 -2.793608
0.882324 0.587402 0.284424 -0.353928 -2.268176 -2.887883
0.800781 0.565796 0.296143 -0.386951 -2.238615 -2.971238
0.690796 0.531738 0.324951 -0.403728 -2.128895 -3.054061
0.581055 0.502686 0.345825 -0.423169 -2.004527 -3.116378
0.485840 0.460205 0.384277 -0.438083 -1.878562 -3.139814
0.397339 0.412598 0.406006 -0.423702 -1.757390 -3.103862
0.304199 0.370605 0.428711 -0.365113 -1.649001 -3.008256
0.229492 0.317139 0.447021 -0.262317 -1.596005 -2.848735
0.169678 0.294189 0.443604 -0.120373 -1.577363 -2.639680
0.120117 0.287231 0.425537 0.037550 -1.570972 -2.413049
0.072876 0.302124 0.398926 0.184554 -1.555526 -2.183222
0.035034 0.320679 0.352173 0.305459 -1.514780 -1.956059
0.006836 0.347046 0.295898 0.383222 -1.411451 -1.747004
-0.013672 0.365967 0.242432 0.409055 -1.232224 -1.553129
-0.031006 0.390381 0.194458 0.388815 -0.985886 -1.352597
-0.035278 0.408936 0.153809 0.327031 -0.704394 -1.127563
-0.025757 0.421997 0.128784 0.252996 -0.427963 -0.873236
0.000366 0.436401 0.109375 0.180826 -0.180293 -0.607989
0.037598 0.443604 0.105469 0.108921 0.021305 -0.394674
0.067261 0.477905 0.109497 0.055126 0.141678 -0.279095
0.080566 0.527100 0.105713 0.026365 0.158722 -0.253529
0.077271 0.576782 0.109985 0.029827 0.088948 -0.273768
0.076172 0.622437 0.107178 0.073502 -0.043142 -0.300399
0.082031 0.667236 0.083496 0.161385 -0.198402 -0.309454
0.105347 0.709839 0.036499 0.281491 -0.313715 -0.292943
0.138672 0.744751 -0.026367 0.390146 -0.342210 -0.245273
0.175415 0.756714 -0.073975 0.439947 -0.277497 -0.173901
0.185669 0.800781 -0.119385 0.428229 -0.156325 -0.109987
0.196167 0.821899 -0.144043 0.372570 -0.007723 -0.038083
0.201782 0.851807 -0.148560 0.304660 0.130759 0.019973
0.203125 0.868774 -0.139404 0.229294 0.242077 0.060453
0.210693 0.877075 -0.131958 0.150732 0.302796 0.077497
0.214722 0.889404 -0.125122 0.086019 0.313715 0.077230
0.223633 0.896362 -0.126099 0.057523 0.294807 0.074301
0.238037 0.896118 -0.124512 0.053795 0.259654 0.082290
0.240723 0.916504 -0.129395 0.057790 0.213049 0.102530
