0.359863 0.627075 0.569946 0.160320 -0.259654 -0.162184
0.438843 0.573364 0.516235 0.148336 -0.326498 -0.169907
0.423462 0.594482 0.507202 0.146205 -0.266045 -0.191744
0.430298 0.587891 0.501465 0.150466 -0.199467 -0.168043
0.445435 0.583130 0.477905 0.160053 -0.117443 -0.124368
0.445435 0.566162 0.456543 0.173103 -0.033289 -0.107057
0.435303 0.535522 0.437866 0.194141 0.003462 -0.112650
0.421631 0.501099 0.420044 0.227430 -0.046605 -0.132357
0.410645 0.458130 0.404785 0.268442 -0.179760 -0.162450
0.410645 0.410522 0.357910 0.316112 -0.373103 -0.200000
0.407715 0.372314 0.304810 0.365646 -0.566711 -0.239680
0.397827 0.344727 0.244629 0.405859 -0.703063 -0.278029
0.370972 0.349854 0.178589 0.426099 -0.776032 -0.306791
0.337402 0.365845 0.141968 0.424234 -0.820240 -0.278562
0.335571 0.355347 0.089844 0.417577 -0.895872 -0.177364
0.358887 0.346313 0.040039 0.403196 -1.006658 -0.052730
0.401978 0.346069 -0.017700 0.344341 -1.103595 0.055925
0.451416 0.329102 -0.073853 0.210386 -1.111585 0.114514
0.479858 0.307007 -0.103882 0.014647 -1.030626 0.126232
0.493530 0.279541 -0.116089 -0.210386 -0.908655 0.096405
0.484985 0.256104 -0.117310 -0.445273 -0.780826 0.033822
0.464233 0.226318 -0.107788 -0.678562 -0.667909 -0.056724
0.428711 0.183472 -0.088867 -0.900399 -0.578695 -0.158722
0.379883 0.143555 -0.075562 -1.111318 -0.508123 -0.253529
0.323975 0.106812 -0.031372 -1.304394 -0.464447 -0.332623
0.263794 0.053833 0.022339 -1.452996 -0.504927 -0.368575
0.220459 0.025513 0.063843 -1.557124 -0.662317 -0.365113
0.207520 0.035034 0.098999 -1.644474 -0.894541 -0.284687
0.251709 0.029053 0.110229 -1.762983 -1.082024 -0.099601
0.324097 0.057739 0.127197 -1.981891 -1.064980 0.122770
0.386353 0.138916 0.168091 -2.352064 -0.772570 0.337417
0.421265 0.192505 0.243164 -2.835686 -0.264980 0.559254
0.400146 0.265869 0.356323 -3.291611 0.342210 0.757923
0.330811 0.373657 0.523804 -3.614115 0.869241 0.904927
0.302490 0.409424 0.696899 -3.720373 1.104927 1.016778
0.335083 0.423950 0.858032 -3.614381 0.981891 1.049534
0.417725 0.441162 0.970825 -3.400266 0.592011 0.980293
0.543091 0.424561 1.069702 -3.204261 0.091345 0.833555
0.669312 0.430664 1.173584 -3.123036 -0.366711 0.633822
0.792725 0.464111 1.275757 -3.197603 -0.663648 0.429827
0.858887 0.437744 1.417236 -3.332357 -0.710786 0.229561
0.879150 0.473755 1.574585 -3.400799 -0.576298 0.042610
0.850952 0.454956 1.734009 -3.324368 -0.331558 -0.142743
0.763184 0.458984 1.871460 -3.092943 -0.103063 -0.330759
0.675659 0.468628 1.949585 -2.738216 0.036218 -0.484953
0.609619 0.451538 1.984375 -2.365646 0.083888 -0.607457
0.559692 0.403687 2.012695 -2.039414 0.058056 -0.719574
0.494751 0.341919 2.049805 -1.763249 -0.046072 -0.809854
0.432007 0.296753 2.085327 -1.490280 -0.253795 -0.856192
0.388794 0.253540 2.095337 -1.185087 -0.477763 -0.834887
0.357544 0.236206 2.083374 -0.876165 -0.582157 -0.762450
0.318237 0.207886 2.053955 -0.609055 -0.467909 -0.658589
0.253418 0.169800 2.033691 -0.398402 -0.141678 -0.551798
0.166626 0.118896 2.002319 -0.214115 0.291079 -0.425300
0.056519 0.077759 1.967041 -0.003728 0.719574 -0.247936
-0.031372 0.036987 1.908691 0.244474 1.022104 -0.016511
-0.092285 -0.006104 1.844971 0.537417 1.147537 0.251132
-0.114990 -0.036011 1.756958 0.847936 1.136352 0.524368
-0.119995 -0.058838 1.642578 1.146205 1.048202 0.779760
-0.124023 -0.053223 1.508545 1.405326 0.973369 1.007190
-0.114258 -0.064453 1.394897 1.589614 0.973103 1.215180
-0.117188 -0.089233 1.296875 1.678562 1.039148 1.403995
-0.122437 -0.086182 1.199341 1.720639 1.123302 1.561385
-0.117798 -0.098877 1.132813 1.751531 1.199201 1.709987
-0.092896 -0.106445 1.062256 1.782690 1.245273 1.869774
-0.041504 -0.069702 0.987427 1.818109 1.272437 2.059920
0.091797 -0.021851 0.932007 1.834354 1.326498 2.331558
0.256714 0.074463 0.867676 1.777097 1.456192 2.672703
0.399048 0.175049 0.832764 1.655659 1.686551 2.977097
0.510742 0.251099 0.805664 1.520107 1.957657 3.144874
0.584229 0.291016 0.805908 1.362184 2.212783 3.147537
0.623779 0.307251 0.807251 1.226099 2.368043 3.016778
0.678345 0.350586 0.833008 1.152064 2.382423 2.827164
0.752441 0.374756 0.845581 1.122503 2.245273 2.685752
0.831787 0.382446 0.849976 1.121704 1.998668 2.594408
0.916748 0.383667 0.834351 1.155526 1.714514 2.498802
0.990601 0.430786 0.786377 1.199467 1.461252 2.344341
1.043335 0.437256 0.739624 1.239680 1.314514 2.126232
1.064209 0.429199 0.695923 1.264714 1.230626 1.872969
1.058350 0.415161 0.637573 1.267909 1.158189 1.625033
1.042480 0.413208 0.590332 1.232224 1.051664 1.399467
1.032715 0.416138 0.543335 1.166178 0.893475 1.227696
1.037231 0.423462 0.487305 1.060719 0.711318 1.113981
1.041626 0.423096 0.435791 0.916112 0.575499 1.021039
1.039795 0.427124 0.406860 0.732889 0.518775 0.919308
1.008667 0.431030 0.394043 0.532889 0.505459 0.810919
0.976074 0.425659 0.402222 0.324368 0.481225 0.703595
0.941040 0.446777 0.423218 0.121704 0.416245 0.606924
0.916626 0.477539 0.462402 -0.071638 0.309454 0.509987
0.919067 0.497314 0.535767 -0.251398 0.169374 0.402929
0.920654 0.526123 0.640747 -0.403728 -0.006125 0.284421
0.928467 0.552979 0.775146 -0.484953 -0.250599 0.147803
0.952393 0.584839 0.911987 -0.464181 -0.582157 -0.006125
0.984497 0.632568 1.033081 -0.346738 -0.958988 -0.174967
1.026001 0.668579 1.133423 -0.187217 -1.313715 -0.364048
1.066040 0.697144 1.236572 -0.040479 -1.570706 -0.595473
1.096069 0.703735 1.329102 0.063382 -1.687883 -0.860985
1.113159 0.681885 1.417114 0.128096 -1.669507 -1.143542
1.109253 0.633667 1.494019 0.186684 -1.541411 -1.425832
1.049927 0.625488 1.552246 0.270040 -1.311851 -1.654061
0.989868 0.580200 1.592163 0.399734 -1.036218 -1.792543
0.924561 0.542480 1.594116 0.586418 -0.755260 -1.870306
0.843628 0.521729 1.567749 0.817044 -0.483888 -1.917177
0.767944 0.496338 1.513794 1.054061 -0.259387 -1.936352
0.696655 0.461914 1.456909 1.263915 -0.099334 -1.923302
0.634644 0.437256 1.377930 1.434354 -0.010652 -1.893742
0.570435 0.418213 1.308472 1.562450 0.030360 -1.868442
0.511597 0.383789 1.237915 1.665246 0.032490 -1.854594
0.448242 0.366699 1.152954 1.754993 0.010919 -1.865513
0.386597 0.336304 1.070923 1.818109 -0.003196 -1.884687
0.330078 0.289795 0.985352 1.838881 0.022903 -1.910253
0.267944 0.252319 0.906494 1.818642 0.094008 -1.948868
0.195923 0.216919 0.826416 1.765646 0.200266 -1.982423
0.122681 0.176514 0.755005 1.694008 0.327031 -2.013582
0.046387 0.151978 0.692383 1.617044 0.457790 -2.023702
-0.017700 0.121704 0.628052 1.543808 0.557656 -1.989348
-0.077148 0.099731 0.548340 1.493742 0.614647 -1.912117
-0.123779 0.096802 0.468506 1.462583 0.639148 -1.796005
-0.162842 0.092651 0.397095 1.420240 0.630093 -1.652197
-0.206177 0.103149 0.344116 1.357923 0.551798 -1.494008
-0.228760 0.113525 0.298706 1.280692 0.375766 -1.316112
-0.219849 0.130371 0.257202 1.197603 0.145939 -1.123036
-0.200684 0.161743 0.230469 1.094008 -0.052197 -0.928629
-0.175415 0.190552 0.207642 0.975499 -0.158189 -0.766711
-0.162598 0.202637 0.192017 0.874567 -0.165646 -0.653529
-0.148926 0.232788 0.182617 0.789880 -0.108389 -0.577630
-0.152222 0.263428 0.177734 0.698535 -0.025566 -0.533156
-0.166748 0.291870 0.177246 0.616245 0.032490 -0.494008
-0.179077 0.343628 0.178101 0.538216 0.038349 -0.426631
-0.178711 0.407104 0.184692 0.458589 0.005859 -0.325166
-0.165894 0.456421 0.200439 0.374168 -0.043941 -0.210120
-0.147705 0.503784 0.227417 0.289481 -0.086818 -0.108389
-0.125610 0.556885 0.267578 0.214115 -0.117443 -0.024234
-0.100220 0.585083 0.305908 0.159521 -0.146471 0.056458
-0.077759 0.613525 0.347412 0.133688 -0.166445 0.123302
-0.048462 0.654785 0.376343 0.127830 -0.174168 0.174700
-0.016846 0.693726 0.400879 0.115313 -0.160320 0.231957
0.012329 0.730103 0.417847 0.089481 -0.121438 0.276165
0.049805 0.764526 0.438721 0.052730 -0.054328 0.306525
0.083252 0.789917 0.447998 0.002663 0.038615 0.327563
0.100708 0.807983 0.464722 -0.053262 0.140080 0.317177
0.108032 0.818848 0.487427 -0.101731 0.225300 0.276698
0.107056 0.829712 0.492432 -0.136884 0.277497 0.217577
0.096680 0.835205 0.508667 -0.164847 0.292943 0.153395
0.080688 0.843262 0.528198 -0.181891 0.258589 0.105992
0.085693 0.840698 0.542236 -0.178695 0.174967 0.090546
0.099365 0.833252 0.552246 -0.158722 0.077763 0.087883
0.117432 0.821777 0.549805 -0.134754 -0.000799 0.088682
0.130737 0.812622 0.563477 -0.117443 -0.042610 0.074567
0.144409 0.805054 0.569580 -0.111851 -0.054061 0.040479
