0.114746 0.782227 0.588623 -0.194141 0.228762 0.082024
0.152466 0.727905 0.576416 -0.255925 0.196804 0.126232
0.128784 0.723511 0.632690 -0.235686 0.169374 0.173103
0.127808 0.717407 0.633911 -0.119308 0.073236 0.202663
0.128906 0.701294 0.619141 0.037284 -0.055126 0.247936
0.134888 0.711426 0.577148 0.184288 -0.171238 0.284687
0.148315 0.713135 0.536255 0.270306 -0.243941 0.323036
0.164063 0.719604 0.502930 0.282024 -0.268708 0.362184
0.200073 0.719238 0.469482 0.232224 -0.257790 0.382157
0.223511 0.715210 0.449463 0.150999 -0.208522 0.377097
0.238892 0.697144 0.451416 0.059121 -0.154194 0.362450
0.256714 0.683350 0.442505 -0.014115 -0.141145 0.350999
0.264404 0.647583 0.440918 -0.047137 -0.155526 0.335553
0.283813 0.600464 0.437378 -0.042077 -0.215446 0.313715
0.295776 0.543213 0.419067 -0.004261 -0.328629 0.289214
0.318481 0.491821 0.391846 0.061518 -0.484154 0.260453
0.336182 0.446411 0.351318 0.137150 -0.671904 0.229827
0.348633 0.409912 0.302612 0.211185 -0.863116 0.196804
0.358398 0.379272 0.259766 0.269774 -1.053529 0.158988
0.374878 0.352295 0.201660 0.296138 -1.229028 0.113715
0.393555 0.327881 0.138672 0.285752 -1.381092 0.052996
0.406494 0.307495 0.073608 0.222370 -1.459388 -0.025033
0.410156 0.288696 0.019531 0.093209 -1.444208 -0.106258
0.391602 0.277222 -0.023682 -0.091877 -1.342477 -0.187483
0.367188 0.268433 -0.042725 -0.308655 -1.176831 -0.250067
0.336182 0.273438 -0.047729 -0.528096 -1.013049 -0.254328
0.325562 0.273560 -0.035767 -0.733955 -0.895073 -0.176565
0.344238 0.269653 -0.033936 -0.926232 -0.846605 -0.045806
0.357056 0.294922 -0.025879 -1.117710 -0.844740 0.065246
0.368652 0.326294 -0.009033 -1.312384 -0.866312 0.124900
0.381348 0.323364 0.021362 -1.503595 -0.928895 0.142477
0.385132 0.321045 0.063110 -1.662583 -1.056724 0.104660
0.372437 0.328491 0.118530 -1.775499 -1.248469 0.015979
0.362549 0.332275 0.149414 -1.845007 -1.496937 -0.078828
0.366699 0.333618 0.173950 -1.903862 -1.733688 -0.137949
0.396118 0.357422 0.179199 -1.997337 -1.906525 -0.127563
0.444336 0.425781 0.182983 -2.173369 -1.953129 -0.039414
0.478149 0.468628 0.233765 -2.424767 -1.811185 0.108389
0.518433 0.490601 0.306274 -2.715579 -1.572304 0.262850
0.525879 0.511841 0.408081 -2.996005 -1.323036 0.349134
0.558594 0.504028 0.527954 -3.227963 -1.135553 0.346205
0.583740 0.477539 0.685669 -3.383489 -1.060453 0.224767
0.597900 0.433472 0.856812 -3.466844 -1.150732 -0.013848
0.610474 0.418701 1.026123 -3.509987 -1.414381 -0.271904
0.593872 0.414307 1.185425 -3.527830 -1.749401 -0.456991
0.570435 0.448730 1.330688 -3.501997 -2.087350 -0.548602
0.557251 0.471313 1.456299 -3.396804 -2.320373 -0.554461
0.565430 0.483887 1.533936 -3.184820 -2.389348 -0.505726
0.584961 0.487305 1.605225 -2.918509 -2.250067 -0.427963
0.598389 0.468384 1.655762 -2.654061 -1.950999 -0.348602
0.611328 0.465332 1.677002 -2.425566 -1.563249 -0.288948
0.613281 0.474487 1.693970 -2.271638 -1.097204 -0.245539
0.588257 0.482544 1.729980 -2.204261 -0.593875 -0.216511
0.543213 0.464233 1.798218 -2.190146 -0.135819 -0.203462
0.479858 0.438721 1.864258 -2.138482 0.197870 -0.211451
0.403931 0.419434 1.912354 -1.980027 0.381358 -0.221305
0.327881 0.395020 1.935913 -1.694807 0.406391 -0.220772
0.263916 0.374146 1.913818 -1.315047 0.307057 -0.207190
0.209717 0.368286 1.871704 -0.905459 0.142477 -0.176565
0.190918 0.357178 1.802002 -0.535553 -0.015446 -0.115313
0.189941 0.365967 1.715576 -0.258056 -0.084421 -0.039947
0.185425 0.365845 1.649292 -0.086818 0.012783 0.036751
0.183105 0.339844 1.594116 0.002397 0.260186 0.104927
0.160889 0.311035 1.543091 0.047936 0.594674 0.156591
0.127563 0.281006 1.503052 0.082290 0.968309 0.200266
0.077515 0.220581 1.472290 0.118242 1.303329 0.259654
0.022949 0.176392 1.445557 0.163782 1.522770 0.317443
-0.032593 0.134888 1.425903 0.235153 1.617310 0.383755
-0.086304 0.079834 1.432739 0.329694 1.624234 0.468975
-0.119141 0.029663 1.374146 0.442344 1.549134 0.561651
-0.162964 0.028931 1.328735 0.544075 1.507057 0.677230
-0.195801 0.047485 1.260254 0.603196 1.562983 0.822370
-0.200073 -0.004517 1.211060 0.593608 1.757124 1.045539
-0.187500 -0.021118 1.148560 0.540613 2.046072 1.341411
-0.151001 -0.032593 1.111938 0.468708 2.395473 1.717177
-0.099487 -0.011108 1.084595 0.426365 2.711318 2.171505
0.004883 0.023315 1.063477 0.455659 2.896671 2.685220
0.152832 0.044922 1.026489 0.519574 2.911851 3.171771
0.308228 0.065308 1.022461 0.606125 2.863648 3.473236
0.450195 0.082642 0.950806 0.728096 2.741678 3.502796
0.549072 0.107300 0.876343 0.821838 2.585087 3.238615
0.569214 0.145874 0.816650 0.849800 2.419707 2.787483
0.559814 0.221436 0.788818 0.793076 2.202663 2.346205
0.588745 0.289307 0.747314 0.693209 1.891611 2.091079
0.655396 0.315796 0.701294 0.574168 1.560320 2.001065
0.733643 0.349731 0.674072 0.432490 1.301731 1.964314
0.813232 0.386719 0.653442 0.300932 1.163782 1.884687
0.874023 0.395752 0.629883 0.176032 1.189348 1.700133
0.891357 0.397705 0.624512 0.011984 1.337150 1.419174
0.855591 0.388794 0.666626 -0.171505 1.502796 1.092943
0.780396 0.374390 0.753296 -0.297736 1.538748 0.813582
0.731323 0.354248 0.836060 -0.308123 1.323036 0.654328
0.714355 0.344116 0.912598 -0.214647 0.898269 0.619441
0.752197 0.329712 0.959106 -0.049534 0.376565 0.668176
0.805176 0.348145 0.975586 0.131824 -0.103862 0.718775
0.851685 0.375732 0.970825 0.268975 -0.406391 0.722503
0.900635 0.411621 0.974121 0.305193 -0.482290 0.671105
0.933716 0.430298 1.012573 0.213316 -0.344607 0.559521
0.917236 0.437012 1.103149 0.038083 -0.098003 0.374700
0.877319 0.436646 1.245117 -0.113182 0.117443 0.171771
0.839355 0.434326 1.385742 -0.144075 0.188815 0.039148
0.814941 0.433594 1.500122 -0.011185 0.106525 -0.008788
0.813599 0.439575 1.596680 0.268442 -0.088415 -0.018908
0.826538 0.465088 1.615356 0.635419 -0.321704 -0.054594
0.840454 0.498657 1.598022 0.996272 -0.494807 -0.134754
0.849243 0.546265 1.555176 1.285220 -0.544873 -0.256991
0.841431 0.583374 1.508667 1.474301 -0.465246 -0.415446
0.817261 0.579712 1.480469 1.583755 -0.314514 -0.601065
0.765381 0.567505 1.460449 1.651931 -0.175233 -0.794407
0.713989 0.557251 1.443237 1.713715 -0.095872 -0.974434
0.663696 0.535645 1.408081 1.791744 -0.064447 -1.135020
0.618408 0.502441 1.370361 1.875633 -0.048202 -1.292676
0.568970 0.479736 1.318848 1.957124 -0.018375 -1.444740
0.513428 0.443604 1.265625 2.035153 0.037017 -1.571505
0.461548 0.411987 1.192261 2.104394 0.109720 -1.675899
0.402588 0.387329 1.123413 2.143009 0.218376 -1.777896
0.330688 0.358032 1.052734 2.139814 0.351798 -1.867909
0.243774 0.344482 0.983521 2.104927 0.491611 -1.947537
0.148682 0.343262 0.923096 2.052197 0.624767 -2.001332
0.061279 0.342529 0.859619 2.000000 0.726764 -2.017843
-0.006226 0.309692 0.802856 1.949933 0.795473 -2.018109
-0.065063 0.271973 0.732178 1.914514 0.815979 -2.021837
-0.128662 0.243286 0.661743 1.886818 0.814115 -2.035419
-0.188965 0.221680 0.597290 1.860719 0.801864 -2.041811
-0.264648 0.210938 0.534668 1.823968 0.782956 -2.016511
-0.337769 0.215332 0.492310 1.781358 0.742477 -1.951531
-0.389648 0.203125 0.428833 1.734221 0.666578 -1.833822
-0.441406 0.209595 0.390015 1.694807 0.573635 -1.657790
-0.463135 0.225708 0.330811 1.660186 0.449001 -1.418908
-0.457520 0.244019 0.284180 1.577097 0.335020 -1.133156
-0.426025 0.261353 0.234375 1.455393 0.263382 -0.826897
-0.380005 0.274902 0.200928 1.303595 0.247137 -0.540613
-0.331787 0.295410 0.179077 1.122503 0.295340 -0.313715
-0.288208 0.318481 0.171631 0.917443 0.381358 -0.178162
-0.263550 0.335327 0.185059 0.703063 0.474035 -0.147803
-0.251099 0.354736 0.214233 0.506525 0.528895 -0.198136
-0.257080 0.378418 0.239136 0.357656 0.516911 -0.278296
-0.270264 0.393066 0.287109 0.258056 0.438083 -0.344607
-0.285034 0.392212 0.335083 0.221838 0.291079 -0.376831
-0.302490 0.427002 0.375610 0.265513 0.075100 -0.354194
-0.303345 0.459717 0.399048 0.365379 -0.180826 -0.255393
-0.266968 0.484497 0.393799 0.475100 -0.410120 -0.113981
-0.229004 0.516968 0.379883 0.552597 -0.548868 0.019707
-0.180786 0.547363 0.354248 0.569640 -0.574967 0.117443
-0.141968 0.575928 0.337769 0.508389 -0.487084 0.144075
-0.126831 0.599854 0.339600 0.376298 -0.321971 0.096937
-0.144531 0.630127 0.357788 0.220772 -0.146738 0.020240
-0.174683 0.657227 0.389160 0.084421 -0.017044 -0.034621
-0.192383 0.672607 0.417236 -0.007723 0.033023 -0.038615
-0.192017 0.687012 0.453979 -0.056724 0.001864 0.014381
