0.498169 0.824097 -0.014282 -0.129694 -0.903595 0.020240
0.453979 0.792603 0.049072 -0.059654 -0.776298 -0.006125
0.416626 0.827148 0.038940 0.106258 -0.674301 -0.016245
0.389282 0.849609 -0.000122 0.260985 -0.585353 0.037284
0.381226 0.854736 -0.036377 0.365912 -0.491877 0.114248
0.401855 0.828491 -0.046509 0.407190 -0.414381 0.195206
0.414795 0.804810 -0.062744 0.382423 -0.367776 0.238881
0.425903 0.776978 -0.068359 0.326232 -0.335553 0.240479
0.444092 0.719238 -0.055176 0.265513 -0.325166 0.204261
0.457153 0.653442 -0.054932 0.211451 -0.337949 0.140613
0.463867 0.588501 -0.043701 0.175766 -0.346738 0.068176
0.471191 0.509521 -0.043579 0.153395 -0.370972 0.002929
0.452271 0.448120 -0.068848 0.143009 -0.404261 -0.070306
0.415894 0.422607 -0.103394 0.118242 -0.398136 -0.154727
0.370239 0.376587 -0.109619 0.063116 -0.350732 -0.217310
0.308105 0.339722 -0.147705 0.014647 -0.316378 -0.239947
0.252808 0.311646 -0.158081 -0.014913 -0.309454 -0.205859
0.214111 0.279053 -0.202393 -0.017310 -0.370439 -0.108389
0.175293 0.246704 -0.233154 -0.021838 -0.462317 0.037550
0.141235 0.219116 -0.245239 -0.015180 -0.614913 0.219174
0.132202 0.180054 -0.275269 0.004261 -0.845007 0.435686
0.135864 0.156982 -0.314087 0.028229 -1.077230 0.680426
0.131714 0.137207 -0.351563 0.045539 -1.231158 0.943808
0.130859 0.140015 -0.374756 0.048469 -1.319840 1.200799
0.135376 0.169189 -0.408325 0.007723 -1.349667 1.436751
0.129517 0.210938 -0.410400 -0.106258 -1.283355 1.666844
0.116089 0.226074 -0.402588 -0.263382 -1.192011 1.914248
0.123779 0.208008 -0.359619 -0.403728 -1.164581 2.185353
0.141846 0.186279 -0.340332 -0.492943 -1.267643 2.465513
0.200684 0.186157 -0.339600 -0.518775 -1.473236 2.743808
0.281494 0.182007 -0.389526 -0.477497 -1.697470 3.011984
0.374512 0.273804 -0.497437 -0.401864 -1.836751 3.235420
0.474609 0.441528 -0.650513 -0.448469 -1.762983 3.374700
0.592407 0.552612 -0.736816 -0.731292 -1.398935 3.452996
0.706299 0.562012 -0.769165 -1.191744 -0.828229 3.509188
0.796143 0.589966 -0.647461 -1.747803 -0.204527 3.541411
0.914429 0.595459 -0.486694 -2.269507 0.188282 3.571771
1.081177 0.583740 -0.356201 -2.584288 0.294541 3.574434
1.244141 0.588135 -0.252441 -2.672969 0.245273 3.521971
1.434204 0.678345 -0.222046 -2.659388 0.177097 3.404527
1.564087 0.766235 -0.159058 -2.674567 0.208522 3.216245
1.668701 0.842163 -0.020264 -2.833822 0.241278 2.939015
1.763428 0.863159 0.177124 -3.099601 0.198402 2.582956
1.858887 0.845459 0.355591 -3.324101 0.055925 2.183489
1.898438 0.810059 0.514526 -3.391212 -0.103862 1.743009
1.877930 0.798584 0.631226 -3.254594 -0.239680 1.311851
1.811279 0.779419 0.701660 -2.959521 -0.290546 0.964314
1.705688 0.799316 0.720825 -2.609055 -0.262051 0.706791
1.583130 0.853882 0.750122 -2.324101 -0.175233 0.533422
1.476807 0.856567 0.772949 -2.144075 -0.086019 0.428229
1.357544 0.841431 0.821045 -2.017843 0.002929 0.327830
1.260986 0.843628 0.883057 -1.884154 0.061784 0.226897
1.169067 0.818848 0.949951 -1.672703 0.110519 0.182423
1.098999 0.809692 0.990845 -1.413049 0.133422 0.162450
1.058960 0.780396 1.019897 -1.147803 0.188016 0.167244
1.038696 0.763916 1.039429 -0.950466 0.309720 0.169640
1.040894 0.744263 1.066040 -0.856991 0.548868 0.154194
1.050659 0.673706 1.115845 -0.836485 0.930759 0.124900
1.041016 0.598145 1.197021 -0.846605 1.385353 0.071372
0.976807 0.549194 1.275024 -0.815446 1.798402 -0.007723
0.872314 0.506470 1.371338 -0.677230 2.095340 -0.062583
0.778931 0.464600 1.445679 -0.361385 2.207989 -0.079893
0.702148 0.411987 1.465088 0.149134 2.132357 -0.043675
0.660522 0.358154 1.423218 0.803728 1.926764 0.034887
0.675049 0.347900 1.311890 1.497736 1.690280 0.139547
0.744995 0.354126 1.132446 2.050333 1.559787 0.264714
0.826782 0.364014 0.966309 2.366445 1.651931 0.397337
0.906372 0.383789 0.824951 2.521172 1.998935 0.516911
0.989502 0.397095 0.697144 2.520639 2.506258 0.616245
1.044067 0.400391 0.606445 2.422104 3.075899 0.672969
1.054932 0.375854 0.531982 2.315845 3.585886 0.662051
1.019653 0.343506 0.474487 2.255925 3.903063 0.606658
0.987671 0.318359 0.425781 2.290546 3.921438 0.561385
0.979004 0.292236 0.321777 2.414647 3.609055 0.587483
0.991943 0.304810 0.222046 2.601331 3.074301 0.674035
1.025879 0.331177 0.104370 2.766711 2.409055 0.753928
1.065063 0.340576 -0.028442 2.855925 1.739814 0.769907
1.126587 0.339844 -0.144531 2.832490 1.188815 0.720107
1.156494 0.346313 -0.197021 2.662317 0.808788 0.593608
1.193115 0.362549 -0.258423 2.394408 0.607723 0.428495
1.229492 0.373779 -0.306641 2.122503 0.608256 0.312117
1.237915 0.398193 -0.345825 1.899867 0.776032 0.272703
1.238281 0.426270 -0.370483 1.678296 1.025033 0.275633
1.237305 0.432861 -0.374512 1.433023 1.264181 0.294807
1.235596 0.452393 -0.328491 1.145406 1.423702 0.284421
1.212158 0.451904 -0.246338 0.838881 1.482290 0.241278
1.186035 0.443115 -0.149170 0.596804 1.395739 0.178695
1.166992 0.449097 -0.055298 0.466045 1.179494 0.117710
1.161865 0.463501 0.024902 0.443142 0.880692 0.087617
1.201904 0.494263 0.045410 0.512383 0.563782 0.101997
1.277588 0.542114 0.044434 0.636751 0.334487 0.158722
1.380493 0.597900 0.013550 0.707057 0.249800 0.221305
1.475098 0.653442 -0.014648 0.664447 0.320639 0.228495
1.547363 0.706177 -0.024902 0.524101 0.516112 0.170173
1.584351 0.747925 -0.000610 0.329694 0.746205 0.058855
1.587891 0.784302 0.050781 0.164314 0.883089 -0.094008
1.596802 0.838501 0.098633 0.064447 0.856991 -0.269774
1.609497 0.864502 0.150391 0.034887 0.665246 -0.471638
1.617554 0.889282 0.179932 0.055659 0.340879 -0.712117
1.632080 0.933105 0.217407 0.084687 -0.033555 -0.969640
1.640747 0.929688 0.257324 0.140346 -0.447670 -1.242876
1.630127 0.932983 0.272095 0.219707 -0.879095 -1.537683
1.608643 0.932251 0.291626 0.291878 -1.259920 -1.834354
1.588745 0.899902 0.290283 0.329960 -1.533955 -2.121172
1.539063 0.864502 0.301147 0.323302 -1.684687 -2.398935
1.479370 0.830322 0.311890 0.270839 -1.733955 -2.651132
1.401367 0.794434 0.346558 0.183222 -1.705459 -2.875633
1.323975 0.746826 0.372681 0.091079 -1.630360 -3.060719
1.232056 0.693970 0.411865 0.036485 -1.550200 -3.209321
1.115234 0.652710 0.454956 0.013316 -1.479893 -3.338482
1.003784 0.622314 0.492188 0.012517 -1.462317 -3.448202
0.886230 0.570435 0.545654 0.033023 -1.490280 -3.544341
0.778687 0.521851 0.567505 0.068708 -1.551265 -3.635952
0.664429 0.476929 0.601196 0.104394 -1.588815 -3.714248
0.560913 0.424438 0.619263 0.143009 -1.586951 -3.755526
0.453003 0.358521 0.649536 0.182423 -1.542210 -3.759521
0.328735 0.345459 0.644531 0.263116 -1.472170 -3.718509
0.213501 0.338745 0.618408 0.370706 -1.365646 -3.622903
0.114746 0.311768 0.582764 0.488415 -1.230892 -3.457257
0.007324 0.312378 0.526123 0.610386 -1.087617 -3.250865
-0.076660 0.339844 0.462158 0.724101 -0.915579 -2.989614
-0.134644 0.331177 0.388062 0.794940 -0.743808 -2.659654
-0.184814 0.305298 0.345459 0.842610 -0.588016 -2.301198
-0.247803 0.312012 0.316772 0.875632 -0.509720 -1.933422
-0.279663 0.311890 0.291138 0.890280 -0.523302 -1.552064
-0.275513 0.301636 0.250977 0.899068 -0.601598 -1.163515
-0.246094 0.312134 0.208862 0.887084 -0.678029 -0.823968
-0.208374 0.328247 0.178345 0.835419 -0.707324 -0.557390
-0.163574 0.355957 0.151245 0.754727 -0.673768 -0.362184
-0.121582 0.390381 0.118164 0.669774 -0.580559 -0.219441
-0.081055 0.421997 0.087524 0.585087 -0.433822 -0.137683
-0.048218 0.463867 0.060669 0.482024 -0.255393 -0.109188
-0.025757 0.505737 0.035645 0.350999 -0.086019 -0.116911
-0.013550 0.529053 0.039673 0.204794 0.052463 -0.131025
0.005981 0.531860 0.057617 0.072703 0.111851 -0.134221
0.012207 0.563477 0.075928 -0.022903 0.083089 -0.130759
0.024536 0.593506 0.085449 -0.062583 -0.003462 -0.105992
0.036865 0.617554 0.090698 -0.052730 -0.102796 -0.068176
0.046631 0.669312 0.078857 -0.019441 -0.178961 -0.029294
0.068237 0.680542 0.067871 0.004261 -0.199201 0.024501
0.088501 0.723145 0.047607 0.006924 -0.163249 0.077497
0.100708 0.761597 0.033325 -0.019707 -0.062850 0.122237
0.108643 0.788330 0.034668 -0.059654 0.065513 0.151531
0.105591 0.818481 0.025879 -0.095872 0.194940 0.168575
0.095093 0.849365 0.024414 -0.120107 0.305459 0.195473
0.083374 0.888794 0.019043 -0.134754 0.370706 0.237816
0.076660 0.904419 0.026001 -0.137150 0.384021 0.303862
0.091675 0.932251 0.028076 -0.114514 0.336618 0.374700
0.117310 0.952393 0.028442 -0.070573 0.262051 0.437816
0.156738 0.968140 0.020874 -0.029827 0.182423 0.484421
