0.431763 0.774536 -0.054932 -0.024234 -0.307324 0.135819
0.505371 0.707520 -0.115234 -0.025832 -0.336884 0.170706
0.479736 0.696899 -0.120972 -0.011718 -0.249534 0.160586
0.478638 0.686890 -0.134399 -0.001332 -0.163515 0.128628
0.468628 0.641479 -0.162842 -0.023968 -0.068708 0.107856
0.456421 0.592651 -0.176758 -0.094008 0.036485 0.087883
0.439819 0.513672 -0.162476 -0.196538 0.127031 0.076964
0.425049 0.427856 -0.170898 -0.309720 0.163515 0.075632
0.389404 0.375366 -0.165405 -0.406658 0.160053 0.070573
0.352051 0.321899 -0.163574 -0.487084 0.129161 0.080692
0.317993 0.281372 -0.183105 -0.563515 0.081225 0.114780
0.279297 0.253296 -0.198853 -0.643142 0.027164 0.174168
0.244141 0.236206 -0.208740 -0.734487 -0.031691 0.264447
0.213623 0.224487 -0.215820 -0.821039 -0.099601 0.391744
0.197754 0.213013 -0.222900 -0.883622 -0.184820 0.557923
0.202026 0.192139 -0.240601 -0.920639 -0.283356 0.752330
0.235718 0.172607 -0.252808 -0.942477 -0.379760 0.948868
0.271118 0.152710 -0.263550 -0.973901 -0.471904 1.113182
0.303711 0.149780 -0.273560 -1.042876 -0.556059 1.223702
0.321411 0.177002 -0.289063 -1.162983 -0.605593 1.287883
0.338501 0.227051 -0.291748 -1.341944 -0.594674 1.330759
0.355469 0.274414 -0.295898 -1.568043 -0.516112 1.400799
0.378540 0.315796 -0.299927 -1.796804 -0.357390 1.514514
0.409668 0.366455 -0.310181 -1.989880 -0.128895 1.665779
0.451416 0.405762 -0.318726 -2.149933 0.136884 1.847403
0.507690 0.438965 -0.308350 -2.328096 0.399467 2.017310
0.559570 0.490479 -0.265015 -2.567776 0.629561 2.116911
0.616211 0.531982 -0.188110 -2.859121 0.756591 2.109454
0.674927 0.530151 -0.076172 -3.108922 0.735286 2.015712
0.724854 0.530640 0.065063 -3.274833 0.546738 1.887883
0.788696 0.518433 0.205811 -3.398669 0.175766 1.791212
0.874756 0.510986 0.333252 -3.505459 -0.290013 1.754194
0.975830 0.505615 0.423340 -3.563782 -0.736884 1.757923
1.074585 0.534058 0.493774 -3.540346 -1.027696 1.757390
1.205566 0.580322 0.546509 -3.462850 -1.088682 1.741411
1.317017 0.602539 0.587280 -3.364314 -0.895073 1.720905
1.355347 0.705811 0.637573 -3.317710 -0.514248 1.647137
1.378174 0.799194 0.690186 -3.401864 -0.058589 1.494541
1.391602 0.807129 0.819092 -3.554461 0.391212 1.283622
1.355103 0.794189 0.955811 -3.695872 0.727830 1.020506
1.280029 0.777954 1.120972 -3.725699 0.860985 0.743542
1.213257 0.716064 1.286499 -3.549667 0.690280 0.496937
1.157227 0.679443 1.402710 -3.170439 0.218908 0.334754
1.131104 0.676025 1.452271 -2.646072 -0.365912 0.259121
1.136719 0.695435 1.459106 -2.094008 -0.863116 0.243409
1.161255 0.726563 1.427856 -1.643675 -1.139814 0.231957
1.175903 0.750488 1.400146 -1.370706 -1.132357 0.173103
1.157471 0.760376 1.391724 -1.257790 -0.851931 0.042344
1.107178 0.736084 1.412354 -1.245007 -0.386418 -0.129161
1.011353 0.694580 1.461060 -1.244208 0.123302 -0.305459
0.885132 0.652710 1.515137 -1.166445 0.544607 -0.437816
0.758423 0.618286 1.556274 -0.967776 0.823169 -0.491345
0.657959 0.580933 1.570801 -0.659654 0.966977 -0.453795
0.585449 0.544678 1.572021 -0.276431 0.998935 -0.351531
0.551514 0.515625 1.555054 0.139547 0.954194 -0.227430
0.546509 0.485107 1.503662 0.528362 0.895606 -0.118509
0.540649 0.466187 1.453369 0.855393 0.884421 -0.054860
0.532471 0.445679 1.395142 1.110253 0.930759 -0.015712
0.526489 0.417725 1.349121 1.307856 1.045806 0.024767
0.519653 0.388184 1.291504 1.475100 1.203995 0.076165
0.516724 0.356812 1.230103 1.627696 1.410653 0.134754
0.499512 0.309326 1.161011 1.764048 1.662051 0.216245
0.486938 0.270996 1.091919 1.876964 1.895339 0.310253
0.476929 0.242676 1.007446 1.989880 2.095872 0.435153
0.492065 0.228271 0.905396 2.081225 2.275899 0.592543
0.521240 0.243652 0.789429 2.182423 2.453262 0.791212
0.568604 0.252563 0.676514 2.276431 2.619441 1.011984
0.624634 0.248413 0.555054 2.329694 2.755526 1.202663
0.670654 0.255859 0.465332 2.304661 2.842344 1.347004
0.718140 0.258911 0.384888 2.240213 2.880160 1.432224
0.778320 0.271973 0.307129 2.126232 2.862051 1.450067
0.824951 0.272217 0.249390 1.990679 2.802663 1.423702
0.865234 0.301147 0.193848 1.867377 2.694807 1.343808
0.895752 0.350830 0.152466 1.744607 2.548602 1.234620
0.922607 0.365234 0.094971 1.599734 2.378429 1.108921
0.925293 0.382813 0.088257 1.391212 2.224501 0.944607
0.906982 0.394287 0.098633 1.131558 2.072170 0.787483
0.889771 0.398315 0.149658 0.863915 1.888415 0.659654
0.889771 0.403076 0.206177 0.632490 1.655659 0.584288
0.919922 0.402832 0.256714 0.500133 1.402130 0.601864
0.978516 0.402100 0.293091 0.482823 1.149667 0.705459
1.049438 0.405762 0.310059 0.528895 0.916112 0.828229
1.130127 0.425049 0.306396 0.566178 0.734221 0.895606
1.189697 0.445557 0.330078 0.557390 0.633822 0.859920
1.221069 0.497437 0.351318 0.488149 0.563515 0.741411
1.245972 0.554077 0.392090 0.380826 0.497736 0.590146
1.278198 0.593140 0.433838 0.277230 0.419707 0.430626
1.326782 0.631470 0.471069 0.185885 0.333422 0.264181
1.367798 0.659058 0.507202 0.083622 0.257790 0.085752
1.397705 0.683472 0.548706 -0.023702 0.201864 -0.099068
1.421631 0.713867 0.593018 -0.130493 0.159787 -0.286818
1.413208 0.737183 0.654419 -0.226099 0.140613 -0.467909
1.374023 0.758667 0.730835 -0.259387 0.132889 -0.631691
1.339233 0.779053 0.793579 -0.183755 0.087084 -0.785886
1.314453 0.785156 0.855347 -0.020506 0.005859 -0.955260
1.296265 0.793335 0.892334 0.193875 -0.113449 -1.152064
1.261230 0.792969 0.908569 0.406658 -0.227696 -1.372304
1.207520 0.802246 0.905396 0.597071 -0.318509 -1.592277
1.130981 0.798218 0.905518 0.754194 -0.386152 -1.789081
1.057495 0.785156 0.902588 0.882823 -0.445007 -1.942210
0.993530 0.773071 0.890991 1.005060 -0.492410 -2.046871
0.942993 0.765259 0.864502 1.132890 -0.522503 -2.113449
0.902344 0.749512 0.824341 1.255659 -0.517177 -2.156059
0.861206 0.738159 0.776855 1.350999 -0.467111 -2.207457
0.806274 0.728760 0.722412 1.388282 -0.385885 -2.272703
0.732910 0.715332 0.695068 1.352597 -0.297470 -2.356059
0.646851 0.682251 0.684814 1.271105 -0.225566 -2.456724
0.548096 0.651855 0.690674 1.195206 -0.195473 -2.555792
0.454590 0.614258 0.696533 1.179760 -0.227963 -2.625033
0.370972 0.574219 0.680176 1.229028 -0.314514 -2.649800
0.287598 0.547241 0.651489 1.310786 -0.423968 -2.639680
0.222778 0.522705 0.603027 1.403995 -0.541145 -2.602663
0.159546 0.505371 0.550415 1.475633 -0.635419 -2.554727
0.090698 0.494629 0.474365 1.527297 -0.677497 -2.503062
0.024902 0.475708 0.420288 1.543542 -0.664447 -2.431159
-0.033569 0.463379 0.362305 1.509720 -0.615180 -2.334221
-0.086548 0.454346 0.306396 1.432756 -0.539015 -2.213582
-0.149658 0.452881 0.281860 1.328895 -0.430626 -2.055126
-0.187622 0.442261 0.246338 1.205060 -0.328096 -1.845273
-0.196167 0.437378 0.225342 1.034887 -0.206658 -1.599201
-0.184570 0.444214 0.208984 0.823968 -0.054328 -1.318242
-0.168213 0.432251 0.228638 0.588016 0.117177 -1.009853
-0.131348 0.405884 0.282715 0.354727 0.264181 -0.737683
-0.106812 0.392334 0.337036 0.187217 0.346205 -0.570439
-0.083130 0.386597 0.397339 0.113182 0.355260 -0.508389
-0.073730 0.391479 0.436401 0.131292 0.286551 -0.541411
-0.092163 0.415161 0.447876 0.228229 0.162184 -0.628495
-0.112549 0.443726 0.441284 0.365646 -0.010652 -0.687617
-0.126587 0.465576 0.424438 0.503329 -0.211185 -0.676431
-0.123779 0.493408 0.391724 0.635419 -0.414381 -0.577363
-0.099854 0.531982 0.346924 0.734221 -0.573103 -0.421571
-0.064331 0.573853 0.292847 0.768842 -0.641278 -0.274035
-0.026855 0.617065 0.247803 0.738748 -0.603995 -0.158988
0.000977 0.656982 0.214722 0.656192 -0.472437 -0.080160
0.024170 0.693848 0.191406 0.535286 -0.285486 -0.041811
0.034668 0.716675 0.182983 0.389081 -0.078562 -0.040479
0.024780 0.737183 0.190308 0.240479 0.098003 -0.050599
0.021118 0.769897 0.198853 0.113449 0.206391 -0.043941
0.021606 0.789673 0.211182 0.018375 0.252197 -0.017843
0.021729 0.805176 0.223145 -0.033555 0.234887 0.019441
0.018311 0.830322 0.232300 -0.039680 0.165379 0.077230
0.033203 0.843506 0.243652 -0.016511 0.059387 0.146738
0.058350 0.853394 0.237915 0.014647 -0.056458 0.197870
0.082031 0.879883 0.227173 0.034354 -0.147004 0.204794
0.096924 0.900513 0.218140 0.017843 -0.185885 0.175233
0.104736 0.906982 0.231934 -0.028762 -0.175499 0.134221
0.095947 0.916016 0.245605 -0.076698 -0.144873 0.101198
0.092773 0.926392 0.261475 -0.111585 -0.118775 0.092943
0.094971 0.933716 0.277100 -0.132623 -0.103063 0.104394
0.106812 0.927002 0.294189 -0.147803 -0.093209 0.129694
