0.279419 0.836060 0.341919 0.048469 -0.123835 0.135286
0.256714 0.828003 0.378662 -0.027963 0.040213 0.133422
0.247070 0.819336 0.387573 -0.003196 0.138482 0.121971
0.236816 0.788574 0.389771 0.085220 0.150200 0.146738
0.240356 0.774536 0.376953 0.209587 0.080959 0.185619
0.242065 0.763306 0.342773 0.338482 -0.013316 0.224501
0.248535 0.757080 0.306763 0.425566 -0.090546 0.255393
0.264771 0.723267 0.271362 0.439947 -0.139547 0.282823
0.282959 0.699219 0.224976 0.392810 -0.157124 0.301198
0.285889 0.677856 0.189941 0.298269 -0.124368 0.305459
0.292603 0.627808 0.169434 0.173369 -0.096405 0.307590
0.299683 0.569946 0.156250 0.051931 -0.117177 0.328895
0.313965 0.498901 0.137085 -0.040746 -0.177097 0.360852
0.330566 0.451416 0.106812 -0.095872 -0.290013 0.393076
0.342896 0.397095 0.086914 -0.129161 -0.410652 0.423169
0.359619 0.338501 0.075195 -0.133422 -0.568043 0.447936
0.371094 0.299316 0.025879 -0.110786 -0.768043 0.459654
0.376953 0.281006 -0.027100 -0.104660 -0.971238 0.444208
0.388428 0.268677 -0.079712 -0.147270 -1.144341 0.400000
0.410889 0.255859 -0.151245 -0.258322 -1.249534 0.335819
0.423462 0.252319 -0.192139 -0.443142 -1.240479 0.280160
0.417969 0.256226 -0.223145 -0.693475 -1.151798 0.243941
0.398438 0.276123 -0.208984 -0.988549 -1.041811 0.231957
0.379883 0.307495 -0.178345 -1.289747 -0.957923 0.272969
0.385376 0.347412 -0.129395 -1.552597 -0.918775 0.397869
0.419189 0.372070 -0.087646 -1.760586 -0.926498 0.570706
0.455688 0.397827 -0.052246 -1.893475 -0.970706 0.703063
0.486938 0.428101 -0.019165 -1.960852 -1.064447 0.765113
0.512939 0.445313 -0.003662 -1.995206 -1.215712 0.764581
0.534546 0.476563 0.003906 -2.031691 -1.390146 0.699068
0.555298 0.509033 0.006348 -2.121971 -1.553928 0.592543
0.561523 0.531860 0.029297 -2.278296 -1.646871 0.466578
0.564331 0.536865 0.077637 -2.515047 -1.673502 0.358455
0.560425 0.557251 0.142456 -2.794141 -1.619707 0.310519
0.570557 0.569458 0.243530 -3.080160 -1.476165 0.342743
0.570190 0.563721 0.348633 -3.324634 -1.316112 0.415446
0.559570 0.578735 0.466064 -3.488149 -1.190945 0.490280
0.567871 0.529907 0.613403 -3.570439 -1.148868 0.548868
0.606323 0.486084 0.769775 -3.592543 -1.261518 0.549401
0.634399 0.479736 0.935669 -3.575499 -1.523569 0.463116
0.692139 0.481934 1.045044 -3.515846 -1.854328 0.333688
0.744385 0.529907 1.156738 -3.436218 -2.075366 0.178695
0.786133 0.580322 1.256836 -3.421305 -2.045539 0.019707
0.816650 0.565796 1.386353 -3.486818 -1.724900 -0.128096
0.786255 0.516846 1.573975 -3.556858 -1.214115 -0.259654
0.727051 0.472290 1.781982 -3.516644 -0.719574 -0.356858
0.664917 0.426270 1.963745 -3.323302 -0.360852 -0.397071
0.590698 0.398315 2.061890 -2.953928 -0.146471 -0.394940
0.487793 0.412842 2.095459 -2.479627 -0.034621 -0.390679
0.368408 0.469727 2.068237 -1.995473 0.010386 -0.394141
0.262573 0.503052 2.015625 -1.589614 0.035153 -0.385087
0.177979 0.515137 1.969604 -1.276165 0.064980 -0.348336
0.119873 0.499146 1.943726 -1.039680 0.112916 -0.261518
0.087280 0.468506 1.916016 -0.835686 0.180826 -0.115313
0.081543 0.426147 1.883667 -0.626631 0.288948 0.073502
0.081665 0.396729 1.832275 -0.407457 0.474834 0.255127
0.051636 0.380371 1.780151 -0.190679 0.742210 0.401332
0.009277 0.361938 1.718628 0.027696 1.005593 0.533422
-0.027954 0.330933 1.678101 0.249268 1.186418 0.670839
-0.040161 0.312378 1.624146 0.454594 1.258589 0.803196
-0.023438 0.309326 1.576172 0.643409 1.282557 0.937949
0.030273 0.299683 1.502441 0.806658 1.310253 1.067643
0.077393 0.303345 1.428345 0.938482 1.368842 1.162184
0.126465 0.334595 1.351929 1.046072 1.487350 1.230360
0.175415 0.359009 1.278687 1.122770 1.645806 1.336085
0.223145 0.364136 1.209229 1.176831 1.810386 1.460719
0.276611 0.350464 1.139160 1.232224 1.949933 1.574168
0.337280 0.332642 1.080566 1.286019 2.056192 1.663382
0.400391 0.302856 1.013672 1.337683 2.124101 1.723302
0.481689 0.310547 0.936890 1.381358 2.169641 1.745140
0.575684 0.334473 0.872925 1.399467 2.212250 1.794940
0.682983 0.344482 0.776855 1.391212 2.225033 1.893742
0.785522 0.360474 0.725464 1.365113 2.234088 1.969907
0.877930 0.369019 0.645752 1.319574 2.212783 1.961651
0.954224 0.371338 0.565308 1.234620 2.159254 1.857523
0.979980 0.387329 0.485229 1.127031 2.080959 1.688149
1.000732 0.421997 0.434692 0.992543 1.989081 1.496405
1.021851 0.427734 0.395020 0.840746 1.834620 1.356325
1.052979 0.430908 0.376343 0.725433 1.617310 1.276165
1.093750 0.426392 0.362183 0.655393 1.362450 1.201332
1.117310 0.407104 0.353760 0.623169 1.109454 1.081491
1.130615 0.392700 0.338501 0.606658 0.885486 0.907856
1.101929 0.397705 0.324463 0.563782 0.720107 0.705992
1.060059 0.410767 0.308838 0.442077 0.621838 0.507590
0.989136 0.423096 0.344238 0.229827 0.613316 0.318509
0.912720 0.447998 0.399536 -0.050333 0.654328 0.149134
0.824463 0.459106 0.525635 -0.364847 0.725699 0.014913
0.742554 0.446899 0.707764 -0.633023 0.742477 -0.070040
0.679199 0.422729 0.913208 -0.778162 0.639947 -0.097470
0.643555 0.429443 1.096069 -0.757390 0.392011 -0.060186
0.673096 0.462891 1.227661 -0.572037 0.062583 0.041012
0.750732 0.502563 1.308594 -0.260186 -0.237017 0.133156
0.841064 0.565186 1.318970 0.099601 -0.392011 0.163515
0.922363 0.641724 1.323242 0.398935 -0.361651 0.109987
0.981689 0.711060 1.323853 0.565912 -0.194674 -0.009854
1.021362 0.764526 1.350342 0.613316 0.015979 -0.143542
1.053101 0.785156 1.389893 0.613848 0.184021 -0.285486
1.069824 0.777832 1.432739 0.652730 0.283089 -0.456458
1.077271 0.776367 1.457031 0.798402 0.298535 -0.662850
1.072021 0.755371 1.444824 1.027696 0.251931 -0.905459
1.051514 0.743530 1.382813 1.275899 0.193875 -1.178695
0.995850 0.741699 1.307861 1.469774 0.171505 -1.455925
0.913086 0.718872 1.248535 1.589614 0.180559 -1.709188
0.808228 0.686768 1.206787 1.679893 0.176565 -1.926232
0.710327 0.638184 1.159424 1.787217 0.116378 -2.086818
0.635132 0.593872 1.100098 1.912650 0.011718 -2.200000
0.563477 0.547607 1.044922 2.030360 -0.090812 -2.278296
0.504517 0.488037 0.956665 2.117177 -0.174434 -2.342477
0.438232 0.443237 0.883911 2.141678 -0.198935 -2.420506
0.347900 0.403931 0.812134 2.089481 -0.164048 -2.506525
0.242920 0.364380 0.761475 1.980293 -0.094541 -2.594674
0.099854 0.331543 0.729858 1.851132 -0.019707 -2.690013
-0.040039 0.280029 0.699829 1.777896 0.030360 -2.766711
-0.173218 0.221558 0.658936 1.782956 -0.001598 -2.806658
-0.292847 0.182007 0.598877 1.853262 -0.109188 -2.784820
-0.391235 0.164795 0.537598 1.943276 -0.272170 -2.668176
-0.445435 0.162598 0.451416 2.019441 -0.477763 -2.441545
-0.464966 0.173950 0.356445 2.037017 -0.654061 -2.130759
-0.460693 0.190308 0.270386 1.963782 -0.728362 -1.779494
-0.452881 0.211426 0.189941 1.795473 -0.657790 -1.441278
-0.444458 0.226440 0.147339 1.526498 -0.459654 -1.121438
-0.429443 0.244629 0.136353 1.200799 -0.198402 -0.826631
-0.398193 0.263672 0.141846 0.889747 0.054328 -0.572836
-0.362183 0.276489 0.167480 0.633555 0.251398 -0.393342
-0.338135 0.300781 0.202393 0.450599 0.352597 -0.299601
-0.330566 0.334351 0.238525 0.344341 0.348336 -0.262051
-0.322266 0.371216 0.277344 0.320373 0.240213 -0.226631
-0.294189 0.381958 0.295044 0.362716 0.051398 -0.168842
-0.244263 0.412476 0.291260 0.429294 -0.162716 -0.108921
-0.188599 0.468994 0.283447 0.462317 -0.315313 -0.066312
-0.131348 0.505981 0.279297 0.441545 -0.363515 -0.043409
-0.103516 0.548584 0.279541 0.372836 -0.315047 -0.064447
-0.104858 0.606201 0.281494 0.277230 -0.204261 -0.103329
-0.110107 0.635864 0.294189 0.169374 -0.075899 -0.112117
-0.115479 0.666382 0.307129 0.072703 0.034887 -0.094274
-0.112671 0.695313 0.324951 -0.013316 0.121971 -0.057257
-0.101563 0.714966 0.347778 -0.085220 0.173369 -0.001598
-0.088013 0.732788 0.373535 -0.131824 0.185885 0.061518
-0.078003 0.766968 0.387451 -0.149667 0.161119 0.111052
-0.055176 0.777710 0.410889 -0.147803 0.109987 0.141944
-0.041138 0.796753 0.429565 -0.138482 0.055393 0.140346
-0.026611 0.807007 0.440063 -0.127031 0.013316 0.110519
-0.029663 0.821777 0.450562 -0.127297 0.002929 0.076698
-0.036011 0.839600 0.455688 -0.137949 0.009854 0.063116
-0.034058 0.841553 0.474365 -0.151798 0.022903 0.083356
-0.030029 0.843262 0.491577 -0.145672 0.030093 0.124634
-0.021362 0.844482 0.496216 -0.114514 0.029028 0.167244
-0.010620 0.844849 0.496582 -0.082557 0.016778 0.196005
-0.006470 0.854492 0.496826 -0.063382 -0.003728 0.203462
0.003540 0.868286 0.495361 -0.065246 -0.017044 0.188016
