-0.039429 0.524048 0.635742 0.022370 -0.048469 0.262317
0.021973 0.454346 0.642090 -0.164048 0.097470 0.229294
-0.001709 0.451538 0.689697 -0.262317 0.209587 0.168842
-0.020142 0.453735 0.705444 -0.259920 0.206391 0.129161
-0.015137 0.449463 0.702393 -0.182157 0.124101 0.134221
0.002563 0.445313 0.666992 -0.049268 0.018375 0.157656
0.035522 0.429443 0.623901 0.084953 -0.066844 0.180293
0.073608 0.405396 0.568359 0.181092 -0.122237 0.177630
0.107666 0.360107 0.515503 0.222636 -0.149401 0.128096
0.135498 0.310059 0.456665 0.227164 -0.171505 0.026897
0.149780 0.254150 0.402832 0.199201 -0.191478 -0.109720
0.129272 0.237305 0.356934 0.165912 -0.194141 -0.247670
0.100830 0.248779 0.330322 0.141145 -0.205326 -0.323036
0.086792 0.238281 0.310791 0.145672 -0.272969 -0.292144
0.117676 0.227905 0.284546 0.186418 -0.411984 -0.177630
0.175537 0.218384 0.259155 0.237550 -0.573103 -0.023435
0.257324 0.224609 0.210083 0.263116 -0.710786 0.130493
0.351440 0.216675 0.159058 0.225832 -0.778162 0.242344
0.437500 0.208862 0.110229 0.095872 -0.765912 0.279095
0.513306 0.191162 0.084473 -0.129694 -0.692144 0.209854
0.531738 0.187378 0.058105 -0.434354 -0.591744 0.015446
0.500122 0.197266 0.098877 -0.800000 -0.464714 -0.277230
0.420044 0.227783 0.183594 -1.160320 -0.397071 -0.542210
0.320557 0.248535 0.317383 -1.416245 -0.490546 -0.672437
0.265381 0.234619 0.441772 -1.501731 -0.830626 -0.660453
0.261353 0.208862 0.534546 -1.407989 -1.386152 -0.564048
0.320679 0.175903 0.590332 -1.186152 -2.050865 -0.449268
0.440063 0.128418 0.605103 -0.956858 -2.680959 -0.393875
0.574219 0.095703 0.596069 -0.860985 -3.124367 -0.473768
0.650513 0.112305 0.600098 -0.978695 -3.263382 -0.675366
0.653931 0.144409 0.652344 -1.292410 -3.094807 -0.908655
0.572021 0.217651 0.758911 -1.668442 -2.717177 -1.096671
0.453613 0.283081 0.908936 -1.969108 -2.328895 -1.181891
0.354980 0.266479 1.076782 -2.053529 -2.080692 -1.138748
0.310181 0.280884 1.166748 -1.900932 -2.101997 -1.023702
0.328735 0.317261 1.184082 -1.665513 -2.294008 -0.886551
0.425781 0.330444 1.149658 -1.543009 -2.432490 -0.820240
0.470703 0.346924 1.138672 -1.678029 -2.294541 -0.927031
0.446899 0.375732 1.128540 -2.076698 -1.845539 -1.194674
0.322144 0.360840 1.234009 -2.610652 -1.139814 -1.546471
0.117432 0.275635 1.393066 -3.062317 -0.412783 -1.903862
-0.127563 0.188721 1.560913 -3.272437 0.101465 -2.170706
-0.374512 0.130005 1.745605 -3.202929 0.267377 -2.272703
-0.531006 0.061279 1.852783 -2.901997 0.046605 -2.157656
-0.597412 0.023560 1.918335 -2.480160 -0.442876 -1.847137
-0.576660 0.035400 1.910156 -2.053529 -0.995739 -1.412783
-0.510132 0.060059 1.881104 -1.726498 -1.367244 -0.951531
-0.436035 0.082886 1.863892 -1.542477 -1.413848 -0.557656
-0.374390 0.103882 1.861816 -1.494541 -1.148602 -0.287883
-0.358887 0.104980 1.885498 -1.524101 -0.652197 -0.162983
-0.419922 0.089233 1.932861 -1.527563 -0.079893 -0.154194
-0.520386 0.035034 1.978394 -1.411451 0.364048 -0.155792
-0.632324 -0.003784 2.004883 -1.170706 0.574967 -0.106791
-0.725220 -0.026611 2.013672 -0.841012 0.563249 0.024234
-0.768555 -0.042603 1.986084 -0.451398 0.405593 0.264980
-0.738770 -0.062622 1.923218 -0.050599 0.213848 0.596272
-0.665771 -0.073608 1.854980 0.271638 0.096937 0.959254
-0.552124 -0.088379 1.777466 0.478562 0.130759 1.305992
-0.446777 -0.095337 1.717041 0.594407 0.375499 1.585353
-0.373169 -0.091675 1.653442 0.633822 0.775766 1.765113
-0.348755 -0.102173 1.595703 0.649268 1.219174 1.862317
-0.363281 -0.113892 1.559814 0.718242 1.567244 1.940346
-0.343506 -0.142212 1.476685 0.848202 1.711052 2.029028
-0.330933 -0.160767 1.392090 1.004794 1.688682 2.131025
-0.293457 -0.138428 1.304688 1.177364 1.563515 2.259654
-0.219727 -0.075684 1.217407 1.325166 1.371238 2.466312
-0.091553 -0.022339 1.121704 1.419973 1.168309 2.770439
0.092651 0.032104 1.023438 1.452463 1.063915 3.063915
0.285522 0.077271 0.919434 1.389348 1.125433 3.235686
0.424561 0.123169 0.837036 1.220772 1.394940 3.236485
0.522095 0.153198 0.804199 0.979228 1.780559 3.109454
0.588013 0.170776 0.810059 0.718775 2.103862 2.944874
0.635864 0.200928 0.819458 0.489214 2.210652 2.784288
0.672119 0.244019 0.835571 0.337949 2.121704 2.650333
0.723511 0.276855 0.824219 0.299334 1.865246 2.522770
0.772339 0.308838 0.779663 0.345140 1.535819 2.343276
0.815796 0.328125 0.707642 0.390413 1.251664 2.099068
0.846680 0.381348 0.637573 0.340879 1.086285 1.814115
0.856934 0.397217 0.620239 0.185087 1.041545 1.558722
0.868774 0.417603 0.610840 -0.044740 1.030360 1.333156
0.858643 0.431152 0.653687 -0.294807 1.047936 1.132357
0.846802 0.418823 0.724365 -0.509987 1.018109 0.953662
0.811401 0.383911 0.832397 -0.646605 0.891079 0.771771
0.745605 0.355347 0.969116 -0.674834 0.609854 0.560053
0.689819 0.334961 1.089355 -0.597337 0.181358 0.331824
0.641235 0.340332 1.170532 -0.432490 -0.301198 0.117976
0.625000 0.360596 1.236084 -0.263382 -0.700932 -0.060186
0.630981 0.371094 1.308960 -0.164048 -0.914780 -0.203462
0.625610 0.376709 1.387695 -0.139015 -0.928629 -0.349134
0.582275 0.387207 1.490723 -0.121704 -0.750732 -0.465246
0.531006 0.397705 1.603882 -0.084953 -0.480160 -0.533422
0.477295 0.400391 1.720093 -0.033822 -0.184021 -0.574168
0.411987 0.390381 1.825806 0.040479 0.121172 -0.622104
0.322388 0.362061 1.932495 0.175766 0.396804 -0.677230
0.229492 0.330811 2.028198 0.402397 0.567244 -0.728895
0.143555 0.318848 2.079956 0.758722 0.593342 -0.737150
0.102417 0.312134 2.063599 1.231158 0.507324 -0.668442
0.100952 0.306763 2.007690 1.742210 0.415446 -0.553928
0.130615 0.316284 1.908325 2.202131 0.393609 -0.442876
0.162598 0.313599 1.793701 2.528096 0.472969 -0.361118
0.175293 0.308716 1.684570 2.713981 0.635952 -0.334754
0.162354 0.298218 1.585693 2.803196 0.828495 -0.367244
0.146851 0.287354 1.492554 2.869507 1.001332 -0.421838
0.144165 0.283569 1.401367 2.940080 1.120906 -0.467377
0.150757 0.277710 1.291748 3.004794 1.185619 -0.508655
0.147949 0.262207 1.192749 3.063648 1.210120 -0.578695
0.135132 0.246826 1.083496 3.128895 1.196538 -0.689747
0.111206 0.234863 0.970215 3.194674 1.146205 -0.834354
0.084595 0.208618 0.848877 3.245007 1.070306 -0.993875
0.036621 0.196777 0.723389 3.272969 0.986418 -1.153395
-0.017334 0.189819 0.614014 3.263116 0.923835 -1.274035
-0.084839 0.173706 0.510010 3.234621 0.859387 -1.339281
-0.149414 0.169556 0.402710 3.204794 0.753129 -1.359787
-0.208496 0.166992 0.305542 3.169907 0.615979 -1.359787
-0.252686 0.167725 0.208130 3.124101 0.446338 -1.349134
-0.291382 0.181641 0.115479 3.047137 0.252996 -1.323302
-0.327881 0.220825 0.025391 2.884953 0.092943 -1.268176
-0.352661 0.261841 -0.047974 2.605859 0.008522 -1.157656
-0.367310 0.278931 -0.087524 2.236218 0.017577 -0.984554
-0.366211 0.271973 -0.114502 1.808522 0.096405 -0.776032
-0.366577 0.262573 -0.101685 1.356591 0.241545 -0.569108
-0.379761 0.243164 -0.067017 0.920905 0.425033 -0.388016
-0.410889 0.225342 0.002075 0.548602 0.574967 -0.237284
-0.435791 0.219116 0.100098 0.287084 0.614381 -0.111851
-0.439819 0.221191 0.177612 0.161917 0.516112 -0.023435
-0.429810 0.220581 0.252197 0.184820 0.308655 0.005859
-0.422363 0.242798 0.283936 0.332623 0.030626 -0.019174
-0.417480 0.292480 0.298706 0.529960 -0.263116 -0.061252
-0.395874 0.334717 0.270752 0.711052 -0.527297 -0.059121
-0.365723 0.396851 0.251953 0.809854 -0.706258 0.001065
-0.326538 0.469116 0.235474 0.814647 -0.786418 0.121438
-0.272217 0.525146 0.218994 0.737683 -0.752597 0.277763
-0.212402 0.577515 0.199097 0.595739 -0.602397 0.416245
-0.166504 0.618774 0.187012 0.395473 -0.354993 0.496405
-0.158936 0.668091 0.204102 0.156858 -0.068708 0.494807
-0.165283 0.698975 0.242798 -0.071904 0.162450 0.436751
-0.174072 0.722412 0.285400 -0.247670 0.291611 0.364048
-0.188599 0.739624 0.333984 -0.354727 0.319308 0.290280
-0.195190 0.748291 0.382080 -0.377364 0.251132 0.221838
-0.202148 0.759155 0.414429 -0.326498 0.107856 0.165912
-0.193359 0.766846 0.435425 -0.231158 -0.063382 0.125965
-0.177490 0.777710 0.421143 -0.137150 -0.200000 0.092144
-0.169556 0.794067 0.417236 -0.102796 -0.236485 0.056458
-0.170288 0.801025 0.416382 -0.131824 -0.180559 0.025832
-0.178833 0.806274 0.436401 -0.197071 -0.087350 0.011984
-0.192139 0.805176 0.460693 -0.263648 -0.003196 0.023169
-0.209106 0.804077 0.484985 -0.309987 0.054328 0.041012
-0.222778 0.798584 0.512085 -0.329694 0.068176 0.055659
-0.228394 0.797729 0.527954 -0.313981 0.033289 0.069507
-0.234009 0.795532 0.537598 -0.272969 -0.026099 0.081491
