0.519775 0.895264 -0.036377 0.038615 -0.265779 0.029028
0.534668 0.849487 -0.071655 0.054061 -0.304660 0.055925
0.512817 0.882080 -0.103394 0.058855 -0.222903 0.055925
0.509766 0.866211 -0.109131 0.011185 -0.117976 0.065779
0.511597 0.829834 -0.118896 -0.064181 -0.037017 0.073502
0.497070 0.807495 -0.094849 -0.128628 0.019174 0.062317
0.485107 0.796387 -0.096436 -0.131025 0.013848 0.043409
0.477905 0.787598 -0.097778 -0.073236 -0.017044 0.010919
0.477661 0.785400 -0.119873 -0.002929 -0.045007 -0.024501
0.471313 0.776733 -0.140625 0.047137 -0.054328 -0.050599
0.463623 0.764160 -0.162476 0.078029 -0.054061 -0.064714
0.446655 0.754639 -0.182251 0.092144 -0.046871 -0.059121
0.433472 0.745605 -0.203735 0.100133 -0.043675 -0.019973
0.424438 0.734985 -0.232544 0.099601 -0.060186 0.041811
0.418213 0.728149 -0.244629 0.081491 -0.081491 0.112916
0.413696 0.700073 -0.274902 0.049001 -0.108123 0.181358
0.408813 0.676147 -0.280273 0.009854 -0.122503 0.245806
0.400635 0.628784 -0.281250 -0.029028 -0.142210 0.317710
0.395996 0.574463 -0.284180 -0.059387 -0.176298 0.400533
0.394287 0.513062 -0.286133 -0.067643 -0.225033 0.481491
0.392578 0.455322 -0.280884 -0.059654 -0.288415 0.536618
0.395020 0.412476 -0.296387 -0.048202 -0.373635 0.532623
0.388062 0.372681 -0.319336 -0.059654 -0.460985 0.453262
0.355591 0.341797 -0.343262 -0.115047 -0.539015 0.320639
0.295288 0.309692 -0.342651 -0.201065 -0.612250 0.183489
0.232178 0.277588 -0.358643 -0.278828 -0.752597 0.105726
0.189331 0.246094 -0.360718 -0.319041 -0.953395 0.107590
0.160645 0.238403 -0.381348 -0.343009 -1.187483 0.189614
0.130859 0.259888 -0.404663 -0.385885 -1.374700 0.329161
0.137207 0.255615 -0.418579 -0.458855 -1.468975 0.518775
0.169189 0.246582 -0.442627 -0.542743 -1.449268 0.728629
0.204102 0.244629 -0.459106 -0.648469 -1.300133 0.923036
0.241821 0.227417 -0.468262 -0.797603 -1.048469 1.087350
0.280396 0.219360 -0.461548 -0.998935 -0.734754 1.213316
0.302856 0.206055 -0.433105 -1.249534 -0.397337 1.310253
0.299805 0.204712 -0.389282 -1.533422 -0.103595 1.388282
0.279541 0.238159 -0.346436 -1.821039 0.112383 1.446604
0.257202 0.265259 -0.276123 -2.098003 0.249001 1.511052
0.244751 0.299561 -0.225586 -2.343276 0.278029 1.603196
0.246460 0.350952 -0.161499 -2.524900 0.233023 1.743542
0.263794 0.393677 -0.116211 -2.618109 0.125699 1.965379
0.325562 0.415649 -0.060425 -2.619707 0.001332 2.258056
0.424805 0.449097 -0.019043 -2.571238 -0.115846 2.586418
0.559814 0.471191 -0.005615 -2.533422 -0.180826 2.881758
0.716187 0.515503 0.000000 -2.535020 -0.129427 3.079095
0.877563 0.603394 -0.005981 -2.610652 0.066312 3.159521
1.027100 0.688232 0.029663 -2.784021 0.399201 3.124367
1.158691 0.767456 0.129883 -3.038882 0.745140 3.004794
1.266235 0.750000 0.345337 -3.340612 0.932889 2.807190
1.335815 0.761108 0.574707 -3.615979 0.750200 2.541411
1.420288 0.792603 0.777588 -3.735819 0.275100 2.235153
1.524658 0.802246 0.936768 -3.639947 -0.329694 1.891079
1.624756 0.797729 1.015259 -3.320639 -0.866045 1.563515
1.697632 0.818604 1.051392 -2.863648 -1.192810 1.272170
1.722778 0.856689 1.041016 -2.399201 -1.231957 1.034088
1.714478 0.901367 1.021362 -2.031425 -1.015712 0.839680
1.652832 0.915527 1.041992 -1.807190 -0.615712 0.662850
1.573853 0.926514 1.071533 -1.733156 -0.185885 0.484953
1.497437 0.878418 1.135742 -1.753662 0.203196 0.307856
1.395752 0.807007 1.238037 -1.774168 0.494274 0.126232
1.279663 0.723267 1.354858 -1.714514 0.636751 -0.020240
1.160034 0.645264 1.465576 -1.503329 0.597337 -0.101198
1.058350 0.584351 1.529663 -1.105992 0.383222 -0.110786
0.991089 0.544800 1.544678 -0.560852 0.116112 -0.079095
0.935181 0.562866 1.498413 0.030360 -0.098269 -0.047936
0.886841 0.592041 1.417114 0.556059 -0.176032 -0.020506
0.859985 0.591797 1.342529 0.968842 -0.076431 0.005326
0.837769 0.566895 1.268921 1.265246 0.158722 0.028495
0.811035 0.541504 1.203491 1.471105 0.468176 0.064714
0.793457 0.498047 1.160889 1.633555 0.792810 0.124368
0.780029 0.439453 1.130859 1.778695 1.088149 0.213582
0.782104 0.420654 1.070068 1.923569 1.304660 0.308389
0.791870 0.454468 0.990845 2.063116 1.499068 0.404261
0.814209 0.463257 0.921387 2.223169 1.742210 0.500399
0.826294 0.448242 0.851440 2.361385 2.002929 0.549401
0.813599 0.433472 0.791626 2.450333 2.240746 0.548336
0.787476 0.403564 0.740723 2.520373 2.434088 0.525433
0.774292 0.371094 0.673218 2.580826 2.570173 0.497736
0.782837 0.358887 0.579956 2.663915 2.680426 0.512916
0.812134 0.343872 0.466797 2.781358 2.785619 0.609854
0.845825 0.331177 0.359009 2.899867 2.877763 0.750732
0.886841 0.315552 0.245850 2.967244 2.935553 0.891877
0.924438 0.318115 0.129028 2.957390 2.960053 1.010386
0.938354 0.320801 0.064331 2.875899 2.954194 1.088948
0.946045 0.302490 0.010986 2.743009 2.871904 1.130226
0.948120 0.288574 -0.034668 2.589880 2.685486 1.136085
0.965210 0.272461 -0.084473 2.426631 2.410120 1.124101
1.002686 0.268555 -0.141479 2.268975 2.065779 1.123835
1.051758 0.274902 -0.206665 2.159254 1.710253 1.173901
1.099487 0.289551 -0.281372 2.058589 1.402929 1.228495
1.142212 0.317383 -0.350708 1.908655 1.193076 1.232756
1.164673 0.342041 -0.382568 1.669507 1.122503 1.184021
1.161987 0.359863 -0.368896 1.343542 1.164314 1.093475
1.150635 0.380493 -0.321899 1.002131 1.227696 0.988016
1.134644 0.394897 -0.244507 0.727031 1.242077 0.887883
1.134277 0.404297 -0.158203 0.551798 1.144341 0.810386
1.154663 0.413940 -0.081421 0.463648 0.939547 0.762716
1.203979 0.422241 0.000732 0.426365 0.662051 0.740613
1.265869 0.444702 0.063232 0.398668 0.365379 0.723302
1.335815 0.476685 0.120972 0.362983 0.099334 0.699601
1.400269 0.528564 0.164063 0.340346 -0.089481 0.651398
1.444092 0.606689 0.204224 0.319308 -0.193076 0.563782
1.489624 0.654785 0.242554 0.280160 -0.225566 0.429561
1.513672 0.692627 0.283203 0.239414 -0.209055 0.241545
1.532227 0.726685 0.306641 0.232756 -0.191478 0.043409
1.566040 0.738403 0.306274 0.264181 -0.210120 -0.133422
1.590210 0.748413 0.302979 0.288149 -0.270573 -0.285486
1.617188 0.753784 0.295654 0.298269 -0.366445 -0.425033
1.643677 0.757202 0.294800 0.303063 -0.486285 -0.566977
1.652344 0.750000 0.302490 0.301198 -0.621571 -0.733688
1.645020 0.734009 0.305664 0.295872 -0.775766 -0.947270
1.623047 0.712036 0.305176 0.298269 -0.952330 -1.185087
1.596069 0.680542 0.306641 0.317976 -1.147537 -1.424234
1.564697 0.656372 0.292480 0.363782 -1.353395 -1.633289
1.537720 0.624634 0.256592 0.420772 -1.547803 -1.817843
1.503418 0.615479 0.209229 0.450333 -1.684421 -1.980027
1.457397 0.622070 0.169312 0.419973 -1.767244 -2.122503
1.406006 0.614136 0.139038 0.330493 -1.797870 -2.258589
1.333008 0.614136 0.126343 0.198935 -1.794940 -2.412517
1.252686 0.608521 0.140747 0.029827 -1.776298 -2.584288
1.158813 0.589600 0.170898 -0.154727 -1.782956 -2.750732
1.077148 0.561279 0.201416 -0.317710 -1.804261 -2.910786
1.001343 0.527832 0.224854 -0.426631 -1.823435 -3.037017
0.916870 0.505127 0.244019 -0.488948 -1.822636 -3.117177
0.811523 0.492798 0.263306 -0.545939 -1.797071 -3.169907
0.712646 0.463501 0.291626 -0.623702 -1.759254 -3.213049
0.608398 0.426025 0.336304 -0.698003 -1.733955 -3.233555
0.492676 0.379883 0.390137 -0.741944 -1.732890 -3.237550
0.384155 0.319092 0.448975 -0.738748 -1.773901 -3.225300
0.258179 0.272217 0.495972 -0.709987 -1.859654 -3.191744
0.145630 0.241577 0.541748 -0.646605 -1.989081 -3.112650
0.041260 0.230957 0.573364 -0.535819 -2.128895 -2.968043
-0.042847 0.231812 0.578979 -0.388815 -2.228229 -2.760319
-0.100098 0.237915 0.577026 -0.227696 -2.260719 -2.492410
-0.116577 0.258179 0.559814 -0.076165 -2.204527 -2.173103
-0.119873 0.295532 0.512817 0.061784 -2.012517 -1.800266
-0.098511 0.324097 0.469604 0.165912 -1.694008 -1.403728
-0.068115 0.348633 0.424438 0.220240 -1.305992 -1.014647
-0.037354 0.372559 0.399048 0.221039 -0.906791 -0.686019
-0.002686 0.397095 0.373779 0.198136 -0.557656 -0.458855
0.018921 0.437500 0.354736 0.171238 -0.273768 -0.349134
0.031006 0.484253 0.333740 0.168575 -0.066578 -0.318242
0.038330 0.508179 0.298340 0.215712 0.063116 -0.322503
0.040161 0.535400 0.263306 0.298003 0.117976 -0.340613
0.036621 0.560547 0.212158 0.389081 0.093209 -0.342743
0.036377 0.594849 0.161743 0.471372 0.019973 -0.310786
0.047119 0.635986 0.118896 0.525699 -0.070040 -0.246072
0.065918 0.670410 0.079346 0.543009 -0.141944 -0.163249
0.086426 0.721191 0.043335 0.513715 -0.182956 -0.080426
0.110229 0.751953 0.028320 0.452730 -0.161917 -0.003196
