0.402832 0.811523 0.071289 0.213049 -0.103595 0.318242
0.472656 0.744751 0.036865 0.157124 -0.047403 0.344873
0.455933 0.744873 0.067139 0.178695 0.074834 0.301731
0.454590 0.738525 0.058228 0.214115 0.138482 0.251398
0.449707 0.729370 0.026855 0.234354 0.162983 0.219707
0.441040 0.722900 0.032715 0.227164 0.178162 0.193609
0.435425 0.709106 0.020508 0.207989 0.151265 0.175233
0.431763 0.705933 -0.000488 0.181625 0.117710 0.157656
0.429565 0.688721 -0.005737 0.145939 0.087883 0.137683
0.436035 0.666260 -0.033569 0.107057 0.045007 0.121971
0.440430 0.641968 -0.060303 0.056192 0.024234 0.111585
0.441528 0.609497 -0.069336 -0.021039 0.027696 0.109188
0.441040 0.574707 -0.099487 -0.116378 0.031957 0.111318
0.435181 0.526367 -0.112549 -0.219707 0.066312 0.110786
0.423340 0.460205 -0.116821 -0.320107 0.105193 0.107856
0.402222 0.395386 -0.127686 -0.411185 0.123302 0.105992
0.374634 0.334717 -0.140259 -0.496405 0.111585 0.120107
0.337524 0.292358 -0.168213 -0.580027 0.056458 0.152064
0.305542 0.265381 -0.185059 -0.667643 -0.030626 0.207190
0.280151 0.260742 -0.212402 -0.752863 -0.159787 0.299601
0.251953 0.285400 -0.237427 -0.820240 -0.314514 0.450333
0.250244 0.297852 -0.262207 -0.878562 -0.482290 0.667643
0.282837 0.294434 -0.281372 -0.942210 -0.651132 0.927031
0.330688 0.282471 -0.297974 -1.018109 -0.788815 1.174434
0.391724 0.272461 -0.302368 -1.106525 -0.889214 1.357390
0.449097 0.247925 -0.308594 -1.210386 -0.966711 1.438083
0.512573 0.224243 -0.318604 -1.338748 -1.012250 1.395206
0.562500 0.193726 -0.301880 -1.529694 -0.986684 1.267643
0.587280 0.179199 -0.295654 -1.815180 -0.900133 1.089481
0.571167 0.208008 -0.256470 -2.163515 -0.763249 0.946471
0.566162 0.249756 -0.204956 -2.504394 -0.642610 0.935553
0.572998 0.277100 -0.156860 -2.803995 -0.537949 1.042343
0.587646 0.319824 -0.072632 -3.058056 -0.452463 1.202130
0.605225 0.352417 0.003174 -3.270839 -0.421305 1.354461
0.645142 0.349487 0.094238 -3.441278 -0.450599 1.443941
0.698364 0.340820 0.207642 -3.564580 -0.578695 1.415712
0.757446 0.340820 0.337891 -3.683622 -0.824767 1.261252
0.814209 0.324707 0.471191 -3.810652 -1.169108 1.066578
0.878906 0.345825 0.590088 -3.901198 -1.552863 0.940879
0.935303 0.420532 0.715332 -3.907324 -1.885486 0.964048
1.024414 0.500977 0.780518 -3.846605 -2.074567 1.107324
1.205688 0.569702 0.761230 -3.721438 -1.954461 1.290546
1.280884 0.719360 0.847168 -3.598136 -1.449268 1.422637
1.364624 0.829712 0.958130 -3.725433 -0.734221 1.315047
1.442139 0.813354 1.134277 -4.075633 0.062051 1.013049
1.429077 0.758667 1.353149 -4.438083 0.808522 0.577097
1.295166 0.694458 1.627686 -4.580559 1.371505 0.150200
1.126709 0.629028 1.867676 -4.325965 1.523569 -0.141678
0.967896 0.602661 2.015503 -3.669774 1.222104 -0.247403
0.870361 0.633789 2.017822 -2.720906 0.625832 -0.187750
0.847412 0.699341 1.895386 -1.723835 0.034621 -0.066312
0.869507 0.741943 1.725464 -0.976831 -0.294807 0.011718
0.858032 0.762817 1.585205 -0.612250 -0.304927 -0.013049
0.816895 0.747803 1.527222 -0.558189 -0.067111 -0.117976
0.733154 0.691406 1.536987 -0.651398 0.264714 -0.241545
0.633667 0.617554 1.592896 -0.710519 0.554993 -0.343276
0.529907 0.564209 1.622192 -0.623169 0.727031 -0.402397
0.422363 0.541016 1.659302 -0.409321 0.794940 -0.398935
0.356201 0.499390 1.671021 -0.113981 0.789880 -0.321438
0.318604 0.445557 1.682861 0.232490 0.748868 -0.188815
0.295776 0.403442 1.673706 0.613316 0.676165 -0.027696
0.299683 0.365112 1.633301 1.006924 0.598668 0.136884
0.328857 0.333008 1.564331 1.386684 0.566445 0.285752
0.370605 0.308960 1.465942 1.700666 0.619441 0.399734
0.419678 0.288818 1.349121 1.920107 0.794940 0.472703
0.430176 0.256104 1.265991 2.062850 1.108921 0.517976
0.420898 0.223511 1.174072 2.129427 1.460186 0.556059
0.402710 0.206543 1.098145 2.165380 1.808788 0.633822
0.394409 0.198364 1.002930 2.238882 2.108389 0.776831
0.412964 0.188232 0.901001 2.330759 2.342210 0.974434
0.471069 0.203247 0.771973 2.415446 2.511052 1.198136
0.538574 0.227051 0.654907 2.462317 2.650067 1.441278
0.604004 0.247925 0.550293 2.451398 2.741678 1.630892
0.670532 0.260498 0.443237 2.329960 2.769108 1.722770
0.725464 0.288940 0.352905 2.128895 2.741678 1.737949
0.758545 0.331909 0.287231 1.900399 2.662583 1.681491
0.788818 0.375244 0.211182 1.666844 2.521172 1.577896
0.806763 0.411255 0.154663 1.462849 2.339281 1.460453
0.828979 0.401245 0.114258 1.279361 2.137683 1.345672
0.838867 0.424072 0.084595 1.068975 1.931558 1.205859
0.847290 0.443115 0.076172 0.847936 1.760053 1.062051
0.855347 0.443970 0.092163 0.642610 1.613848 0.939814
0.876587 0.461182 0.121338 0.475632 1.476165 0.860453
0.903442 0.464844 0.156006 0.350732 1.333422 0.843142
0.942749 0.450806 0.208862 0.253529 1.176032 0.865513
0.989502 0.434204 0.287476 0.186418 1.000799 0.890546
1.037964 0.442505 0.364990 0.170706 0.783222 0.892943
1.082153 0.464966 0.440796 0.191744 0.538216 0.855925
1.121948 0.502441 0.494751 0.213848 0.295340 0.784554
1.173340 0.559326 0.540405 0.214647 0.101198 0.684154
1.228638 0.633179 0.576660 0.173635 0.019441 0.555260
1.291870 0.694946 0.613770 0.081225 0.070040 0.385619
1.335327 0.722534 0.661987 -0.049001 0.229028 0.178162
1.342407 0.753540 0.727051 -0.180027 0.429561 -0.057257
1.334595 0.771362 0.814087 -0.270040 0.586152 -0.260719
1.337524 0.779541 0.892334 -0.279627 0.627164 -0.413316
1.347656 0.792114 0.957153 -0.193609 0.556059 -0.544607
1.356079 0.807983 0.993286 -0.010120 0.407723 -0.670573
1.357178 0.839600 0.991089 0.259654 0.226365 -0.816511
1.337402 0.860352 0.967285 0.549401 0.073236 -1.024501
1.291138 0.873657 0.937866 0.779760 -0.033023 -1.294274
1.246826 0.862305 0.920898 0.894541 -0.092943 -1.590679
1.163696 0.833862 0.924438 0.906258 -0.118242 -1.887617
1.077393 0.779053 0.957397 0.871904 -0.137417 -2.163249
0.973145 0.711304 0.994263 0.871904 -0.165113 -2.395473
0.865601 0.643433 1.024658 0.944341 -0.201598 -2.571238
0.772949 0.581543 1.015991 1.076698 -0.254328 -2.693209
0.683594 0.536133 0.989746 1.232490 -0.281491 -2.783755
0.590698 0.504028 0.931396 1.369640 -0.260719 -2.845273
0.502808 0.470581 0.871094 1.459388 -0.188016 -2.872170
0.414063 0.443604 0.811768 1.501198 -0.080160 -2.858588
0.333130 0.435913 0.752441 1.517976 0.029294 -2.797071
0.260864 0.424805 0.681152 1.517443 0.133422 -2.692677
0.196045 0.418579 0.621460 1.487617 0.238083 -2.577630
0.134033 0.404175 0.575195 1.423968 0.326232 -2.478029
0.068604 0.373413 0.539551 1.346205 0.389348 -2.399734
-0.000610 0.343750 0.510254 1.273502 0.407989 -2.326232
-0.092407 0.316162 0.490723 1.230360 0.354993 -2.232490
-0.167725 0.288940 0.461304 1.235952 0.210919 -2.107324
-0.238892 0.272339 0.431519 1.290546 0.009055 -1.945939
-0.283447 0.263672 0.380493 1.362184 -0.239680 -1.754993
-0.315796 0.266968 0.323608 1.403462 -0.471638 -1.547004
-0.343384 0.289551 0.277466 1.389081 -0.652730 -1.324101
-0.344727 0.313477 0.233643 1.310786 -0.775766 -1.090546
-0.337524 0.346558 0.195557 1.182157 -0.818376 -0.855127
-0.313354 0.386230 0.171875 1.019174 -0.779228 -0.628495
-0.268555 0.416748 0.168213 0.821571 -0.670306 -0.433289
-0.214600 0.450073 0.186401 0.600266 -0.511052 -0.304660
-0.155518 0.490479 0.223999 0.387217 -0.329161 -0.257523
-0.109741 0.525269 0.249268 0.217044 -0.133955 -0.282823
-0.077393 0.548828 0.295166 0.092943 0.048469 -0.342210
-0.059082 0.560791 0.344727 0.007723 0.156591 -0.408256
-0.062622 0.565063 0.394409 -0.014381 0.169108 -0.463915
-0.072388 0.586182 0.442871 0.043941 0.071372 -0.475100
-0.062744 0.604858 0.462891 0.152863 -0.112916 -0.433822
-0.040039 0.623779 0.465332 0.274567 -0.317976 -0.380559
-0.018921 0.661133 0.452271 0.367776 -0.475632 -0.347803
-0.000977 0.682861 0.431763 0.411984 -0.539015 -0.319308
0.013916 0.723389 0.400513 0.408256 -0.506525 -0.298269
0.013550 0.751831 0.382446 0.358189 -0.384288 -0.271904
-0.000366 0.788086 0.364624 0.264181 -0.214913 -0.230892
-0.018677 0.801514 0.359863 0.160320 -0.040213 -0.160852
-0.034790 0.810303 0.356689 0.068442 0.092943 -0.072170
-0.049438 0.836914 0.360229 0.000000 0.169108 0.033023
-0.055054 0.859131 0.358032 -0.029827 0.190146 0.146471
-0.045044 0.863281 0.352905 -0.040213 0.167510 0.251132
-0.027222 0.876099 0.356812 -0.043675 0.111318 0.335286
0.012939 0.880249 0.353516 -0.049800 0.031957 0.394141
0.067505 0.885376 0.352417 -0.063915 -0.037816 0.400799
0.111450 0.890381 0.345581 -0.087350 -0.077230 0.328362
